,mdd_percent,ldd_percent,sharpe,cdd_percent,mdd_days,ldd_days,pnl_t,days_since_first_trade,drawdown_beta,drawup_beta,excess_mean_ret,excess_ret,cvar_5,success_rate,calmar
2006-01-02,0.0,0.0,0.0,0.0,0.0,0,0.0,0,0.0,0.0,0.0,0.0,-0.08949011446409989,0.04357212953876349,100.0
2006-01-03,0.0,0.0,0.0,0.0,0.0,0,0.0,0,0.0,0.0,0.0,4.0,-0.08949011446409989,0.04357212953876349,100.0
2006-01-04,0.0,0.0,0.0,0.0,0.0,0,0.0,0,0.0,0.0,0.0,1.0,-0.08949011446409989,0.04357212953876349,100.0
2006-01-05,0.0,0.0,0.0,0.0,0.0,0,0.0,0,0.0,0.0,0.0,0.0,-0.08949011446409989,0.04357212953876349,100.0
2006-01-06,0.0,0.0,0.0,0.0,0.0,0,0.0,0,0.0,0.0,0.0,-1.0,-0.08949011446409989,0.04357212953876349,100.0
2006-01-09,0.0,0.0,0.0,0.0,0.0,0,0.0,0,0.0,0.0,0.0,-5.5,-0.08949011446409989,0.04357212953876349,100.0
2006-01-10,0.0,0.0,0.0,0.0,0.0,0,0.0,0,0.0,0.0,0.0,-11.0,-0.08949011446409989,0.04357212953876349,100.0
2006-01-11,0.0,0.0,0.0,0.0,0.0,0,0.0,0,0.0,0.0,0.0,-8.0,-0.08949011446409989,0.04357212953876349,100.0
2006-01-12,0.0,0.0,0.0,0.0,0.0,0,0.0,0,0.0,0.0,0.0,-11.0,-0.08949011446409989,0.04357212953876349,100.0
2006-01-13,0.0,0.0,0.0,0.0,0.0,0,0.0,0,0.0,0.0,0.0,-14.5,-0.08949011446409989,0.04357212953876349,100.0
2006-01-16,0.0,0.0,0.0,0.0,0.0,0,0.0,0,0.0,0.0,0.0,-14.5,-0.08949011446409989,0.04357212953876349,100.0
2006-01-17,0.0,0.0,0.0,0.0,0.0,0,0.0,0,0.0,0.0,0.0,-16.5,-0.08949011446409989,0.04357212953876349,100.0
2006-01-18,0.0,0.0,0.0,0.0,0.0,0,0.0,0,0.0,0.0,0.0,-14.5,-0.08949011446409989,0.04357212953876349,100.0
2006-01-19,0.0,0.0,0.0,0.0,0.0,0,0.0,0,0.0,0.0,0.0,-12.5,-0.08949011446409989,0.04357212953876349,100.0
2006-01-20,0.0,0.0,0.0,0.0,0.0,0,0.0,0,0.0,0.0,0.0,-8.0,-0.08949011446409989,0.04357212953876349,100.0
2006-01-23,0.0,0.0,0.0,0.0,0.0,0,0.0,0,0.0,0.0,0.0,-8.5,-0.08949011446409989,0.04357212953876349,100.0
2006-01-24,0.0,0.0,0.0,0.0,0.0,0,0.0,0,0.0,0.0,0.0,-8.0,-0.08949011446409989,0.04357212953876349,100.0
2006-01-25,0.0,0.0,0.0,0.0,0.0,0,0.0,0,0.0,0.0,0.0,-9.0,-0.08949011446409989,0.04357212953876349,100.0
2006-01-26,0.0,0.0,0.0,0.0,0.0,0,0.0,0,0.0,0.0,0.0,-8.0,-0.08949011446409989,0.04357212953876349,100.0
2006-01-27,0.0,0.0,0.0,0.0,0.0,0,0.0,0,0.0,0.0,0.0,-10.0,-0.08949011446409989,0.04357212953876349,100.0
2006-01-30,0.0,0.0,0.0,0.0,0.0,0,0.0,0,0.0,0.0,0.0,-12.0,-0.08949011446409989,0.04357212953876349,100.0
2006-01-31,0.0,0.0,0.0,0.0,0.0,0,0.0,0,0.0,0.0,0.0,-4.5,-0.08949011446409989,0.04357212953876349,100.0
2006-02-01,0.0,0.0,0.0,0.0,0.0,0,0.0,0,0.0,0.0,0.0,-9.0,-0.08949011446409989,0.04357212953876349,100.0
2006-02-02,0.0,0.0,0.0,0.0,0.0,0,0.0,0,0.0,0.0,0.0,-3.5,-0.08949011446409989,0.04357212953876349,100.0
2006-02-03,0.0,0.0,0.0,0.0,0.0,0,0.0,0,0.0,0.0,0.0,-3.5,-0.08949011446409989,0.04357212953876349,100.0
2006-02-06,0.0,0.0,0.0,0.0,0.0,0,0.0,0,0.0,0.0,0.0,-3.5,-0.08949011446409989,0.04357212953876349,100.0
2006-02-07,0.0,0.0,0.0,0.0,0.0,0,0.0,0,0.0,0.0,0.0,-6.5,-0.08949011446409989,0.04357212953876349,100.0
2006-02-08,0.0,0.0,0.0,0.0,0.0,0,0.0,0,0.0,0.0,0.0,-7.5,-0.08949011446409989,0.04357212953876349,100.0
2006-02-09,0.0,0.0,0.0,0.0,0.0,0,0.0,0,0.0,0.0,0.0,-4.5,-0.08949011446409989,0.04357212953876349,100.0
2006-02-10,0.0,0.0,0.0,0.0,0.0,0,0.0,0,0.0,0.0,0.0,-3.5,-0.08949011446409989,0.04357212953876349,100.0
2006-02-13,0.0,0.0,0.0,0.0,0.0,0,0.0,0,0.0,0.0,0.0,-8.5,-0.08949011446409989,0.04357212953876349,100.0
2006-02-14,0.0,0.0,0.0,0.0,0.0,0,0.0,0,0.0,0.0,0.0,-5.0,-0.08949011446409989,0.04357212953876349,100.0
2006-02-15,0.0,0.0,0.0,0.0,0.0,0,0.0,0,0.0,0.0,0.0,-8.5,-0.08949011446409989,0.04357212953876349,100.0
2006-02-16,0.0,0.0,0.0,0.0,0.0,0,0.0,0,0.0,0.0,0.0,-13.0,-0.08949011446409989,0.04357212953876349,100.0
2006-02-17,0.0,0.0,0.0,0.0,0.0,0,0.0,0,0.0,0.0,0.0,-12.5,-0.08949011446409989,0.04357212953876349,100.0
2006-02-20,0.0,0.0,0.0,0.0,0.0,0,0.0,0,0.0,0.0,0.0,-12.5,-0.08949011446409989,0.04357212953876349,100.0
2006-02-21,0.0,0.0,0.0,0.0,0.0,0,0.0,0,0.0,0.0,0.0,-9.0,-0.08949011446409989,0.04357212953876349,100.0
2006-02-22,0.0,0.0,0.0,0.0,0.0,0,0.0,0,0.0,0.0,0.0,-7.0,-0.08949011446409989,0.04357212953876349,100.0
2006-02-23,0.0,0.0,0.0,0.0,0.0,0,0.0,0,0.0,0.0,0.0,2.0,-0.08949011446409989,0.04357212953876349,100.0
2006-02-24,0.0,0.0,0.0,0.0,0.0,0,0.0,0,0.0,0.0,0.0,1.5,-0.08949011446409989,0.04357212953876349,100.0
2006-02-27,0.0,0.0,0.0,0.0,0.0,0,0.0,0,0.0,0.0,0.0,5.0,-0.08949011446409989,0.04357212953876349,100.0
2006-02-28,0.0,0.0,0.0,0.0,0.0,0,0.0,0,0.0,0.0,0.0,4.0,-0.08949011446409989,0.04357212953876349,100.0
2006-03-01,0.0,0.0,0.0,0.0,0.0,0,0.0,0,0.0,0.0,0.0,6.5,-0.08949011446409989,0.04357212953876349,100.0
2006-03-02,0.0,0.0,0.0,0.0,0.0,0,0.0,0,0.0,0.0,0.0,6.0,-0.08949011446409989,0.04357212953876349,100.0
2006-03-03,0.0,0.0,0.0,0.0,0.0,0,0.0,0,0.0,0.0,0.0,11.5,-0.08949011446409989,0.04357212953876349,100.0
2006-03-06,0.0,0.0,0.0,0.0,0.0,0,0.0,0,0.0,0.0,0.0,12.5,-0.08949011446409989,0.04357212953876349,100.0
2006-03-07,0.0,0.0,0.0,0.0,0.0,0,0.0,0,0.0,0.0,0.0,10.5,-0.08949011446409989,0.04357212953876349,100.0
2006-03-08,0.0,0.0,0.0,0.0,0.0,0,0.0,0,0.0,0.0,0.0,16.5,-0.08949011446409989,0.04357212953876349,100.0
2006-03-09,0.0,0.0,0.0,0.0,0.0,0,0.0,0,0.0,0.0,0.0,20.5,-0.08949011446409989,0.04357212953876349,100.0
2006-03-10,0.0,0.0,0.0,0.0,0.0,0,0.0,0,0.0,0.0,0.0,20.0,-0.08949011446409989,0.04357212953876349,100.0
2006-03-13,0.0,0.0,0.0,0.0,0.0,0,0.0,0,0.0,0.0,0.0,19.0,-0.08949011446409989,0.04357212953876349,100.0
2006-03-14,0.0,0.0,0.0,0.0,0.0,0,0.0,0,0.0,0.0,0.0,16.5,-0.08949011446409989,0.04357212953876349,100.0
2006-03-15,0.0,0.0,0.0,0.0,0.0,0,0.0,0,0.0,0.0,0.0,13.5,-0.08949011446409989,0.04357212953876349,100.0
2006-03-16,0.0,0.0,0.0,0.0,0.0,0,0.0,0,0.0,0.0,0.0,18.0,-0.08949011446409989,0.04357212953876349,100.0
2006-03-17,0.0,0.0,0.0,0.0,0.0,0,0.0,0,0.0,0.0,0.0,14.0,-0.08949011446409989,0.04357212953876349,100.0
2006-03-20,0.0,0.0,0.0,0.0,0.0,0,0.0,0,0.0,0.0,0.0,12.0,-0.08949011446409989,0.04357212953876349,100.0
2006-03-21,0.0,0.0,0.0,0.0,0.0,0,0.0,0,0.0,0.0,0.0,12.5,-0.08949011446409989,0.04357212953876349,100.0
2006-03-22,0.0,0.0,0.0,0.0,0.0,0,0.0,0,0.0,0.0,0.0,10.5,-0.08949011446409989,0.04357212953876349,100.0
2006-03-23,0.0,0.0,0.0,0.0,0.0,0,0.0,0,0.0,0.0,0.0,10.5,-0.08949011446409989,0.04357212953876349,100.0
2006-03-24,0.0,0.0,0.0,0.0,0.0,0,0.0,0,0.0,0.0,0.0,9.0,-0.08949011446409989,0.04357212953876349,100.0
2006-03-27,0.0,0.0,0.0,0.0,0.0,0,0.0,0,0.0,0.0,0.0,10.0,-0.08949011446409989,0.04357212953876349,100.0
2006-03-28,0.0,0.0,0.0,0.0,0.0,0,0.0,0,0.0,0.0,0.0,7.5,-0.08949011446409989,0.04357212953876349,100.0
2006-03-29,0.0,0.0,0.0,0.0,0.0,0,0.0,0,0.0,0.0,0.0,13.5,-0.08949011446409989,0.04357212953876349,100.0
2006-03-30,0.0,0.0,0.0,0.0,0.0,0,0.0,0,0.0,0.0,0.0,13.0,-0.08949011446409989,0.04357212953876349,100.0
2006-03-31,0.0,0.0,0.0,0.0,0.0,0,0.0,0,0.0,0.0,0.0,14.0,-0.08949011446409989,0.04357212953876349,100.0
2006-04-03,0.0,0.0,0.0,0.0,0.0,0,0.0,0,0.0,0.0,0.0,20.25,-0.08949011446409989,0.04357212953876349,100.0
2006-04-04,0.0,0.0,0.0,0.0,0.0,0,0.0,0,0.0,0.0,0.0,20.5,-0.08949011446409989,0.04357212953876349,100.0
2006-04-05,0.0,0.0,0.0,0.0,0.0,0,0.0,0,0.0,0.0,0.0,21.5,-0.08949011446409989,0.04357212953876349,100.0
2006-04-06,0.0,0.0,0.0,0.0,0.0,0,0.0,0,0.0,0.0,0.0,21.5,-0.08949011446409989,0.04357212953876349,100.0
2006-04-07,0.0,0.0,0.0,0.0,0.0,0,0.0,0,0.0,0.0,0.0,22.0,-0.08949011446409989,0.04357212953876349,100.0
2006-04-10,0.0,0.0,0.0,0.0,0.0,0,0.0,0,0.0,0.0,0.0,20.0,-0.08949011446409989,0.04357212953876349,100.0
2006-04-11,0.0,0.0,0.0,0.0,0.0,0,0.0,0,0.0,0.0,0.0,12.5,-0.08949011446409989,0.04357212953876349,100.0
2006-04-12,0.0,0.0,0.0,0.0,0.0,0,0.0,0,0.0,0.0,0.0,12.25,-0.08949011446409989,0.04357212953876349,100.0
2006-04-13,0.0,0.0,0.0,0.0,0.0,0,0.0,0,0.0,0.0,0.0,11.75,-0.08949011446409989,0.04357212953876349,100.0
2006-04-14,0.0,0.0,0.0,0.0,0.0,0,0.0,0,0.0,0.0,0.0,11.75,-0.08949011446409989,0.04357212953876349,100.0
2006-04-17,0.0,0.0,0.0,0.0,0.0,0,0.0,0,0.0,0.0,0.0,8.5,-0.08949011446409989,0.04357212953876349,100.0
2006-04-18,0.0,0.0,0.0,0.0,0.0,0,0.0,0,0.0,0.0,0.0,7.5,-0.08949011446409989,0.04357212953876349,100.0
2006-04-19,0.0,0.0,0.0,0.0,0.0,0,0.0,0,0.0,0.0,0.0,4.75,-0.08949011446409989,0.04357212953876349,100.0
2006-04-20,0.0,0.0,0.0,0.0,0.0,0,0.0,0,0.0,0.0,0.0,6.25,-0.08949011446409989,0.04357212953876349,100.0
2006-04-21,0.0,0.0,0.0,0.0,0.0,0,0.0,0,0.0,0.0,0.0,4.25,-0.08949011446409989,0.04357212953876349,100.0
2006-04-24,0.0,0.0,0.0,0.0,0.0,0,0.0,0,0.0,0.0,0.0,6.0,-0.08949011446409989,0.04357212953876349,100.0
2006-04-25,0.0,0.0,0.0,0.0,0.0,0,0.0,0,0.0,0.0,0.0,2.5,-0.08949011446409989,0.04357212953876349,100.0
2006-04-26,0.0,0.0,0.0,0.0,0.0,0,0.0,0,0.0,0.0,0.0,-4.0,-0.08949011446409989,0.04357212953876349,100.0
2006-04-27,0.0,0.0,0.0,0.0,0.0,0,0.0,0,0.0,0.0,0.0,-1.0,-0.08949011446409989,0.04357212953876349,100.0
2006-04-28,0.0,0.0,0.0,0.0,0.0,0,0.0,0,0.0,0.0,0.0,-1.5,-0.08949011446409989,0.04357212953876349,100.0
2006-05-01,0.0,0.0,0.0,0.0,0.0,0,0.0,0,0.0,0.0,0.0,7.5,-0.08949011446409989,0.04357212953876349,100.0
2006-05-02,0.0,0.0,0.0,0.0,0.0,0,0.0,0,0.0,0.0,0.0,9.5,-0.08949011446409989,0.04357212953876349,100.0
2006-05-03,0.0,0.0,0.0,0.0,0.0,0,0.0,0,0.0,0.0,0.0,7.0,-0.08949011446409989,0.04357212953876349,100.0
2006-05-04,0.0,0.0,0.0,0.0,0.0,0,0.0,0,0.0,0.0,0.0,9.5,-0.08949011446409989,0.04357212953876349,100.0
2006-05-05,0.0,0.0,0.0,0.0,0.0,0,0.0,0,0.0,0.0,0.0,8.25,-0.08949011446409989,0.04357212953876349,100.0
2006-05-08,0.0,0.0,0.0,0.0,0.0,0,0.0,0,0.0,0.0,0.0,8.25,-0.08949011446409989,0.04357212953876349,100.0
2006-05-09,0.0,0.0,0.0,0.0,0.0,0,0.0,0,0.0,0.0,0.0,7.75,-0.08949011446409989,0.04357212953876349,100.0
2006-05-10,0.0,0.0,0.0,0.0,0.0,0,0.0,0,0.0,0.0,0.0,7.5,-0.08949011446409989,0.04357212953876349,100.0
2006-05-11,0.0,0.0,0.0,0.0,0.0,0,0.0,0,0.0,0.0,0.0,5.5,-0.08949011446409989,0.04357212953876349,100.0
2006-05-12,0.0,0.0,0.0,0.0,0.0,0,0.0,0,0.0,0.0,0.0,10.5,-0.08949011446409989,0.04357212953876349,100.0
2006-05-15,0.0,0.0,0.0,0.0,0.0,0,0.0,0,0.0,0.0,0.0,4.5,-0.08949011446409989,0.04357212953876349,100.0
2006-05-16,0.0,0.0,0.0,0.0,0.0,0,0.0,0,0.0,0.0,0.0,5.5,-0.08949011446409989,0.04357212953876349,100.0
2006-05-17,0.0,0.0,0.0,0.0,0.0,0,0.0,0,0.0,0.0,0.0,8.0,-0.08949011446409989,0.04357212953876349,100.0
2006-05-18,0.0,0.0,0.0,0.0,0.0,0,0.0,0,0.0,0.0,0.0,14.25,-0.08949011446409989,0.04357212953876349,100.0
2006-05-19,0.0,0.0,0.0,0.0,0.0,0,0.0,0,0.0,0.0,0.0,10.0,-0.08949011446409989,0.04357212953876349,100.0
2006-05-22,0.0,0.0,0.0,0.0,0.0,0,0.0,0,0.0,0.0,0.0,15.5,-0.08949011446409989,0.04357212953876349,100.0
2006-05-23,0.0,0.0,0.0,0.0,0.0,0,0.0,0,0.0,0.0,0.0,31.25,-0.08949011446409989,0.04357212953876349,100.0
2006-05-24,0.0,0.0,0.0,0.0,0.0,0,0.0,0,0.0,0.0,0.0,23.75,-0.08949011446409989,0.04357212953876349,100.0
2006-05-25,0.0,0.0,0.0,0.0,0.0,0,0.0,0,0.0,0.0,0.0,19.75,-0.08949011446409989,0.04357212953876349,100.0
2006-05-26,0.0,0.0,0.0,0.0,0.0,0,0.0,0,0.0,0.0,0.0,18.25,-0.08949011446409989,0.04357212953876349,100.0
2006-05-29,0.0,0.0,0.0,0.0,0.0,0,0.0,0,0.0,0.0,0.0,18.25,-0.08949011446409989,0.04357212953876349,100.0
2006-05-30,0.0,0.0,0.0,0.0,0.0,0,0.0,0,0.0,0.0,0.0,27.25,-0.08949011446409989,0.04357212953876349,100.0
2006-05-31,0.0,0.0,0.0,0.0,0.0,0,0.0,0,0.0,0.0,0.0,22.5,-0.08949011446409989,0.04357212953876349,100.0
2006-06-01,0.0,0.0,0.0,0.0,0.0,0,0.0,0,0.0,0.0,0.0,16.25,-0.08949011446409989,0.04357212953876349,100.0
2006-06-02,0.0,0.0,0.0,0.0,0.0,0,0.0,0,0.0,0.0,0.0,14.5,-0.08949011446409989,0.04357212953876349,100.0
2006-06-05,0.0,0.0,0.0,0.0,0.0,0,0.0,0,0.0,0.0,0.0,17.5,-0.08949011446409989,0.04357212953876349,100.0
2006-06-06,0.0,0.0,0.0,0.0,0.0,0,0.0,0,0.0,0.0,0.0,8.0,-0.08949011446409989,0.04357212953876349,100.0
2006-06-07,0.0,0.0,0.0,0.0,0.0,0,0.0,0,0.0,0.0,0.0,12.25,-0.08949011446409989,0.04357212953876349,100.0
2006-06-08,0.0,0.0,0.0,0.0,0.0,0,0.0,0,0.0,0.0,0.0,6.5,-0.08949011446409989,0.04357212953876349,100.0
2006-06-09,0.0,0.0,0.0,0.0,0.0,0,0.0,0,0.0,0.0,0.0,12.5,-0.08949011446409989,0.04357212953876349,100.0
2006-06-12,0.0,0.0,0.0,0.0,0.0,0,0.0,0,0.0,0.0,0.0,17.5,-0.08949011446409989,0.04357212953876349,100.0
2006-06-13,0.0,0.0,0.0,0.0,0.0,0,0.0,0,0.0,0.0,0.0,22.25,-0.08949011446409989,0.04357212953876349,100.0
2006-06-14,0.0,0.0,0.0,0.0,0.0,0,0.0,0,0.0,0.0,0.0,11.75,-0.08949011446409989,0.04357212953876349,100.0
2006-06-15,0.0,0.0,0.0,0.0,0.0,0,0.0,0,0.0,0.0,0.0,11.0,-0.08949011446409989,0.04357212953876349,100.0
2006-06-16,0.0,0.0,0.0,0.0,0.0,0,0.0,0,0.0,0.0,0.0,17.25,-0.08949011446409989,0.04357212953876349,100.0
2006-06-19,0.0,0.0,0.0,0.0,0.0,0,0.0,0,0.0,0.0,0.0,23.75,-0.08949011446409989,0.04357212953876349,100.0
2006-06-20,0.0,0.0,0.0,0.0,0.0,0,0.0,0,0.0,0.0,0.0,25.75,-0.08949011446409989,0.04357212953876349,100.0
2006-06-21,0.0,0.0,0.0,0.0,0.0,0,0.0,0,0.0,0.0,0.0,32.0,-0.08949011446409989,0.04357212953876349,100.0
2006-06-22,0.0,0.0,0.0,0.0,0.0,0,0.0,0,0.0,0.0,0.0,33.25,-0.08949011446409989,0.04357212953876349,100.0
2006-06-23,0.0,0.0,0.0,0.0,0.0,0,0.0,0,0.0,0.0,0.0,36.75,-0.08949011446409989,0.04357212953876349,100.0
2006-06-26,0.0,0.0,0.0,0.0,0.0,0,0.0,0,0.0,0.0,0.0,36.5,-0.08949011446409989,0.04357212953876349,100.0
2006-06-27,0.0,0.0,0.0,0.0,0.0,0,0.0,0,0.0,0.0,0.0,41.0,-0.08949011446409989,0.04357212953876349,100.0
2006-06-28,0.0,0.0,0.0,0.0,0.0,0,0.0,0,0.0,0.0,0.0,38.75,-0.08949011446409989,0.04357212953876349,100.0
2006-06-29,0.0,0.0,0.0,0.0,0.0,0,0.0,0,0.0,0.0,0.0,36.25,-0.08949011446409989,0.04357212953876349,100.0
2006-06-30,0.0,0.0,0.0,0.0,0.0,0,0.0,0,0.0,0.0,0.0,36.5,-0.08949011446409989,0.04357212953876349,100.0
2006-07-03,0.0,0.0,0.0,0.0,0.0,0,0.0,0,0.0,0.0,0.0,36.5,-0.08949011446409989,0.04357212953876349,100.0
2006-07-04,0.0,0.0,0.0,0.0,0.0,0,0.0,0,0.0,0.0,0.0,36.5,-0.08949011446409989,0.04357212953876349,100.0
2006-07-05,0.0,0.0,0.0,0.0,0.0,0,0.0,0,0.0,0.0,0.0,39.0,-0.08949011446409989,0.04357212953876349,100.0
2006-07-06,0.0,0.0,0.0,0.0,0.0,0,0.0,0,0.0,0.0,0.0,38.75,-0.08949011446409989,0.04357212953876349,100.0
2006-07-07,0.0,0.0,0.0,0.0,0.0,0,0.0,0,0.0,0.0,0.0,36.0,-0.08949011446409989,0.04357212953876349,100.0
2006-07-10,0.0,0.0,0.0,0.0,0.0,0,0.0,0,0.0,0.0,0.0,34.25,-0.08949011446409989,0.04357212953876349,100.0
2006-07-11,0.0,0.0,0.0,0.0,0.0,0,0.0,0,0.0,0.0,0.0,34.5,-0.08949011446409989,0.04357212953876349,100.0
2006-07-12,0.0,0.0,0.0,0.0,0.0,0,0.0,0,0.0,0.0,0.0,38.0,-0.08949011446409989,0.04357212953876349,100.0
2006-07-13,0.0,0.0,0.0,0.0,0.0,0,0.0,0,0.0,0.0,0.0,43.5,-0.08949011446409989,0.04357212953876349,100.0
2006-07-14,0.0,0.0,0.0,0.0,0.0,0,0.0,0,0.0,0.0,0.0,41.5,-0.08949011446409989,0.04357212953876349,100.0
2006-07-17,0.0,0.0,0.0,0.0,0.0,0,0.0,0,0.0,0.0,0.0,41.0,-0.08949011446409989,0.04357212953876349,100.0
2006-07-18,0.0,0.0,0.0,0.0,0.0,0,0.0,0,0.0,0.0,0.0,29.0,-0.08949011446409989,0.04357212953876349,100.0
2006-07-19,0.0,0.0,0.0,0.0,0.0,0,0.0,0,0.0,0.0,0.0,34.5,-0.08949011446409989,0.04357212953876349,100.0
2006-07-20,0.0,0.0,0.0,0.0,0.0,0,0.0,0,0.0,0.0,0.0,41.5,-0.08949011446409989,0.04357212953876349,100.0
2006-07-21,0.0,0.0,0.0,0.0,0.0,0,0.0,0,0.0,0.0,0.0,41.0,-0.08949011446409989,0.04357212953876349,100.0
2006-07-24,0.0,0.0,0.0,0.0,0.0,0,0.0,0,0.0,0.0,0.0,41.5,-0.08949011446409989,0.04357212953876349,100.0
2006-07-25,0.0,0.0,0.0,0.0,0.0,0,0.0,0,0.0,0.0,0.0,43.0,-0.08949011446409989,0.04357212953876349,100.0
2006-07-26,0.0,0.0,0.0,0.0,0.0,0,0.0,0,0.0,0.0,0.0,48.75,-0.08949011446409989,0.04357212953876349,100.0
2006-07-27,0.0,0.0,0.0,0.0,0.0,0,0.0,0,0.0,0.0,0.0,47.25,-0.08949011446409989,0.04357212953876349,100.0
2006-07-28,0.0,0.0,0.0,0.0,0.0,0,0.0,0,0.0,0.0,0.0,44.0,-0.08949011446409989,0.04357212953876349,100.0
2006-07-31,0.0,0.0,0.0,0.0,0.0,0,0.0,0,0.0,0.0,0.0,44.25,-0.08949011446409989,0.04357212953876349,100.0
2006-08-01,0.0,0.0,0.0,0.0,0.0,0,0.0,0,0.0,0.0,0.0,39.75,-0.08949011446409989,0.04357212953876349,100.0
2006-08-02,0.0,0.0,0.0,0.0,0.0,0,0.0,0,0.0,0.0,0.0,38.5,-0.08949011446409989,0.04357212953876349,100.0
2006-08-03,0.0,0.0,0.0,0.0,0.0,0,0.0,0,0.0,0.0,0.0,45.25,-0.08949011446409989,0.04357212953876349,100.0
2006-08-04,0.0,0.0,0.0,0.0,0.0,0,0.0,0,0.0,0.0,0.0,42.25,-0.08949011446409989,0.04357212953876349,100.0
2006-08-07,0.0,0.0,0.0,0.0,0.0,0,0.0,0,0.0,0.0,0.0,40.0,-0.08949011446409989,0.04357212953876349,100.0
2006-08-08,0.0,0.0,0.0,0.0,0.0,0,0.0,0,0.0,0.0,0.0,37.75,-0.08949011446409989,0.04357212953876349,100.0
2006-08-09,0.0,0.0,0.0,0.0,0.0,0,0.0,0,0.0,0.0,0.0,40.25,-0.08949011446409989,0.04357212953876349,100.0
2006-08-10,0.0,0.0,0.0,0.0,0.0,0,0.0,0,0.0,0.0,0.0,36.0,-0.08949011446409989,0.04357212953876349,100.0
2006-08-11,0.0,0.0,0.0,0.0,0.0,0,0.0,0,0.0,0.0,0.0,33.0,-0.08949011446409989,0.04357212953876349,100.0
2006-08-14,0.0,0.0,0.0,0.0,0.0,0,0.0,0,0.0,0.0,0.0,35.5,-0.08949011446409989,0.04357212953876349,100.0
2006-08-15,0.0,0.0,0.0,0.0,0.0,0,0.0,0,0.0,0.0,0.0,37.0,-0.08949011446409989,0.04357212953876349,100.0
2006-08-16,0.0,0.0,0.0,0.0,0.0,0,0.0,0,0.0,0.0,0.0,32.75,-0.08949011446409989,0.04357212953876349,100.0
2006-08-17,0.0,0.0,0.0,0.0,0.0,0,0.0,0,0.0,0.0,0.0,29.75,-0.08949011446409989,0.04357212953876349,100.0
2006-08-18,0.0,0.0,0.0,0.0,0.0,0,0.0,0,0.0,0.0,0.0,29.75,-0.08949011446409989,0.04357212953876349,100.0
2006-08-21,0.0,0.0,0.0,0.0,0.0,0,0.0,0,0.0,0.0,0.0,32.0,-0.08949011446409989,0.04357212953876349,100.0
2006-08-22,0.0,0.0,0.0,0.0,0.0,0,0.0,0,0.0,0.0,0.0,32.5,-0.08949011446409989,0.04357212953876349,100.0
2006-08-23,0.0,0.0,0.0,0.0,0.0,0,0.0,0,0.0,0.0,0.0,28.75,-0.08949011446409989,0.04357212953876349,100.0
2006-08-24,0.0,0.0,0.0,0.0,0.0,0,0.0,0,0.0,0.0,0.0,26.5,-0.08949011446409989,0.04357212953876349,100.0
2006-08-25,0.0,0.0,0.0,0.0,0.0,0,0.0,0,0.0,0.0,0.0,29.75,-0.08949011446409989,0.04357212953876349,100.0
2006-08-28,0.0,0.0,0.0,0.0,0.0,0,0.0,0,0.0,0.0,0.0,29.75,-0.08949011446409989,0.04357212953876349,100.0
2006-08-29,0.0,0.0,0.0,0.0,0.0,0,0.0,0,0.0,0.0,0.0,25.5,-0.08949011446409989,0.04357212953876349,100.0
2006-08-30,0.0,0.0,0.0,0.0,0.0,0,0.0,0,0.0,0.0,0.0,27.25,-0.08949011446409989,0.04357212953876349,100.0
2006-08-31,0.0,0.0,0.0,0.0,0.0,0,0.0,0,0.0,0.0,0.0,31.5,-0.08949011446409989,0.04357212953876349,100.0
2006-09-01,0.0,0.0,0.0,0.0,0.0,0,0.0,0,0.0,0.0,0.0,33.25,-0.08949011446409989,0.04357212953876349,100.0
2006-09-04,0.0,0.0,0.0,0.0,0.0,0,0.0,0,0.0,0.0,0.0,33.25,-0.08949011446409989,0.04357212953876349,100.0
2006-09-05,0.0,0.0,0.0,0.0,0.0,0,0.0,0,0.0,0.0,0.0,31.75,-0.08949011446409989,0.04357212953876349,100.0
2006-09-06,0.0,0.0,0.0,0.0,0.0,0,0.0,0,0.0,0.0,0.0,31.5,-0.08949011446409989,0.04357212953876349,100.0
2006-09-07,0.0,0.0,0.0,0.0,0.0,0,0.0,0,0.0,0.0,0.0,37.25,-0.08949011446409989,0.04357212953876349,100.0
2006-09-08,0.0,0.0,0.0,0.0,0.0,0,0.0,0,0.0,0.0,0.0,40.5,-0.08949011446409989,0.04357212953876349,100.0
2006-09-11,0.0,0.0,0.0,0.0,0.0,0,0.0,0,0.0,0.0,0.0,40.25,-0.08949011446409989,0.04357212953876349,100.0
2006-09-12,0.0,0.0,0.0,0.0,0.0,0,0.0,0,0.0,0.0,0.0,41.25,-0.08949011446409989,0.04357212953876349,100.0
2006-09-13,0.0,0.0,0.0,0.0,0.0,0,0.0,0,0.0,0.0,0.0,36.5,-0.08949011446409989,0.04357212953876349,100.0
2006-09-14,0.0,0.0,0.0,0.0,0.0,0,0.0,0,0.0,0.0,0.0,36.5,-0.08949011446409989,0.04357212953876349,100.0
2006-09-15,0.0,0.0,0.0,0.0,0.0,0,0.0,0,0.0,0.0,0.0,40.0,-0.08949011446409989,0.04357212953876349,100.0
2006-09-18,0.0,0.0,0.0,0.0,0.0,0,0.0,0,0.0,0.0,0.0,38.5,-0.08949011446409989,0.04357212953876349,100.0
2006-09-19,0.0,0.0,0.0,0.0,0.0,0,0.0,0,0.0,0.0,0.0,35.75,-0.08949011446409989,0.04357212953876349,100.0
2006-09-20,0.0,0.0,0.0,0.0,0.0,0,0.0,0,0.0,0.0,0.0,35.5,-0.08949011446409989,0.04357212953876349,100.0
2006-09-21,0.0,0.0,0.0,0.0,0.0,0,0.0,0,0.0,0.0,0.0,34.5,-0.08949011446409989,0.04357212953876349,100.0
2006-09-22,0.0,0.0,0.0,0.0,0.0,0,0.0,0,0.0,0.0,0.0,35.25,-0.08949011446409989,0.04357212953876349,100.0
2006-09-25,0.0,0.0,0.0,0.0,0.0,0,0.0,0,0.0,0.0,0.0,38.0,-0.08949011446409989,0.04357212953876349,100.0
2006-09-26,0.0,0.0,0.0,0.0,0.0,0,0.0,0,0.0,0.0,0.0,37.75,-0.08949011446409989,0.04357212953876349,100.0
2006-09-27,0.0,0.0,0.0,0.0,0.0,0,0.0,0,0.0,0.0,0.0,34.0,-0.08949011446409989,0.04357212953876349,100.0
2006-09-28,0.0,0.0,0.0,0.0,0.0,0,0.0,0,0.0,0.0,0.0,34.0,-0.08949011446409989,0.04357212953876349,100.0
2006-09-29,0.0,0.0,0.0,0.0,0.0,0,0.0,0,0.0,0.0,0.0,38.5,-0.08949011446409989,0.04357212953876349,100.0
2006-10-02,0.0,0.0,0.0,0.0,0.0,0,0.0,0,0.0,0.0,0.0,38.5,-0.08949011446409989,0.04357212953876349,100.0
2006-10-03,0.0,0.0,0.0,0.0,0.0,0,0.0,0,0.0,0.0,0.0,40.0,-0.08949011446409989,0.04357212953876349,100.0
2006-10-04,0.0,0.0,0.0,0.0,0.0,0,0.0,0,0.0,0.0,0.0,33.0,-0.08949011446409989,0.04357212953876349,100.0
2006-10-05,0.0,0.0,0.0,0.0,0.0,0,0.0,0,0.0,0.0,0.0,33.5,-0.08949011446409989,0.04357212953876349,100.0
2006-10-06,0.0,0.0,0.0,0.0,0.0,0,0.0,0,0.0,0.0,0.0,33.25,-0.08949011446409989,0.04357212953876349,100.0
2006-10-09,0.0,0.0,0.0,0.0,0.0,0,0.0,0,0.0,0.0,0.0,33.25,-0.08949011446409989,0.04357212953876349,100.0
2006-10-10,0.0,0.0,0.0,0.0,0.0,0,0.0,0,0.0,0.0,0.0,28.75,-0.08949011446409989,0.04357212953876349,100.0
2006-10-11,0.0,0.0,0.0,0.0,0.0,0,0.0,0,0.0,0.0,0.0,28.0,-0.08949011446409989,0.04357212953876349,100.0
2006-10-12,0.0,0.0,0.0,0.0,0.0,0,0.0,0,0.0,0.0,0.0,27.5,-0.08949011446409989,0.04357212953876349,100.0
2006-10-13,0.0,0.0,0.0,0.0,0.0,0,0.0,0,0.0,0.0,0.0,26.75,-0.08949011446409989,0.04357212953876349,100.0
2006-10-16,0.0,0.0,0.0,0.0,0.0,0,0.0,0,0.0,0.0,0.0,29.0,-0.08949011446409989,0.04357212953876349,100.0
2006-10-17,0.0,0.0,0.0,0.0,0.0,0,0.0,0,0.0,0.0,0.0,34.5,-0.08949011446409989,0.04357212953876349,100.0
2006-10-18,0.0,0.0,0.0,0.0,0.0,0,0.0,0,0.0,0.0,0.0,32.25,-0.08949011446409989,0.04357212953876349,100.0
2006-10-19,0.0,0.0,0.0,0.0,0.0,0,0.0,0,0.0,0.0,0.0,28.75,-0.08949011446409989,0.04357212953876349,100.0
2006-10-20,0.0,0.0,0.0,0.0,0.0,0,0.0,0,0.0,0.0,0.0,27.25,-0.08949011446409989,0.04357212953876349,100.0
2006-10-23,0.0,0.0,0.0,0.0,0.0,0,0.0,0,0.0,0.0,0.0,27.25,-0.08949011446409989,0.04357212953876349,100.0
2006-10-24,0.0,0.0,0.0,0.0,0.0,0,0.0,0,0.0,0.0,0.0,27.25,-0.08949011446409989,0.04357212953876349,100.0
2006-10-25,0.0,0.0,0.0,0.0,0.0,0,0.0,0,0.0,0.0,0.0,27.25,-0.08949011446409989,0.04357212953876349,100.0
2006-10-26,0.0,0.0,0.0,0.0,0.0,0,0.0,0,0.0,0.0,0.0,27.25,-0.08949011446409989,0.04357212953876349,100.0
2006-10-27,0.0,0.0,0.0,0.0,0.0,0,0.0,0,0.0,0.0,0.0,27.25,-0.08949011446409989,0.04357212953876349,100.0
2006-10-30,0.0,0.0,0.0,0.0,0.0,0,0.0,0,0.0,0.0,0.0,26.5,-0.08949011446409989,0.04357212953876349,100.0
2006-10-31,0.0,0.0,0.0,0.0,0.0,0,0.0,0,0.0,0.0,0.0,27.25,-0.08949011446409989,0.04357212953876349,100.0
2006-11-01,0.0,0.0,0.0,0.0,0.0,0,0.0,0,0.0,0.0,0.0,22.25,-0.08949011446409989,0.04357212953876349,100.0
2006-11-02,0.0,0.0,0.0,0.0,0.0,0,0.0,0,0.0,0.0,0.0,20.25,-0.08949011446409989,0.04357212953876349,100.0
2006-11-03,0.0,0.0,0.0,0.0,0.0,0,0.0,0,0.0,0.0,0.0,15.75,-0.08949011446409989,0.04357212953876349,100.0
2006-11-06,0.0,0.0,0.0,0.0,0.0,0,0.0,0,0.0,0.0,0.0,20.25,-0.08949011446409989,0.04357212953876349,100.0
2006-11-07,0.0,0.0,0.0,0.0,0.0,0,0.0,0,0.0,0.0,0.0,20.75,-0.08949011446409989,0.04357212953876349,100.0
2006-11-08,0.0,0.0,0.0,0.0,0.0,0,0.0,0,0.0,0.0,0.0,25.25,-0.08949011446409989,0.04357212953876349,100.0
2006-11-09,0.0,0.0,0.0,0.0,0.0,0,0.0,0,0.0,0.0,0.0,24.5,-0.08949011446409989,0.04357212953876349,100.0
2006-11-10,0.0,0.0,0.0,0.0,0.0,0,0.0,0,0.0,0.0,0.0,22.25,-0.08949011446409989,0.04357212953876349,100.0
2006-11-13,0.0,0.0,0.0,0.0,0.0,0,0.0,0,0.0,0.0,0.0,18.5,-0.08949011446409989,0.04357212953876349,100.0
2006-11-14,0.0,0.0,0.0,0.0,0.0,0,0.0,0,0.0,0.0,0.0,14.25,-0.08949011446409989,0.04357212953876349,100.0
2006-11-15,0.0,0.0,0.0,0.0,0.0,0,0.0,0,0.0,0.0,0.0,19.75,-0.08949011446409989,0.04357212953876349,100.0
2006-11-16,0.0,0.0,0.0,0.0,0.0,0,0.0,0,0.0,0.0,0.0,21.5,-0.08949011446409989,0.04357212953876349,100.0
2006-11-17,0.0,0.0,0.0,0.0,0.0,0,0.0,0,0.0,0.0,0.0,17.75,-0.08949011446409989,0.04357212953876349,100.0
2006-11-20,0.0,0.0,0.0,0.0,0.0,0,0.0,0,0.0,0.0,0.0,13.25,-0.08949011446409989,0.04357212953876349,100.0
2006-11-21,0.0,0.0,0.0,0.0,0.0,0,0.0,0,0.0,0.0,0.0,10.25,-0.08949011446409989,0.04357212953876349,100.0
2006-11-22,0.0,0.0,0.0,0.0,0.0,0,0.0,0,0.0,0.0,0.0,9.75,-0.08949011446409989,0.04357212953876349,100.0
2006-11-23,0.0,0.0,0.0,0.0,0.0,0,0.0,0,0.0,0.0,0.0,9.75,-0.08949011446409989,0.04357212953876349,100.0
2006-11-24,0.0,0.0,0.0,0.0,0.0,0,0.0,0,0.0,0.0,0.0,9.75,-0.08949011446409989,0.04357212953876349,100.0
2006-11-27,0.0,0.0,0.0,0.0,0.0,0,0.0,0,0.0,0.0,0.0,10.5,-0.08949011446409989,0.04357212953876349,100.0
2006-11-28,0.0,0.0,0.0,0.0,0.0,0,0.0,0,0.0,0.0,0.0,10.25,-0.08949011446409989,0.04357212953876349,100.0
2006-11-29,0.0,0.0,0.0,0.0,0.0,0,0.0,0,0.0,0.0,0.0,9.75,-0.08949011446409989,0.04357212953876349,100.0
2006-11-30,0.0,0.0,0.0,0.0,0.0,0,0.0,0,0.0,0.0,0.0,18.0,-0.08949011446409989,0.04357212953876349,100.0
2006-12-01,0.0,0.0,0.0,0.0,0.0,0,0.0,0,0.0,0.0,0.0,11.5,-0.08949011446409989,0.04357212953876349,100.0
2006-12-04,0.0,0.0,0.0,0.0,0.0,0,0.0,0,0.0,0.0,0.0,14.0,-0.08949011446409989,0.04357212953876349,100.0
2006-12-05,0.0,0.0,0.0,0.0,0.0,0,0.0,0,0.0,0.0,0.0,12.75,-0.08949011446409989,0.04357212953876349,100.0
2006-12-06,0.0,0.0,0.0,0.0,0.0,0,0.0,0,0.0,0.0,0.0,9.5,-0.08949011446409989,0.04357212953876349,100.0
2006-12-07,0.0,0.0,0.0,0.0,0.0,0,0.0,0,0.0,0.0,0.0,14.5,-0.08949011446409989,0.04357212953876349,100.0
2006-12-08,0.0,0.0,0.0,0.0,0.0,0,0.0,0,0.0,0.0,0.0,19.5,-0.08949011446409989,0.04357212953876349,100.0
2006-12-11,0.0,0.0,0.0,0.0,0.0,0,0.0,0,0.0,0.0,0.0,22.0,-0.08949011446409989,0.04357212953876349,100.0
2006-12-12,0.0,0.0,0.0,0.0,0.0,0,0.0,0,0.0,0.0,0.0,19.5,-0.08949011446409989,0.04357212953876349,100.0
2006-12-13,0.0,0.0,0.0,0.0,0.0,0,0.0,0,0.0,0.0,0.0,14.5,-0.08949011446409989,0.04357212953876349,100.0
2006-12-14,0.0,0.0,0.0,0.0,0.0,0,0.0,0,0.0,0.0,0.0,16.25,-0.08949011446409989,0.04357212953876349,100.0
2006-12-15,0.0,0.0,0.0,0.0,0.0,0,0.0,0,0.0,0.0,0.0,17.5,-0.08949011446409989,0.04357212953876349,100.0
2006-12-18,0.0,0.0,0.0,0.0,0.0,0,0.0,0,0.0,0.0,0.0,15.25,-0.08949011446409989,0.04357212953876349,100.0
2006-12-19,0.0,0.0,0.0,0.0,0.0,0,0.0,0,0.0,0.0,0.0,18.5,-0.08949011446409989,0.04357212953876349,100.0
2006-12-20,0.0,0.0,0.0,0.0,0.0,0,0.0,0,0.0,0.0,0.0,24.75,-0.08949011446409989,0.04357212953876349,100.0
2006-12-21,0.0,0.0,0.0,0.0,0.0,0,0.0,0,0.0,0.0,0.0,26.25,-0.08949011446409989,0.04357212953876349,100.0
2006-12-22,0.0,0.0,0.0,0.0,0.0,0,0.0,0,0.0,0.0,0.0,31.25,-0.08949011446409989,0.04357212953876349,100.0
2006-12-25,0.0,0.0,0.0,0.0,0.0,0,0.0,0,0.0,0.0,0.0,31.25,-0.08949011446409989,0.04357212953876349,100.0
2006-12-26,0.0,0.0,0.0,0.0,0.0,0,0.0,0,0.0,0.0,0.0,27.75,-0.08949011446409989,0.04357212953876349,100.0
2006-12-27,0.0,0.0,0.0,0.0,0.0,0,0.0,0,0.0,0.0,0.0,28.0,-0.08949011446409989,0.04357212953876349,100.0
2006-12-28,0.0,0.0,0.0,0.0,0.0,0,0.0,0,0.0,0.0,0.0,31.5,-0.08949011446409989,0.04357212953876349,100.0
2006-12-29,0.0,0.0,0.0,0.0,0.0,0,0.0,0,0.0,0.0,0.0,31.5,-0.08949011446409989,0.04357212953876349,100.0
2007-01-01,0.0,0.0,0.0,0.0,0.0,0,0.0,0,0.0,0.0,0.0,31.5,-0.08949011446409989,0.04357212953876349,100.0
2007-01-02,0.0,0.0,0.0,0.0,0.0,0,0.0,0,0.0,0.0,0.0,31.5,-0.08949011446409989,0.04357212953876349,100.0
2007-01-03,0.0,0.0,0.0,0.0,0.0,0,0.0,0,0.0,0.0,0.0,20.25,-0.08949011446409989,0.04357212953876349,100.0
2007-01-04,0.0,0.0,0.0,0.0,0.0,0,0.0,0,0.0,0.0,0.0,17.75,-0.08949011446409989,0.04357212953876349,100.0
2007-01-05,0.0,0.0,0.0,0.0,0.0,0,0.0,0,0.0,0.0,0.0,16.75,-0.08949011446409989,0.04357212953876349,100.0
2007-01-08,0.0,0.0,0.0,0.0,0.0,0,0.0,0,0.0,0.0,0.0,20.0,-0.08949011446409989,0.04357212953876349,100.0
2007-01-09,0.0,0.0,0.0,0.0,0.0,0,0.0,0,0.0,0.0,0.0,22.75,-0.08949011446409989,0.04357212953876349,100.0
2007-01-10,0.0,0.0,0.0,0.0,0.0,0,0.0,0,0.0,0.0,0.0,20.25,-0.08949011446409989,0.04357212953876349,100.0
2007-01-11,0.0,0.0,0.0,0.0,0.0,0,0.0,0,0.0,0.0,0.0,18.5,-0.08949011446409989,0.04357212953876349,100.0
2007-01-12,0.0,0.0,0.0,0.0,0.0,0,0.0,0,0.0,0.0,0.0,17.0,-0.08949011446409989,0.04357212953876349,100.0
2007-01-15,0.0,0.0,0.0,0.0,0.0,0,0.0,0,0.0,0.0,0.0,17.0,-0.08949011446409989,0.04357212953876349,100.0
2007-01-16,0.0,0.0,0.0,0.0,0.0,0,0.0,0,0.0,0.0,0.0,15.0,-0.08949011446409989,0.04357212953876349,100.0
2007-01-17,0.0,0.0,0.0,0.0,0.0,0,0.0,0,0.0,0.0,0.0,16.75,-0.08949011446409989,0.04357212953876349,100.0
2007-01-18,0.0,0.0,0.0,0.0,0.0,0,0.0,0,0.0,0.0,0.0,19.75,-0.08949011446409989,0.04357212953876349,100.0
2007-01-19,0.0,0.0,0.0,0.0,0.0,0,0.0,0,0.0,0.0,0.0,19.75,-0.08949011446409989,0.04357212953876349,100.0
2007-01-22,0.0,0.0,0.0,0.0,0.0,0,0.0,0,0.0,0.0,0.0,20.5,-0.08949011446409989,0.04357212953876349,100.0
2007-01-23,0.0,0.0,0.0,0.0,0.0,0,0.0,0,0.0,0.0,0.0,22.5,-0.08949011446409989,0.04357212953876349,100.0
2007-01-24,0.0,0.0,0.0,0.0,0.0,0,0.0,0,0.0,0.0,0.0,20.25,-0.08949011446409989,0.04357212953876349,100.0
2007-01-25,0.0,0.0,0.0,0.0,0.0,0,0.0,0,0.0,0.0,0.0,19.5,-0.08949011446409989,0.04357212953876349,100.0
2007-01-26,0.0,0.0,0.0,0.0,0.0,0,0.0,0,0.0,0.0,0.0,24.25,-0.08949011446409989,0.04357212953876349,100.0
2007-01-29,0.0,0.0,0.0,0.0,0.0,0,0.0,0,0.0,0.0,0.0,23.0,-0.08949011446409989,0.04357212953876349,100.0
2007-01-30,0.0,0.0,0.0,0.0,0.0,0,0.0,0,0.0,0.0,0.0,20.75,-0.08949011446409989,0.04357212953876349,100.0
2007-01-31,0.0,0.0,0.0,0.0,0.0,0,0.0,0,0.0,0.0,0.0,23.25,-0.08949011446409989,0.04357212953876349,100.0
2007-02-01,0.0,0.0,0.0,0.0,0.0,0,0.0,0,0.0,0.0,0.0,26.25,-0.08949011446409989,0.04357212953876349,100.0
2007-02-02,0.0,0.0,0.0,0.0,0.0,0,0.0,0,0.0,0.0,0.0,24.25,-0.08949011446409989,0.04357212953876349,100.0
2007-02-05,0.0,0.0,0.0,0.0,0.0,0,0.0,0,0.0,0.0,0.0,26.25,-0.08949011446409989,0.04357212953876349,100.0
2007-02-06,0.0,0.0,0.0,0.0,0.0,0,0.0,0,0.0,0.0,0.0,26.75,-0.08949011446409989,0.04357212953876349,100.0
2007-02-07,0.0,0.0,0.0,0.0,0.0,0,0.0,0,0.0,0.0,0.0,22.25,-0.08949011446409989,0.04357212953876349,100.0
2007-02-08,0.0,0.0,0.0,0.0,0.0,0,0.0,0,0.0,0.0,0.0,21.75,-0.08949011446409989,0.04357212953876349,100.0
2007-02-09,0.0,0.0,0.0,0.0,0.0,0,0.0,0,0.0,0.0,0.0,26.25,-0.08949011446409989,0.04357212953876349,100.0
2007-02-12,0.0,0.0,0.0,0.0,0.0,0,0.0,0,0.0,0.0,0.0,26.25,-0.08949011446409989,0.04357212953876349,100.0
2007-02-13,0.0,0.0,0.0,0.0,0.0,0,0.0,0,0.0,0.0,0.0,23.0,-0.08949011446409989,0.04357212953876349,100.0
2007-02-14,0.0,0.0,0.0,0.0,0.0,0,0.0,0,0.0,0.0,0.0,23.0,-0.08949011446409989,0.04357212953876349,100.0
2007-02-15,0.0,0.0,0.0,0.0,0.0,0,0.0,0,0.0,0.0,0.0,21.0,-0.08949011446409989,0.04357212953876349,100.0
2007-02-16,0.0,0.0,0.0,0.0,0.0,0,0.0,0,0.0,0.0,0.0,22.5,-0.08949011446409989,0.04357212953876349,100.0
2007-02-19,0.0,0.0,0.0,0.0,0.0,0,0.0,0,0.0,0.0,0.0,22.5,-0.08949011446409989,0.04357212953876349,100.0
2007-02-20,0.0,0.0,0.0,0.0,0.0,0,0.0,0,0.0,0.0,0.0,24.0,-0.08949011446409989,0.04357212953876349,100.0
2007-02-21,0.0,0.0,0.0,0.0,0.0,0,0.0,0,0.0,0.0,0.0,21.25,-0.08949011446409989,0.04357212953876349,100.0
2007-02-22,0.0,0.0,0.0,0.0,0.0,0,0.0,0,0.0,0.0,0.0,15.5,-0.08949011446409989,0.04357212953876349,100.0
2007-02-23,0.0,0.0,0.0,0.0,0.0,0,0.0,0,0.0,0.0,0.0,18.75,-0.08949011446409989,0.04357212953876349,100.0
2007-02-26,0.0,0.0,0.0,0.0,0.0,0,0.0,0,0.0,0.0,0.0,11.5,-0.08949011446409989,0.04357212953876349,100.0
2007-02-27,0.0,0.0,0.0,0.0,0.0,0,0.0,0,0.0,0.0,0.0,22.5,-0.08949011446409989,0.04357212953876349,100.0
2007-02-28,0.0,0.0,0.0,0.0,0.0,0,0.0,0,0.0,0.0,0.0,30.75,-0.08949011446409989,0.04357212953876349,100.0
2007-03-01,0.0,0.0,0.0,0.0,0.0,0,0.0,0,0.0,0.0,0.0,30.75,-0.08949011446409989,0.04357212953876349,100.0
2007-03-02,0.0,0.0,0.0,0.0,0.0,0,0.0,0,0.0,0.0,0.0,38.25,-0.08949011446409989,0.04357212953876349,100.0
2007-03-05,0.0,0.0,0.0,0.0,0.0,0,0.0,0,0.0,0.0,0.0,50.25,-0.08949011446409989,0.04357212953876349,100.0
2007-03-06,0.0,0.0,0.0,0.0,0.0,0,0.0,0,0.0,0.0,0.0,51.75,-0.08949011446409989,0.04357212953876349,100.0
2007-03-07,0.0,0.0,0.0,0.0,0.0,0,0.0,0,0.0,0.0,0.0,56.75,-0.08949011446409989,0.04357212953876349,100.0
2007-03-08,0.0,0.0,0.0,0.0,0.0,0,0.0,0,0.0,0.0,0.0,59.75,-0.08949011446409989,0.04357212953876349,100.0
2007-03-09,0.0,0.0,0.0,0.0,0.0,0,0.0,0,0.0,0.0,0.0,58.25,-0.08949011446409989,0.04357212953876349,100.0
2007-03-12,0.0,0.0,0.0,0.0,0.0,0,0.0,0,0.0,0.0,0.0,59.0,-0.08949011446409989,0.04357212953876349,100.0
2007-03-13,0.0,0.0,0.0,0.0,0.0,0,0.0,0,0.0,0.0,0.0,69.0,-0.08949011446409989,0.04357212953876349,100.0
2007-03-14,0.0,0.0,0.0,0.0,0.0,0,0.0,0,0.0,0.0,0.0,67.5,-0.08949011446409989,0.04357212953876349,100.0
2007-03-15,0.0,0.0,0.0,0.0,0.0,0,0.0,0,0.0,0.0,0.0,66.75,-0.08949011446409989,0.04357212953876349,100.0
2007-03-16,0.0,0.0,0.0,0.0,0.0,0,0.0,0,0.0,0.0,0.0,66.0,-0.08949011446409989,0.04357212953876349,100.0
2007-03-19,0.0,0.0,0.0,0.0,0.0,0,0.0,0,0.0,0.0,0.0,62.0,-0.08949011446409989,0.04357212953876349,100.0
2007-03-20,0.0,0.0,0.0,0.0,0.0,0,0.0,0,0.0,0.0,0.0,62.25,-0.08949011446409989,0.04357212953876349,100.0
2007-03-21,0.0,0.0,0.0,0.0,0.0,0,0.0,0,0.0,0.0,0.0,50.25,-0.08949011446409989,0.04357212953876349,100.0
2007-03-22,0.0,0.0,0.0,0.0,0.0,0,0.0,0,0.0,0.0,0.0,48.0,-0.08949011446409989,0.04357212953876349,100.0
2007-03-23,0.0,0.0,0.0,0.0,0.0,0,0.0,0,0.0,0.0,0.0,51.75,-0.08949011446409989,0.04357212953876349,100.0
2007-03-26,0.0,0.0,0.0,0.0,0.0,0,0.0,0,0.0,0.0,0.0,46.5,-0.08949011446409989,0.04357212953876349,100.0
2007-03-27,0.0,0.0,0.0,0.0,0.0,0,0.0,0,0.0,0.0,0.0,50.0,-0.08949011446409989,0.04357212953876349,100.0
2007-03-28,0.0,0.0,0.0,0.0,0.0,0,0.0,0,0.0,0.0,0.0,58.25,-0.08949011446409989,0.04357212953876349,100.0
2007-03-29,0.0,0.0,0.0,0.0,0.0,0,0.0,0,0.0,0.0,0.0,51.25,-0.08949011446409989,0.04357212953876349,100.0
2007-03-30,0.0,0.0,0.0,0.0,0.0,0,0.0,0,0.0,0.0,0.0,52.5,-0.08949011446409989,0.04357212953876349,100.0
2007-04-02,0.0,0.0,0.0,0.0,0.0,0,0.0,0,0.0,0.0,0.0,52.75,-0.08949011446409989,0.04357212953876349,100.0
2007-04-03,0.0,0.0,0.0,0.0,0.0,0,0.0,0,0.0,0.0,0.0,54.75,-0.08949011446409989,0.04357212953876349,100.0
2007-04-04,0.0,0.0,0.0,0.0,0.0,0,0.0,0,0.0,0.0,0.0,54.0,-0.08949011446409989,0.04357212953876349,100.0
2007-04-05,0.0,0.0,0.0,0.0,0.0,0,0.0,0,0.0,0.0,0.0,52.0,-0.08949011446409989,0.04357212953876349,100.0
2007-04-06,0.0,0.0,0.0,0.0,0.0,0,0.0,0,0.0,0.0,0.0,52.0,-0.08949011446409989,0.04357212953876349,100.0
2007-04-09,0.0,0.0,0.0,0.0,0.0,0,0.0,0,0.0,0.0,0.0,56.5,-0.08949011446409989,0.04357212953876349,100.0
2007-04-10,0.0,0.0,0.0,0.0,0.0,0,0.0,0,0.0,0.0,0.0,53.5,-0.08949011446409989,0.04357212953876349,100.0
2007-04-11,0.0,0.0,0.0,0.0,0.0,0,0.0,0,0.0,0.0,0.0,53.5,-0.08949011446409989,0.04357212953876349,100.0
2007-04-12,0.0,0.0,0.0,0.0,0.0,0,0.0,0,0.0,0.0,0.0,51.5,-0.08949011446409989,0.04357212953876349,100.0
2007-04-13,0.0,0.0,0.0,0.0,0.0,0,0.0,0,0.0,0.0,0.0,52.75,-0.08949011446409989,0.04357212953876349,100.0
2007-04-16,0.0,0.0,0.0,0.0,0.0,0,0.0,0,0.0,0.0,0.0,51.75,-0.08949011446409989,0.04357212953876349,100.0
2007-04-17,0.0,0.0,0.0,0.0,0.0,0,0.0,0,0.0,0.0,0.0,50.25,-0.08949011446409989,0.04357212953876349,100.0
2007-04-18,0.0,0.0,0.0,0.0,0.0,0,0.0,0,0.0,0.0,0.0,57.25,-0.08949011446409989,0.04357212953876349,100.0
2007-04-19,0.0,0.0,0.0,0.0,0.0,0,0.0,0,0.0,0.0,0.0,58.25,-0.08949011446409989,0.04357212953876349,100.0
2007-04-20,0.0,0.0,0.0,0.0,0.0,0,0.0,0,0.0,0.0,0.0,55.5,-0.08949011446409989,0.04357212953876349,100.0
2007-04-23,0.0,0.0,0.0,0.0,0.0,0,0.0,0,0.0,0.0,0.0,57.5,-0.08949011446409989,0.04357212953876349,100.0
2007-04-24,0.0,0.0,0.0,0.0,0.0,0,0.0,0,0.0,0.0,0.0,59.5,-0.08949011446409989,0.04357212953876349,100.0
2007-04-25,0.0,0.0,0.0,0.0,0.0,0,0.0,0,0.0,0.0,0.0,57.5,-0.08949011446409989,0.04357212953876349,100.0
2007-04-26,0.0,0.0,0.0,0.0,0.0,0,0.0,0,0.0,0.0,0.0,61.5,-0.08949011446409989,0.04357212953876349,100.0
2007-04-27,0.0,0.0,0.0,0.0,0.0,0,0.0,0,0.0,0.0,0.0,61.0,-0.08949011446409989,0.04357212953876349,100.0
2007-04-30,0.0,0.0,0.0,0.0,0.0,0,0.0,0,0.0,0.0,0.0,67.5,-0.08949011446409989,0.04357212953876349,100.0
2007-05-01,0.0,0.0,0.0,0.0,0.0,0,0.0,0,0.0,0.0,0.0,66.5,-0.08949011446409989,0.04357212953876349,100.0
2007-05-02,0.0,0.0,0.0,0.0,0.0,0,0.0,0,0.0,0.0,0.0,67.0,-0.08949011446409989,0.04357212953876349,100.0
2007-05-03,0.0,0.0,0.0,0.0,0.0,0,0.0,0,0.0,0.0,0.0,68.75,-0.08949011446409989,0.04357212953876349,100.0
2007-05-04,0.0,0.0,0.0,0.0,0.0,0,0.0,0,0.0,0.0,0.0,69.25,-0.08949011446409989,0.04357212953876349,100.0
2007-05-07,0.0,0.0,0.0,0.0,0.0,0,0.0,0,0.0,0.0,0.0,70.5,-0.08949011446409989,0.04357212953876349,100.0
2007-05-08,0.0,0.0,0.0,0.0,0.0,0,0.0,0,0.0,0.0,0.0,69.5,-0.08949011446409989,0.04357212953876349,100.0
2007-05-09,0.0,0.0,0.0,0.0,0.0,0,0.0,0,0.0,0.0,0.0,69.5,-0.08949011446409989,0.04357212953876349,100.0
2007-05-10,0.0,0.0,0.0,0.0,0.0,0,0.0,0,0.0,0.0,0.0,74.0,-0.08949011446409989,0.04357212953876349,100.0
2007-05-11,0.0,0.0,0.0,0.0,0.0,0,0.0,0,0.0,0.0,0.0,71.75,-0.08949011446409989,0.04357212953876349,100.0
2007-05-14,0.0,0.0,0.0,0.0,0.0,0,0.0,0,0.0,0.0,0.0,69.25,-0.08949011446409989,0.04357212953876349,100.0
2007-05-15,0.0,0.0,0.0,0.0,0.0,0,0.0,0,0.0,0.0,0.0,74.0,-0.08949011446409989,0.04357212953876349,100.0
2007-05-16,0.0,0.0,0.0,0.0,0.0,0,0.0,0,0.0,0.0,0.0,67.75,-0.08949011446409989,0.04357212953876349,100.0
2007-05-17,0.0,0.0,0.0,0.0,0.0,0,0.0,0,0.0,0.0,0.0,72.25,-0.08949011446409989,0.04357212953876349,100.0
2007-05-18,0.0,0.0,0.0,0.0,0.0,0,0.0,0,0.0,0.0,0.0,69.0,-0.08949011446409989,0.04357212953876349,100.0
2007-05-21,0.0,0.0,0.0,0.0,0.0,0,0.0,0,0.0,0.0,0.0,65.0,-0.08949011446409989,0.04357212953876349,100.0
2007-05-22,0.0,0.0,0.0,0.0,0.0,0,0.0,0,0.0,0.0,0.0,65.0,-0.08949011446409989,0.04357212953876349,100.0
2007-05-23,0.0,0.0,0.0,0.0,0.0,0,0.0,0,0.0,0.0,0.0,71.75,-0.08949011446409989,0.04357212953876349,100.0
2007-05-24,0.0,0.0,0.0,0.0,0.0,0,0.0,0,0.0,0.0,0.0,72.0,-0.08949011446409989,0.04357212953876349,100.0
2007-05-25,0.0,0.0,0.0,0.0,0.0,0,0.0,0,0.0,0.0,0.0,73.25,-0.08949011446409989,0.04357212953876349,100.0
2007-05-28,0.0,0.0,0.0,0.0,0.0,0,0.0,0,0.0,0.0,0.0,73.25,-0.08949011446409989,0.04357212953876349,100.0
2007-05-29,0.0,0.0,0.0,0.0,0.0,0,0.0,0,0.0,0.0,0.0,71.25,-0.08949011446409989,0.04357212953876349,100.0
2007-05-30,0.0,0.0,0.0,0.0,0.0,0,0.0,0,0.0,0.0,0.0,63.5,-0.08949011446409989,0.04357212953876349,100.0
2007-05-31,0.0,0.0,0.0,0.0,0.0,0,0.0,0,0.0,0.0,0.0,58.75,-0.08949011446409989,0.04357212953876349,100.0
2007-06-01,0.0,0.0,0.0,0.0,0.0,0,0.0,0,0.0,0.0,0.0,62.0,-0.08949011446409989,0.04357212953876349,100.0
2007-06-04,0.0,0.0,0.0,0.0,0.0,0,0.0,0,0.0,0.0,0.0,61.5,-0.08949011446409989,0.04357212953876349,100.0
2007-06-05,0.0,0.0,0.0,0.0,0.0,0,0.0,0,0.0,0.0,0.0,57.75,-0.08949011446409989,0.04357212953876349,100.0
2007-06-06,0.0,0.0,0.0,0.0,0.0,0,0.0,0,0.0,0.0,0.0,60.25,-0.08949011446409989,0.04357212953876349,100.0
2007-06-07,0.0,0.0,0.0,0.0,0.0,0,0.0,0,0.0,0.0,0.0,68.25,-0.08949011446409989,0.04357212953876349,100.0
2007-06-08,0.0,0.0,0.0,0.0,0.0,0,0.0,0,0.0,0.0,0.0,63.25,-0.08949011446409989,0.04357212953876349,100.0
2007-06-11,0.0,0.0,0.0,0.0,0.0,0,0.0,0,0.0,0.0,0.0,69.25,-0.08949011446409989,0.04357212953876349,100.0
2007-06-12,0.0,0.0,0.0,0.0,0.0,0,0.0,0,0.0,0.0,0.0,71.25,-0.08949011446409989,0.04357212953876349,100.0
2007-06-13,0.0,0.0,0.0,0.0,0.0,0,0.0,0,0.0,0.0,0.0,64.75,-0.08949011446409989,0.04357212953876349,100.0
2007-06-14,0.0,0.0,0.0,0.0,0.0,0,0.0,0,0.0,0.0,0.0,67.25,-0.08949011446409989,0.04357212953876349,100.0
2007-06-15,0.0,0.0,0.0,0.0,0.0,0,0.0,0,0.0,0.0,0.0,67.0,-0.08949011446409989,0.04357212953876349,100.0
2007-06-18,0.0,0.0,0.0,0.0,0.0,0,0.0,0,0.0,0.0,0.0,67.75,-0.08949011446409989,0.04357212953876349,100.0
2007-06-19,0.0,0.0,0.0,0.0,0.0,0,0.0,0,0.0,0.0,0.0,67.25,-0.08949011446409989,0.04357212953876349,100.0
2007-06-20,0.0,0.0,0.0,0.0,0.0,0,0.0,0,0.0,0.0,0.0,75.5,-0.08949011446409989,0.04357212953876349,100.0
2007-06-21,0.0,0.0,0.0,0.0,0.0,0,0.0,0,0.0,0.0,0.0,74.75,-0.08949011446409989,0.04357212953876349,100.0
2007-06-22,0.0,0.0,0.0,0.0,0.0,0,0.0,0,0.0,0.0,0.0,76.25,-0.08949011446409989,0.04357212953876349,100.0
2007-06-25,0.0,0.0,0.0,0.0,0.0,0,0.0,0,0.0,0.0,0.0,76.25,-0.08949011446409989,0.04357212953876349,100.0
2007-06-26,0.0,0.0,0.0,0.0,0.0,0,0.0,0,0.0,0.0,0.0,76.25,-0.08949011446409989,0.04357212953876349,100.0
2007-06-27,0.0,0.0,0.0,0.0,0.0,0,0.0,0,0.0,0.0,0.0,73.0,-0.08949011446409989,0.04357212953876349,100.0
2007-06-28,0.0,0.0,0.0,0.0,0.0,0,0.0,0,0.0,0.0,0.0,78.5,-0.08949011446409989,0.04357212953876349,100.0
2007-06-29,0.0,0.0,0.0,0.0,0.0,0,0.0,0,0.0,0.0,0.0,69.0,-0.08949011446409989,0.04357212953876349,100.0
2007-07-02,0.0,0.0,0.0,0.0,0.0,0,0.0,0,0.0,0.0,0.0,67.25,-0.08949011446409989,0.04357212953876349,100.0
2007-07-03,0.0,0.0,0.0,0.0,0.0,0,0.0,0,0.0,0.0,0.0,67.25,-0.08949011446409989,0.04357212953876349,100.0
2007-07-04,0.0,0.0,0.0,0.0,0.0,0,0.0,0,0.0,0.0,0.0,67.25,-0.08949011446409989,0.04357212953876349,100.0
2007-07-05,0.0,0.0,0.0,0.0,0.0,0,0.0,0,0.0,0.0,0.0,64.75,-0.08949011446409989,0.04357212953876349,100.0
2007-07-06,0.0,0.0,0.0,0.0,0.0,0,0.0,0,0.0,0.0,0.0,65.5,-0.08949011446409989,0.04357212953876349,100.0
2007-07-09,0.0,0.0,0.0,0.0,0.0,0,0.0,0,0.0,0.0,0.0,67.5,-0.08949011446409989,0.04357212953876349,100.0
2007-07-10,0.0,0.0,0.0,0.0,0.0,0,0.0,0,0.0,0.0,0.0,69.0,-0.08949011446409989,0.04357212953876349,100.0
2007-07-11,0.0,0.0,0.0,0.0,0.0,0,0.0,0,0.0,0.0,0.0,68.0,-0.08949011446409989,0.04357212953876349,100.0
2007-07-12,0.0,0.0,0.0,0.0,0.0,0,0.0,0,0.0,0.0,0.0,60.25,-0.08949011446409989,0.04357212953876349,100.0
2007-07-13,0.0,0.0,0.0,0.0,0.0,0,0.0,0,0.0,0.0,0.0,59.25,-0.08949011446409989,0.04357212953876349,100.0
2007-07-16,0.0,0.0,0.0,0.0,0.0,0,0.0,0,0.0,0.0,0.0,62.75,-0.08949011446409989,0.04357212953876349,100.0
2007-07-17,0.0,0.0,0.0,0.0,0.0,0,0.0,0,0.0,0.0,0.0,65.0,-0.08949011446409989,0.04357212953876349,100.0
2007-07-18,0.0,0.0,0.0,0.0,0.0,0,0.0,0,0.0,0.0,0.0,54.75,-0.08949011446409989,0.04357212953876349,100.0
2007-07-19,0.0,0.0,0.0,0.0,0.0,0,0.0,0,0.0,0.0,0.0,58.25,-0.08949011446409989,0.04357212953876349,100.0
2007-07-20,0.0,0.0,0.0,0.0,0.0,0,0.0,0,0.0,0.0,0.0,62.5,-0.08949011446409989,0.04357212953876349,100.0
2007-07-23,0.0,0.0,0.0,0.0,0.0,0,0.0,0,0.0,0.0,0.0,67.75,-0.08949011446409989,0.04357212953876349,100.0
2007-07-24,0.0,0.0,0.0,0.0,0.0,0,0.0,0,0.0,0.0,0.0,67.0,-0.08949011446409989,0.04357212953876349,100.0
2007-07-25,0.0,0.0,0.0,0.0,0.0,0,0.0,0,0.0,0.0,0.0,71.5,-0.08949011446409989,0.04357212953876349,100.0
2007-07-26,0.0,0.0,0.0,0.0,0.0,0,0.0,0,0.0,0.0,0.0,56.75,-0.08949011446409989,0.04357212953876349,100.0
2007-07-27,0.0,0.0,0.0,0.0,0.0,0,0.0,0,0.0,0.0,0.0,74.75,-0.08949011446409989,0.04357212953876349,100.0
2007-07-30,0.0,0.0,0.0,0.0,0.0,0,0.0,0,0.0,0.0,0.0,81.25,-0.08949011446409989,0.04357212953876349,100.0
2007-07-31,0.0,0.0,0.0,0.0,0.0,0,0.0,0,0.0,0.0,0.0,104.25,-0.08949011446409989,0.04357212953876349,100.0
2007-08-01,0.0,0.0,0.0,0.0,0.0,0,0.0,0,0.0,0.0,0.0,82.0,-0.08949011446409989,0.04357212953876349,100.0
2007-08-02,0.0,0.0,0.0,0.0,0.0,0,0.0,0,0.0,0.0,0.0,84.0,-0.08949011446409989,0.04357212953876349,100.0
2007-08-03,0.0,0.0,0.0,0.0,0.0,0,0.0,0,0.0,0.0,0.0,99.25,-0.08949011446409989,0.04357212953876349,100.0
2007-08-06,0.0,0.0,0.0,0.0,0.0,0,0.0,0,0.0,0.0,0.0,92.25,-0.08949011446409989,0.04357212953876349,100.0
2007-08-07,0.0,0.0,0.0,0.0,0.0,0,0.0,0,0.0,0.0,0.0,91.75,-0.08949011446409989,0.04357212953876349,100.0
2007-08-08,0.0,0.0,0.0,0.0,0.0,0,0.0,0,0.0,0.0,0.0,82.0,-0.08949011446409989,0.04357212953876349,100.0
2007-08-09,0.0,0.0,0.0,0.0,0.0,0,0.0,0,0.0,0.0,0.0,86.5,-0.08949011446409989,0.04357212953876349,100.0
2007-08-10,0.0,0.0,0.0,0.0,0.0,0,0.0,0,0.0,0.0,0.0,87.75,-0.08949011446409989,0.04357212953876349,100.0
2007-08-13,0.0,0.0,0.0,0.0,0.0,0,0.0,0,0.0,0.0,0.0,91.0,-0.08949011446409989,0.04357212953876349,100.0
2007-08-14,0.0,0.0,0.0,0.0,0.0,0,0.0,0,0.0,0.0,0.0,100.75,-0.08949011446409989,0.04357212953876349,100.0
2007-08-15,0.0,0.0,0.0,0.0,0.0,0,0.0,0,0.0,0.0,0.0,116.75,-0.08949011446409989,0.04357212953876349,100.0
2007-08-16,0.0,0.0,0.0,0.0,0.0,0,0.0,0,0.0,0.0,0.0,93.0,-0.08949011446409989,0.04357212953876349,100.0
2007-08-17,0.0,0.0,0.0,0.0,0.0,0,0.0,0,0.0,0.0,0.0,87.25,-0.08949011446409989,0.04357212953876349,100.0
2007-08-20,0.0,0.0,0.0,0.0,0.0,0,0.0,0,0.0,0.0,0.0,91.75,-0.08949011446409989,0.04357212953876349,100.0
2007-08-21,0.0,0.0,0.0,0.0,0.0,0,0.0,0,0.0,0.0,0.0,88.5,-0.08949011446409989,0.04357212953876349,100.0
2007-08-22,0.0,0.0,0.0,0.0,0.0,0,0.0,0,0.0,0.0,0.0,85.25,-0.08949011446409989,0.04357212953876349,100.0
2007-08-23,0.0,0.0,0.0,0.0,0.0,0,0.0,0,0.0,0.0,0.0,84.25,-0.08949011446409989,0.04357212953876349,100.0
2007-08-24,0.0,0.0,0.0,0.0,0.0,0,0.0,0,0.0,0.0,0.0,78.5,-0.08949011446409989,0.04357212953876349,100.0
2007-08-27,0.0,0.0,0.0,0.0,0.0,0,0.0,0,0.0,0.0,0.0,83.25,-0.08949011446409989,0.04357212953876349,100.0
2007-08-28,0.0,0.0,0.0,0.0,0.0,0,0.0,0,0.0,0.0,0.0,94.75,-0.08949011446409989,0.04357212953876349,100.0
2007-08-29,0.0,0.0,0.0,0.0,0.0,0,0.0,0,0.0,0.0,0.0,85.75,-0.08949011446409989,0.04357212953876349,100.0
2007-08-30,0.0,0.0,0.0,0.0,0.0,0,0.0,0,0.0,0.0,0.0,84.75,-0.08949011446409989,0.04357212953876349,100.0
2007-08-31,0.0,0.0,0.0,0.0,0.0,0,0.0,0,0.0,0.0,0.0,88.5,-0.08949011446409989,0.04357212953876349,100.0
2007-09-03,0.0,0.0,0.0,0.0,0.0,0,0.0,0,0.0,0.0,0.0,88.5,-0.08949011446409989,0.04357212953876349,100.0
2007-09-04,0.0,0.0,0.0,0.0,0.0,0,0.0,0,0.0,0.0,0.0,99.0,-0.08949011446409989,0.04357212953876349,100.0
2007-09-05,0.0,0.0,0.0,0.0,0.0,0,0.0,0,0.0,0.0,0.0,100.25,-0.08949011446409989,0.04357212953876349,100.0
2007-09-06,0.0,0.0,0.0,0.0,0.0,0,0.0,0,0.0,0.0,0.0,99.25,-0.08949011446409989,0.04357212953876349,100.0
2007-09-07,0.0,0.0,0.0,0.0,0.0,0,0.0,0,0.0,0.0,0.0,94.0,-0.08949011446409989,0.04357212953876349,100.0
2007-09-10,0.0,0.0,0.0,0.0,0.0,0,0.0,0,0.0,0.0,0.0,107.5,-0.08949011446409989,0.04357212953876349,100.0
2007-09-11,0.0,0.0,0.0,0.0,0.0,0,0.0,0,0.0,0.0,0.0,107.5,-0.08949011446409989,0.04357212953876349,100.0
2007-09-12,0.0,0.0,0.0,0.0,0.0,0,0.0,0,0.0,0.0,0.0,109.25,-0.08949011446409989,0.04357212953876349,100.0
2007-09-13,0.0,0.0,0.0,0.0,0.0,0,0.0,0,0.0,0.0,0.0,110.25,-0.08949011446409989,0.04357212953876349,100.0
2007-09-14,0.0,0.0,0.0,0.0,0.0,0,0.0,0,0.0,0.0,0.0,109.75,-0.08949011446409989,0.04357212953876349,100.0
2007-09-17,0.0,0.0,0.0,0.0,0.0,0,0.0,0,0.0,0.0,0.0,112.75,-0.08949011446409989,0.04357212953876349,100.0
2007-09-18,0.0,0.0,0.0,0.0,0.0,0,0.0,0,0.0,0.0,0.0,108.25,-0.08949011446409989,0.04357212953876349,100.0
2007-09-19,0.0,0.0,0.0,0.0,0.0,0,0.0,0,0.0,0.0,0.0,109.75,-0.08949011446409989,0.04357212953876349,100.0
2007-09-20,0.0,0.0,0.0,0.0,0.0,0,0.0,0,0.0,0.0,0.0,111.75,-0.08949011446409989,0.04357212953876349,100.0
2007-09-21,0.0,0.0,0.0,0.0,0.0,0,0.0,0,0.0,0.0,0.0,115.5,-0.08949011446409989,0.04357212953876349,100.0
2007-09-24,0.0,0.0,0.0,0.0,0.0,0,0.0,0,0.0,0.0,0.0,113.25,-0.08949011446409989,0.04357212953876349,100.0
2007-09-25,0.0,0.0,0.0,0.0,0.0,0,0.0,0,0.0,0.0,0.0,114.25,-0.08949011446409989,0.04357212953876349,100.0
2007-09-26,0.0,0.0,0.0,0.0,0.0,0,0.0,0,0.0,0.0,0.0,115.5,-0.08949011446409989,0.04357212953876349,100.0
2007-09-27,0.0,0.0,0.0,0.0,0.0,0,0.0,0,0.0,0.0,0.0,117.0,-0.08949011446409989,0.04357212953876349,100.0
2007-09-28,0.0,0.0,0.0,0.0,0.0,0,0.0,0,0.0,0.0,0.0,112.5,-0.08949011446409989,0.04357212953876349,100.0
2007-10-01,0.0,0.0,0.0,0.0,0.0,0,0.0,0,0.0,0.0,0.0,113.75,-0.08949011446409989,0.04357212953876349,100.0
2007-10-02,0.0,0.0,0.0,0.0,0.0,0,0.0,0,0.0,0.0,0.0,108.75,-0.08949011446409989,0.04357212953876349,100.0
2007-10-03,0.0,0.0,0.0,0.0,0.0,0,0.0,0,0.0,0.0,0.0,107.0,-0.08949011446409989,0.04357212953876349,100.0
2007-10-04,0.0,0.0,0.0,0.0,0.0,0,0.0,0,0.0,0.0,0.0,104.5,-0.08949011446409989,0.04357212953876349,100.0
2007-10-05,0.0,0.0,0.0,0.0,0.0,0,0.0,0,0.0,0.0,0.0,104.0,-0.08949011446409989,0.04357212953876349,100.0
2007-10-08,0.0,0.0,0.0,0.0,0.0,0,0.0,0,0.0,0.0,0.0,99.0,-0.08949011446409989,0.04357212953876349,100.0
2007-10-09,0.0,0.0,0.0,0.0,0.0,0,0.0,0,0.0,0.0,0.0,100.5,-0.08949011446409989,0.04357212953876349,100.0
2007-10-10,0.0,0.0,0.0,0.0,0.0,0,0.0,0,0.0,0.0,0.0,100.0,-0.08949011446409989,0.04357212953876349,100.0
2007-10-11,0.0,0.0,0.0,0.0,0.0,0,0.0,0,0.0,0.0,0.0,90.25,-0.08949011446409989,0.04357212953876349,100.0
2007-10-12,0.0,0.0,0.0,0.0,0.0,0,0.0,0,0.0,0.0,0.0,79.5,-0.08949011446409989,0.04357212953876349,100.0
2007-10-15,0.0,0.0,0.0,0.0,0.0,0,0.0,0,0.0,0.0,0.0,65.5,-0.08949011446409989,0.04357212953876349,100.0
2007-10-16,0.0,0.0,0.0,0.0,0.0,0,0.0,0,0.0,0.0,0.0,66.5,-0.08949011446409989,0.04357212953876349,100.0
2007-10-17,0.0,0.0,0.0,0.0,0.0,0,0.0,0,0.0,0.0,0.0,52.5,-0.08949011446409989,0.04357212953876349,100.0
2007-10-18,0.0,0.0,0.0,0.0,0.0,0,0.0,0,0.0,0.0,0.0,52.0,-0.08949011446409989,0.04357212953876349,100.0
2007-10-19,0.0,0.0,0.0,0.0,0.0,0,0.0,0,0.0,0.0,0.0,59.75,-0.08949011446409989,0.04357212953876349,100.0
2007-10-22,0.0,0.0,0.0,0.0,0.0,0,0.0,0,0.0,0.0,0.0,49.75,-0.08949011446409989,0.04357212953876349,100.0
2007-10-23,0.0,0.0,0.0,0.0,0.0,0,0.0,0,0.0,0.0,0.0,44.75,-0.08949011446409989,0.04357212953876349,100.0
2007-10-24,0.0,0.0,0.0,0.0,0.0,0,0.0,0,0.0,0.0,0.0,39.5,-0.08949011446409989,0.04357212953876349,100.0
2007-10-25,0.0,0.0,0.0,0.0,0.0,0,0.0,0,0.0,0.0,0.0,39.0,-0.08949011446409989,0.04357212953876349,100.0
2007-10-26,0.0,0.0,0.0,0.0,0.0,0,0.0,0,0.0,0.0,0.0,33.5,-0.08949011446409989,0.04357212953876349,100.0
2007-10-29,0.0,0.0,0.0,0.0,0.0,0,0.0,0,0.0,0.0,0.0,34.5,-0.08949011446409989,0.04357212953876349,100.0
2007-10-30,0.0,0.0,0.0,0.0,0.0,0,0.0,0,0.0,0.0,0.0,40.0,-0.08949011446409989,0.04357212953876349,100.0
2007-10-31,0.0,0.0,0.0,0.0,0.0,0,0.0,0,0.0,0.0,0.0,31.75,-0.08949011446409989,0.04357212953876349,100.0
2007-11-01,0.0,0.0,0.0,0.0,0.0,0,0.0,0,0.0,0.0,0.0,37.5,-0.08949011446409989,0.04357212953876349,100.0
2007-11-02,0.0,0.0,0.0,0.0,0.0,0,0.0,0,0.0,0.0,0.0,33.25,-0.08949011446409989,0.04357212953876349,100.0
2007-11-05,0.0,0.0,0.0,0.0,0.0,0,0.0,0,0.0,0.0,0.0,34.5,-0.08949011446409989,0.04357212953876349,100.0
2007-11-06,0.0,0.0,0.0,0.0,0.0,0,0.0,0,0.0,0.0,0.0,28.25,-0.08949011446409989,0.04357212953876349,100.0
2007-11-07,0.0,0.0,0.0,0.0,0.0,0,0.0,0,0.0,0.0,0.0,46.25,-0.08949011446409989,0.04357212953876349,100.0
2007-11-08,0.0,0.0,0.0,0.0,0.0,0,0.0,0,0.0,0.0,0.0,58.0,-0.08949011446409989,0.04357212953876349,100.0
2007-11-09,0.0,0.0,0.0,0.0,0.0,0,0.0,0,0.0,0.0,0.0,96.25,-0.08949011446409989,0.04357212953876349,100.0
2007-11-12,0.0,0.0,0.0,0.0,0.0,0,0.0,0,0.0,0.0,0.0,112.0,-0.08949011446409989,0.04357212953876349,100.0
2007-11-13,0.0,0.0,0.0,0.0,0.0,0,0.0,0,0.0,0.0,0.0,103.0,-0.08949011446409989,0.04357212953876349,100.0
2007-11-14,0.0,0.0,0.0,0.0,0.0,0,0.0,0,0.0,0.0,0.0,125.5,-0.08949011446409989,0.04357212953876349,100.0
2007-11-15,0.0,0.0,0.0,0.0,0.0,0,0.0,0,0.0,0.0,0.0,123.0,-0.08949011446409989,0.04357212953876349,100.0
2007-11-16,0.0,0.0,0.0,0.0,0.0,0,0.0,0,0.0,0.0,0.0,108.75,-0.08949011446409989,0.04357212953876349,100.0
2007-11-19,0.0,0.0,0.0,0.0,0.0,0,0.0,0,0.0,0.0,0.0,118.0,-0.08949011446409989,0.04357212953876349,100.0
2007-11-20,0.0,0.0,0.0,0.0,0.0,0,0.0,0,0.0,0.0,0.0,102.5,-0.08949011446409989,0.04357212953876349,100.0
2007-11-21,0.0,0.0,0.0,0.0,0.0,0,0.0,0,0.0,0.0,0.0,116.5,-0.08949011446409989,0.04357212953876349,100.0
2007-11-22,0.0,0.0,0.0,0.0,0.0,0,0.0,0,0.0,0.0,0.0,116.5,-0.08949011446409989,0.04357212953876349,100.0
2007-11-23,0.0,0.0,0.0,0.0,0.0,0,0.0,0,0.0,0.0,0.0,116.5,-0.08949011446409989,0.04357212953876349,100.0
2007-11-26,0.0,0.0,0.0,0.0,0.0,0,0.0,0,0.0,0.0,0.0,129.75,-0.08949011446409989,0.04357212953876349,100.0
2007-11-27,0.0,0.0,0.0,0.0,0.0,0,0.0,0,0.0,0.0,0.0,110.5,-0.08949011446409989,0.04357212953876349,100.0
2007-11-28,0.0,0.0,0.0,0.0,0.0,0,0.0,0,0.0,0.0,0.0,111.0,-0.08949011446409989,0.04357212953876349,100.0
2007-11-29,0.0,0.0,0.0,0.0,0.0,0,0.0,0,0.0,0.0,0.0,111.5,-0.08949011446409989,0.04357212953876349,100.0
2007-11-30,0.0,0.0,0.0,0.0,0.0,0,0.0,0,0.0,0.0,0.0,106.75,-0.08949011446409989,0.04357212953876349,100.0
2007-12-03,0.0,0.0,0.0,0.0,0.0,0,0.0,0,0.0,0.0,0.0,116.25,-0.08949011446409989,0.04357212953876349,100.0
2007-12-04,0.0,0.0,0.0,0.0,0.0,0,0.0,0,0.0,0.0,0.0,118.25,-0.08949011446409989,0.04357212953876349,100.0
2007-12-05,0.0,0.0,0.0,0.0,0.0,0,0.0,0,0.0,0.0,0.0,114.0,-0.08949011446409989,0.04357212953876349,100.0
2007-12-06,0.0,0.0,0.0,0.0,0.0,0,0.0,0,0.0,0.0,0.0,108.5,-0.08949011446409989,0.04357212953876349,100.0
2007-12-07,0.0,0.0,0.0,0.0,0.0,0,0.0,0,0.0,0.0,0.0,110.0,-0.08949011446409989,0.04357212953876349,100.0
2007-12-10,0.0,0.0,0.0,0.0,0.0,0,0.0,0,0.0,0.0,0.0,109.5,-0.08949011446409989,0.04357212953876349,100.0
2007-12-11,0.0,0.0,0.0,0.0,0.0,0,0.0,0,0.0,0.0,0.0,118.5,-0.08949011446409989,0.04357212953876349,100.0
2007-12-12,0.0,0.0,0.0,0.0,0.0,0,0.0,0,0.0,0.0,0.0,104.0,-0.08949011446409989,0.04357212953876349,100.0
2007-12-13,0.0,0.0,0.0,0.0,0.0,0,0.0,0,0.0,0.0,0.0,94.75,-0.08949011446409989,0.04357212953876349,100.0
2007-12-14,0.0,0.0,0.0,0.0,0.0,0,0.0,0,0.0,0.0,0.0,93.25,-0.08949011446409989,0.04357212953876349,100.0
2007-12-17,0.0,0.0,0.0,0.0,0.0,0,0.0,0,0.0,0.0,0.0,96.25,-0.08949011446409989,0.04357212953876349,100.0
2007-12-18,0.0,0.0,0.0,0.0,0.0,0,0.0,0,0.0,0.0,0.0,100.75,-0.08949011446409989,0.04357212953876349,100.0
2007-12-19,0.0,0.0,0.0,0.0,0.0,0,0.0,0,0.0,0.0,0.0,103.75,-0.08949011446409989,0.04357212953876349,100.0
2007-12-20,0.0,0.0,0.0,0.0,0.0,0,0.0,0,0.0,0.0,0.0,99.25,-0.08949011446409989,0.04357212953876349,100.0
2007-12-21,0.0,0.0,0.0,0.0,0.0,0,0.0,0,0.0,0.0,0.0,99.5,-0.08949011446409989,0.04357212953876349,100.0
2007-12-24,0.0,0.0,0.0,0.0,0.0,0,0.0,0,0.0,0.0,0.0,99.5,-0.08949011446409989,0.04357212953876349,100.0
2007-12-25,0.0,0.0,0.0,0.0,0.0,0,0.0,0,0.0,0.0,0.0,99.5,-0.08949011446409989,0.04357212953876349,100.0
2007-12-26,0.0,0.0,0.0,0.0,0.0,0,0.0,0,0.0,0.0,0.0,97.75,-0.08949011446409989,0.04357212953876349,100.0
2007-12-27,0.0,0.0,0.0,0.0,0.0,0,0.0,0,0.0,0.0,0.0,106.75,-0.08949011446409989,0.04357212953876349,100.0
2007-12-28,0.0,0.0,0.0,0.0,0.0,0,0.0,0,0.0,0.0,0.0,103.75,-0.08949011446409989,0.04357212953876349,100.0
2007-12-31,0.0,0.0,0.0,0.0,0.0,0,0.0,0,0.0,0.0,0.0,120.0,-0.08949011446409989,0.04357212953876349,100.0
2008-01-01,0.0,0.0,0.0,0.0,0.0,0,0.0,0,0.0,0.0,0.0,120.0,-0.08949011446409989,0.04357212953876349,100.0
2008-01-02,0.0,0.0,0.0,0.0,0.0,0,0.0,0,0.0,0.0,0.0,114.0,-0.08949011446409989,0.04357212953876349,100.0
2008-01-03,0.0,0.0,0.0,0.0,0.0,0,0.0,0,0.0,0.0,0.0,105.75,-0.08949011446409989,0.04357212953876349,100.0
2008-01-04,0.0,0.0,0.0,0.0,0.0,0,0.0,0,0.0,0.0,0.0,117.5,-0.08949011446409989,0.04357212953876349,100.0
2008-01-07,0.0,0.0,0.0,0.0,0.0,0,0.0,0,0.0,0.0,0.0,101.0,-0.08949011446409989,0.04357212953876349,100.0
2008-01-08,0.0,0.0,0.0,0.0,0.0,0,0.0,0,0.0,0.0,0.0,119.0,-0.08949011446409989,0.04357212953876349,100.0
2008-01-09,0.0,0.0,0.0,0.0,0.0,0,0.0,0,0.0,0.0,0.0,102.75,-0.08949011446409989,0.04357212953876349,100.0
2008-01-10,0.0,0.0,0.0,0.0,0.0,0,0.0,0,0.0,0.0,0.0,110.25,-0.08949011446409989,0.04357212953876349,100.0
2008-01-11,0.0,0.0,0.0,0.0,0.0,0,0.0,0,0.0,0.0,0.0,107.0,-0.08949011446409989,0.04357212953876349,100.0
2008-01-14,0.0,0.0,0.0,0.0,0.0,0,0.0,0,0.0,0.0,0.0,104.0,-0.08949011446409989,0.04357212953876349,100.0
2008-01-15,0.0,0.0,0.0,0.0,0.0,0,0.0,0,0.0,0.0,0.0,109.75,-0.08949011446409989,0.04357212953876349,100.0
2008-01-16,0.0,0.0,0.0,0.0,0.0,0,0.0,0,0.0,0.0,0.0,128.75,-0.08949011446409989,0.04357212953876349,100.0
2008-01-17,0.0,0.0,0.0,0.0,0.0,0,0.0,0,0.0,0.0,0.0,136.25,-0.08949011446409989,0.04357212953876349,100.0
2008-01-18,0.0,0.0,0.0,0.0,0.0,0,0.0,0,0.0,0.0,0.0,127.75,-0.08949011446409989,0.04357212953876349,100.0
2008-01-21,0.0,0.0,0.0,0.0,0.0,0,0.0,0,0.0,0.0,0.0,127.75,-0.08949011446409989,0.04357212953876349,100.0
2008-01-22,0.0,0.0,0.0,0.0,0.0,0,0.0,0,0.0,0.0,0.0,127.75,-0.08949011446409989,0.04357212953876349,100.0
2008-01-23,0.0,0.0,0.0,0.0,0.0,0,0.0,0,0.0,0.0,0.0,114.5,-0.08949011446409989,0.04357212953876349,100.0
2008-01-24,0.0,0.0,0.0,0.0,0.0,0,0.0,0,0.0,0.0,0.0,103.75,-0.08949011446409989,0.04357212953876349,100.0
2008-01-25,0.0,0.0,0.0,0.0,0.0,0,0.0,0,0.0,0.0,0.0,115.0,-0.08949011446409989,0.04357212953876349,100.0
2008-01-28,0.0,0.0,0.0,0.0,0.0,0,0.0,0,0.0,0.0,0.0,100.75,-0.08949011446409989,0.04357212953876349,100.0
2008-01-29,0.0,0.0,0.0,0.0,0.0,0,0.0,0,0.0,0.0,0.0,103.0,-0.08949011446409989,0.04357212953876349,100.0
2008-01-30,0.0,0.0,0.0,0.0,0.0,0,0.0,0,0.0,0.0,0.0,127.25,-0.08949011446409989,0.04357212953876349,100.0
2008-01-31,0.0,0.0,0.0,0.0,0.0,0,0.0,0,0.0,0.0,0.0,133.5,-0.08949011446409989,0.04357212953876349,100.0
2008-02-01,0.0,0.0,0.0,0.0,0.0,0,0.0,0,0.0,0.0,0.0,136.0,-0.08949011446409989,0.04357212953876349,100.0
2008-02-04,0.0,0.0,0.0,0.0,0.0,0,0.0,0,0.0,0.0,0.0,143.5,-0.08949011446409989,0.04357212953876349,100.0
2008-02-05,0.0,0.0,0.0,0.0,0.0,0,0.0,0,0.0,0.0,0.0,144.5,-0.08949011446409989,0.04357212953876349,100.0
2008-02-06,0.0,0.0,0.0,0.0,0.0,0,0.0,0,0.0,0.0,0.0,160.0,-0.08949011446409989,0.04357212953876349,100.0
2008-02-07,0.0,0.0,0.0,0.0,0.0,0,0.0,0,0.0,0.0,0.0,159.75,-0.08949011446409989,0.04357212953876349,100.0
2008-02-08,0.0,0.0,0.0,0.0,0.0,0,0.0,0,0.0,0.0,0.0,154.25,-0.08949011446409989,0.04357212953876349,100.0
2008-02-11,0.0,0.0,0.0,0.0,0.0,0,0.0,0,0.0,0.0,0.0,159.0,-0.08949011446409989,0.04357212953876349,100.0
2008-02-12,0.0,0.0,0.0,0.0,0.0,0,0.0,0,0.0,0.0,0.0,157.75,-0.08949011446409989,0.04357212953876349,100.0
2008-02-13,0.0,0.0,0.0,0.0,0.0,0,0.0,0,0.0,0.0,0.0,158.5,-0.08949011446409989,0.04357212953876349,100.0
2008-02-14,0.0,0.0,0.0,0.0,0.0,0,0.0,0,0.0,0.0,0.0,165.25,-0.08949011446409989,0.04357212953876349,100.0
2008-02-15,0.0,0.0,0.0,0.0,0.0,0,0.0,0,0.0,0.0,0.0,160.5,-0.08949011446409989,0.04357212953876349,100.0
2008-02-18,0.0,0.0,0.0,0.0,0.0,0,0.0,0,0.0,0.0,0.0,160.5,-0.08949011446409989,0.04357212953876349,100.0
2008-02-19,0.0,0.0,0.0,0.0,0.0,0,0.0,0,0.0,0.0,0.0,159.25,-0.08949011446409989,0.04357212953876349,100.0
2008-02-20,0.0,0.0,0.0,0.0,0.0,0,0.0,0,0.0,0.0,0.0,159.0,-0.08949011446409989,0.04357212953876349,100.0
2008-02-21,0.0,0.0,0.0,0.0,0.0,0,0.0,0,0.0,0.0,0.0,163.5,-0.08949011446409989,0.04357212953876349,100.0
2008-02-22,0.0,0.0,0.0,0.0,0.0,0,0.0,0,0.0,0.0,0.0,135.75,-0.08949011446409989,0.04357212953876349,100.0
2008-02-25,0.0,0.0,0.0,0.0,0.0,0,0.0,0,0.0,0.0,0.0,132.25,-0.08949011446409989,0.04357212953876349,100.0
2008-02-26,0.0,0.0,0.0,0.0,0.0,0,0.0,0,0.0,0.0,0.0,128.0,-0.08949011446409989,0.04357212953876349,100.0
2008-02-27,0.0,0.0,0.0,0.0,0.0,0,0.0,0,0.0,0.0,0.0,131.75,-0.08949011446409989,0.04357212953876349,100.0
2008-02-28,0.0,0.0,0.0,0.0,0.0,0,0.0,0,0.0,0.0,0.0,135.75,-0.08949011446409989,0.04357212953876349,100.0
2008-02-29,0.0,0.0,0.0,0.0,0.0,0,0.0,0,0.0,0.0,0.0,140.5,-0.08949011446409989,0.04357212953876349,100.0
2008-03-03,0.0,0.0,0.0,0.0,0.0,0,0.0,0,0.0,0.0,0.0,131.25,-0.08949011446409989,0.04357212953876349,100.0
2008-03-04,0.0,0.0,0.0,0.0,0.0,0,0.0,0,0.0,0.0,0.0,122.25,-0.08949011446409989,0.04357212953876349,100.0
2008-03-05,0.0,0.0,0.0,0.0,0.0,0,0.0,0,0.0,0.0,0.0,120.0,-0.08949011446409989,0.04357212953876349,100.0
2008-03-06,0.0,0.0,0.0,0.0,0.0,0,0.0,0,0.0,0.0,0.0,139.0,-0.08949011446409989,0.04357212953876349,100.0
2008-03-07,0.0,0.0,0.0,0.0,0.0,0,0.0,0,0.0,0.0,0.0,140.5,-0.08949011446409989,0.04357212953876349,100.0
2008-03-10,0.0,0.0,0.0,0.0,0.0,0,0.0,0,0.0,0.0,0.0,148.0,-0.08949011446409989,0.04357212953876349,100.0
2008-03-11,0.0,0.0,0.0,0.0,0.0,0,0.0,0,0.0,0.0,0.0,137.25,-0.08949011446409989,0.04357212953876349,100.0
2008-03-12,0.0,0.0,0.0,0.0,0.0,0,0.0,0,0.0,0.0,0.0,153.25,-0.08949011446409989,0.04357212953876349,100.0
2008-03-13,0.0,0.0,0.0,0.0,0.0,0,0.0,0,0.0,0.0,0.0,163.75,-0.08949011446409989,0.04357212953876349,100.0
2008-03-14,0.0,0.0,0.0,0.0,0.0,0,0.0,0,0.0,0.0,0.0,173.5,-0.08949011446409989,0.04357212953876349,100.0
2008-03-17,0.0,0.0,0.0,0.0,0.0,0,0.0,0,0.0,0.0,0.0,180.0,-0.08949011446409989,0.04357212953876349,100.0
2008-03-18,0.0,0.0,0.0,0.0,0.0,0,0.0,0,0.0,0.0,0.0,166.0,-0.08949011446409989,0.04357212953876349,100.0
2008-03-19,0.0,0.0,0.0,0.0,0.0,0,0.0,0,0.0,0.0,0.0,181.0,-0.08949011446409989,0.04357212953876349,100.0
2008-03-20,0.0,0.0,0.0,0.0,0.0,0,0.0,0,0.0,0.0,0.0,174.25,-0.08949011446409989,0.04357212953876349,100.0
2008-03-21,0.0,0.0,0.0,0.0,0.0,0,0.0,0,0.0,0.0,0.0,174.25,-0.08949011446409989,0.04357212953876349,100.0
2008-03-24,0.0,0.0,0.0,0.0,0.0,0,0.0,0,0.0,0.0,0.0,174.75,-0.08949011446409989,0.04357212953876349,100.0
2008-03-25,0.0,0.0,0.0,0.0,0.0,0,0.0,0,0.0,0.0,0.0,182.25,-0.08949011446409989,0.04357212953876349,100.0
2008-03-26,0.0,0.0,0.0,0.0,0.0,0,0.0,0,0.0,0.0,0.0,181.75,-0.08949011446409989,0.04357212953876349,100.0
2008-03-27,0.0,0.0,0.0,0.0,0.0,0,0.0,0,0.0,0.0,0.0,192.25,-0.08949011446409989,0.04357212953876349,100.0
2008-03-28,0.0,0.0,0.0,0.0,0.0,0,0.0,0,0.0,0.0,0.0,197.75,-0.08949011446409989,0.04357212953876349,100.0
2008-03-31,0.0,0.0,0.0,0.0,0.0,0,0.0,0,0.0,0.0,0.0,196.0,-0.08949011446409989,0.04357212953876349,100.0
2008-04-01,0.0,0.0,0.0,0.0,0.0,0,0.0,0,0.0,0.0,0.0,190.25,-0.08949011446409989,0.04357212953876349,100.0
2008-04-02,0.0,0.0,0.0,0.0,0.0,0,0.0,0,0.0,0.0,0.0,187.0,-0.08949011446409989,0.04357212953876349,100.0
2008-04-03,0.0,0.0,0.0,0.0,0.0,0,0.0,0,0.0,0.0,0.0,190.0,-0.08949011446409989,0.04357212953876349,100.0
2008-04-04,0.0,0.0,0.0,0.0,0.0,0,0.0,0,0.0,0.0,0.0,190.25,-0.08949011446409989,0.04357212953876349,100.0
2008-04-07,0.0,0.0,0.0,0.0,0.0,0,0.0,0,0.0,0.0,0.0,192.25,-0.08949011446409989,0.04357212953876349,100.0
2008-04-08,0.0,0.0,0.0,0.0,0.0,0,0.0,0,0.0,0.0,0.0,190.0,-0.08949011446409989,0.04357212953876349,100.0
2008-04-09,0.0,0.0,0.0,0.0,0.0,0,0.0,0,0.0,0.0,0.0,189.5,-0.08949011446409989,0.04357212953876349,100.0
2008-04-10,0.0,0.0,0.0,0.0,0.0,0,0.0,0,0.0,0.0,0.0,193.25,-0.08949011446409989,0.04357212953876349,100.0
2008-04-11,0.0,0.0,0.0,0.0,0.0,0,0.0,0,0.0,0.0,0.0,195.0,-0.08949011446409989,0.04357212953876349,100.0
2008-04-14,0.0,0.0,0.0,0.0,0.0,0,0.0,0,0.0,0.0,0.0,195.75,-0.08949011446409989,0.04357212953876349,100.0
2008-04-15,0.0,0.0,0.0,0.0,0.0,0,0.0,0,0.0,0.0,0.0,197.75,-0.08949011446409989,0.04357212953876349,100.0
2008-04-16,0.0,0.0,0.0,0.0,0.0,0,0.0,0,0.0,0.0,0.0,200.75,-0.08949011446409989,0.04357212953876349,100.0
2008-04-17,0.0,0.0,0.0,0.0,0.0,0,0.0,0,0.0,0.0,0.0,201.75,-0.08949011446409989,0.04357212953876349,100.0
2008-04-18,0.0,0.0,0.0,0.0,0.0,0,0.0,0,0.0,0.0,0.0,200.5,-0.08949011446409989,0.04357212953876349,100.0
2008-04-21,0.0,0.0,0.0,0.0,0.0,0,0.0,0,0.0,0.0,0.0,200.0,-0.08949011446409989,0.04357212953876349,100.0
2008-04-22,0.0,0.0,0.0,0.0,0.0,0,0.0,0,0.0,0.0,0.0,196.25,-0.08949011446409989,0.04357212953876349,100.0
2008-04-23,0.0,0.0,0.0,0.0,0.0,0,0.0,0,0.0,0.0,0.0,197.0,-0.08949011446409989,0.04357212953876349,100.0
2008-04-24,0.0,0.0,0.0,0.0,0.0,0,0.0,0,0.0,0.0,0.0,206.75,-0.08949011446409989,0.04357212953876349,100.0
2008-04-25,0.0,0.0,0.0,0.0,0.0,0,0.0,0,0.0,0.0,0.0,208.0,-0.08949011446409989,0.04357212953876349,100.0
2008-04-28,0.0,0.0,0.0,0.0,0.0,0,0.0,0,0.0,0.0,0.0,211.25,-0.08949011446409989,0.04357212953876349,100.0
2008-04-29,0.0,0.0,0.0,0.0,0.0,0,0.0,0,0.0,0.0,0.0,212.5,-0.08949011446409989,0.04357212953876349,100.0
2008-04-30,0.0,0.0,0.0,0.0,0.0,0,0.0,0,0.0,0.0,0.0,212.0,-0.08949011446409989,0.04357212953876349,100.0
2008-05-01,0.0,0.0,0.0,0.0,0.0,0,0.0,0,0.0,0.0,0.0,202.75,-0.08949011446409989,0.04357212953876349,100.0
2008-05-02,0.0,0.0,0.0,0.0,0.0,0,0.0,0,0.0,0.0,0.0,199.5,-0.08949011446409989,0.04357212953876349,100.0
2008-05-05,0.0,0.0,0.0,0.0,0.0,0,0.0,0,0.0,0.0,0.0,198.0,-0.08949011446409989,0.04357212953876349,100.0
2008-05-06,0.0,0.0,0.0,0.0,0.0,0,0.0,0,0.0,0.0,0.0,200.25,-0.08949011446409989,0.04357212953876349,100.0
2008-05-07,0.0,0.0,0.0,0.0,0.0,0,0.0,0,0.0,0.0,0.0,196.0,-0.08949011446409989,0.04357212953876349,100.0
2008-05-08,0.0,0.0,0.0,0.0,0.0,0,0.0,0,0.0,0.0,0.0,191.75,-0.08949011446409989,0.04357212953876349,100.0
2008-05-09,0.0,0.0,0.0,0.0,0.0,0,0.0,0,0.0,0.0,0.0,193.0,-0.08949011446409989,0.04357212953876349,100.0
2008-05-12,0.0,0.0,0.0,0.0,0.0,0,0.0,0,0.0,0.0,0.0,192.75,-0.08949011446409989,0.04357212953876349,100.0
2008-05-13,0.0,0.0,0.0,0.0,0.0,0,0.0,0,0.0,0.0,0.0,190.0,-0.08949011446409989,0.04357212953876349,100.0
2008-05-14,0.0,0.0,0.0,0.0,0.0,0,0.0,0,0.0,0.0,0.0,198.25,-0.08949011446409989,0.04357212953876349,100.0
2008-05-15,0.0,0.0,0.0,0.0,0.0,0,0.0,0,0.0,0.0,0.0,191.75,-0.08949011446409989,0.04357212953876349,100.0
2008-05-16,0.0,0.0,0.0,0.0,0.0,0,0.0,0,0.0,0.0,0.0,191.0,-0.08949011446409989,0.04357212953876349,100.0
2008-05-19,0.0,0.0,0.0,0.0,0.0,0,0.0,0,0.0,0.0,0.0,194.75,-0.08949011446409989,0.04357212953876349,100.0
2008-05-20,0.0,0.0,0.0,0.0,0.0,0,0.0,0,0.0,0.0,0.0,192.75,-0.08949011446409989,0.04357212953876349,100.0
2008-05-21,0.0,0.0,0.0,0.0,0.0,0,0.0,0,0.0,0.0,0.0,200.25,-0.08949011446409989,0.04357212953876349,100.0
2008-05-22,0.0,0.0,0.0,0.0,0.0,0,0.0,0,0.0,0.0,0.0,194.0,-0.08949011446409989,0.04357212953876349,100.0
2008-05-23,0.0,0.0,0.0,0.0,0.0,0,0.0,0,0.0,0.0,0.0,196.0,-0.08949011446409989,0.04357212953876349,100.0
2008-05-26,0.0,0.0,0.0,0.0,0.0,0,0.0,0,0.0,0.0,0.0,196.0,-0.08949011446409989,0.04357212953876349,100.0
2008-05-27,0.0,0.0,0.0,0.0,0.0,0,0.0,0,0.0,0.0,0.0,194.25,-0.08949011446409989,0.04357212953876349,100.0
2008-05-28,0.0,0.0,0.0,0.0,0.0,0,0.0,0,0.0,0.0,0.0,190.25,-0.08949011446409989,0.04357212953876349,100.0
2008-05-29,0.0,0.0,0.0,0.0,0.0,0,0.0,0,0.0,0.0,0.0,188.5,-0.08949011446409989,0.04357212953876349,100.0
2008-05-30,0.0,0.0,0.0,0.0,0.0,0,0.0,0,0.0,0.0,0.0,191.0,-0.08949011446409989,0.04357212953876349,100.0
2008-06-02,0.0,0.0,0.0,0.0,0.0,0,0.0,0,0.0,0.0,0.0,186.5,-0.08949011446409989,0.04357212953876349,100.0
2008-06-03,0.0,0.0,0.0,0.0,0.0,0,0.0,0,0.0,0.0,0.0,184.25,-0.08949011446409989,0.04357212953876349,100.0
2008-06-04,0.0,0.0,0.0,0.0,0.0,0,0.0,0,0.0,0.0,0.0,182.0,-0.08949011446409989,0.04357212953876349,100.0
2008-06-05,0.0,0.0,0.0,0.0,0.0,0,0.0,0,0.0,0.0,0.0,179.5,-0.08949011446409989,0.04357212953876349,100.0
2008-06-06,0.0,0.0,0.0,0.0,0.0,0,0.0,0,0.0,0.0,0.0,185.75,-0.08949011446409989,0.04357212953876349,100.0
2008-06-09,0.0,0.0,0.0,0.0,0.0,0,0.0,0,0.0,0.0,0.0,166.5,-0.08949011446409989,0.04357212953876349,100.0
2008-06-10,0.0,0.0,0.0,0.0,0.0,0,0.0,0,0.0,0.0,0.0,169.75,-0.08949011446409989,0.04357212953876349,100.0
2008-06-11,0.0,0.0,0.0,0.0,0.0,0,0.0,0,0.0,0.0,0.0,175.75,-0.08949011446409989,0.04357212953876349,100.0
2008-06-12,0.0,0.0,0.0,0.0,0.0,0,0.0,0,0.0,0.0,0.0,162.75,-0.08949011446409989,0.04357212953876349,100.0
2008-06-13,0.0,0.0,0.0,0.0,0.0,0,0.0,0,0.0,0.0,0.0,148.25,-0.08949011446409989,0.04357212953876349,100.0
2008-06-16,0.0,0.0,0.0,0.0,0.0,0,0.0,0,0.0,0.0,0.0,148.75,-0.08949011446409989,0.04357212953876349,100.0
2008-06-17,0.0,0.0,0.0,0.0,0.0,0,0.0,0,0.0,0.0,0.0,147.25,-0.08949011446409989,0.04357212953876349,100.0
2008-06-18,0.0,0.0,0.0,0.0,0.0,0,0.0,0,0.0,0.0,0.0,155.25,-0.08949011446409989,0.04357212953876349,100.0
2008-06-19,0.0,0.0,0.0,0.0,0.0,0,0.0,0,0.0,0.0,0.0,157.0,-0.08949011446409989,0.04357212953876349,100.0
2008-06-20,0.0,0.0,0.0,0.0,0.0,0,0.0,0,0.0,0.0,0.0,155.75,-0.08949011446409989,0.04357212953876349,100.0
2008-06-23,0.0,0.0,0.0,0.0,0.0,0,0.0,0,0.0,0.0,0.0,162.5,-0.08949011446409989,0.04357212953876349,100.0
2008-06-24,0.0,0.0,0.0,0.0,0.0,0,0.0,0,0.0,0.0,0.0,162.5,-0.08949011446409989,0.04357212953876349,100.0
2008-06-25,0.0,0.0,0.0,0.0,0.0,0,0.0,0,0.0,0.0,0.0,167.5,-0.08949011446409989,0.04357212953876349,100.0
2008-06-26,0.0,0.0,0.0,0.0,0.0,0,0.0,0,0.0,0.0,0.0,177.0,-0.08949011446409989,0.04357212953876349,100.0
2008-06-27,0.0,0.0,0.0,0.0,0.0,0,0.0,0,0.0,0.0,0.0,172.75,-0.08949011446409989,0.04357212953876349,100.0
2008-06-30,0.0,0.0,0.0,0.0,0.0,0,0.0,0,0.0,0.0,0.0,183.75,-0.08949011446409989,0.04357212953876349,100.0
2008-07-01,0.0,0.0,0.0,0.0,0.0,0,0.0,0,0.0,0.0,0.0,179.0,-0.08949011446409989,0.04357212953876349,100.0
2008-07-02,0.0,0.0,0.0,0.0,0.0,0,0.0,0,0.0,0.0,0.0,192.75,-0.08949011446409989,0.04357212953876349,100.0
2008-07-03,0.0,0.0,0.0,0.0,0.0,0,0.0,0,0.0,0.0,0.0,192.75,-0.08949011446409989,0.04357212953876349,100.0
2008-07-04,0.0,0.0,0.0,0.0,0.0,0,0.0,0,0.0,0.0,0.0,192.75,-0.08949011446409989,0.04357212953876349,100.0
2008-07-07,0.0,0.0,0.0,0.0,0.0,0,0.0,0,0.0,0.0,0.0,199.5,-0.08949011446409989,0.04357212953876349,100.0
2008-07-08,0.0,0.0,0.0,0.0,0.0,0,0.0,0,0.0,0.0,0.0,192.5,-0.08949011446409989,0.04357212953876349,100.0
2008-07-09,0.0,0.0,0.0,0.0,0.0,0,0.0,0,0.0,0.0,0.0,209.5,-0.08949011446409989,0.04357212953876349,100.0
2008-07-10,0.0,0.0,0.0,0.0,0.0,0,0.0,0,0.0,0.0,0.0,198.5,-0.08949011446409989,0.04357212953876349,100.0
2008-07-11,0.0,0.0,0.0,0.0,0.0,0,0.0,0,0.0,0.0,0.0,204.5,-0.08949011446409989,0.04357212953876349,100.0
2008-07-14,0.0,0.0,0.0,0.0,0.0,0,0.0,0,0.0,0.0,0.0,208.75,-0.08949011446409989,0.04357212953876349,100.0
2008-07-15,0.0,0.0,0.0,0.0,0.0,0,0.0,0,0.0,0.0,0.0,222.0,-0.08949011446409989,0.04357212953876349,100.0
2008-07-16,0.0,0.0,0.0,0.0,0.0,0,0.0,0,0.0,0.0,0.0,221.5,-0.08949011446409989,0.04357212953876349,100.0
2008-07-17,0.0,0.0,0.0,0.0,0.0,0,0.0,0,0.0,0.0,0.0,224.0,-0.08949011446409989,0.04357212953876349,100.0
2008-07-18,0.0,0.0,0.0,0.0,0.0,0,0.0,0,0.0,0.0,0.0,222.25,-0.08949011446409989,0.04357212953876349,100.0
2008-07-21,0.0,0.0,0.0,0.0,0.0,0,0.0,0,0.0,0.0,0.0,221.75,-0.08949011446409989,0.04357212953876349,100.0
2008-07-22,0.0,0.0,0.0,0.0,0.0,0,0.0,0,0.0,0.0,0.0,207.5,-0.08949011446409989,0.04357212953876349,100.0
2008-07-23,0.0,0.0,0.0,0.0,0.0,0,0.0,0,0.0,0.0,0.0,206.5,-0.08949011446409989,0.04357212953876349,100.0
2008-07-24,0.0,0.0,0.0,0.0,0.0,0,0.0,0,0.0,0.0,0.0,218.25,-0.08949011446409989,0.04357212953876349,100.0
2008-07-25,0.0,0.0,0.0,0.0,0.0,0,0.0,0,0.0,0.0,0.0,214.0,-0.08949011446409989,0.04357212953876349,100.0
2008-07-28,0.0,0.0,0.0,0.0,0.0,0,0.0,0,0.0,0.0,0.0,219.5,-0.08949011446409989,0.04357212953876349,100.0
2008-07-29,0.0,0.0,0.0,0.0,0.0,0,0.0,0,0.0,0.0,0.0,219.25,-0.08949011446409989,0.04357212953876349,100.0
2008-07-30,0.0,0.0,0.0,0.0,0.0,0,0.0,0,0.0,0.0,0.0,206.75,-0.08949011446409989,0.04357212953876349,100.0
2008-07-31,0.0,0.0,0.0,0.0,0.0,0,0.0,0,0.0,0.0,0.0,218.25,-0.08949011446409989,0.04357212953876349,100.0
2008-08-01,0.0,0.0,0.0,0.0,0.0,0,0.0,0,0.0,0.0,0.0,221.75,-0.08949011446409989,0.04357212953876349,100.0
2008-08-04,0.0,0.0,0.0,0.0,0.0,0,0.0,0,0.0,0.0,0.0,225.75,-0.08949011446409989,0.04357212953876349,100.0
2008-08-05,0.0,0.0,0.0,0.0,0.0,0,0.0,0,0.0,0.0,0.0,213.25,-0.08949011446409989,0.04357212953876349,100.0
2008-08-06,0.0,0.0,0.0,0.0,0.0,0,0.0,0,0.0,0.0,0.0,212.25,-0.08949011446409989,0.04357212953876349,100.0
2008-08-07,0.0,0.0,0.0,0.0,0.0,0,0.0,0,0.0,0.0,0.0,217.5,-0.08949011446409989,0.04357212953876349,100.0
2008-08-08,0.0,0.0,0.0,0.0,0.0,0,0.0,0,0.0,0.0,0.0,216.5,-0.08949011446409989,0.04357212953876349,100.0
2008-08-11,0.0,0.0,0.0,0.0,0.0,0,0.0,0,0.0,0.0,0.0,211.5,-0.08949011446409989,0.04357212953876349,100.0
2008-08-12,0.0,0.0,0.0,0.0,0.0,0,0.0,0,0.0,0.0,0.0,207.75,-0.08949011446409989,0.04357212953876349,100.0
2008-08-13,0.0,0.0,0.0,0.0,0.0,0,0.0,0,0.0,0.0,0.0,209.75,-0.08949011446409989,0.04357212953876349,100.0
2008-08-14,0.0,0.0,0.0,0.0,0.0,0,0.0,0,0.0,0.0,0.0,205.75,-0.08949011446409989,0.04357212953876349,100.0
2008-08-15,0.0,0.0,0.0,0.0,0.0,0,0.0,0,0.0,0.0,0.0,207.75,-0.08949011446409989,0.04357212953876349,100.0
2008-08-18,0.0,0.0,0.0,0.0,0.0,0,0.0,0,0.0,0.0,0.0,205.5,-0.08949011446409989,0.04357212953876349,100.0
2008-08-19,0.0,0.0,0.0,0.0,0.0,0,0.0,0,0.0,0.0,0.0,202.25,-0.08949011446409989,0.04357212953876349,100.0
2008-08-20,0.0,0.0,0.0,0.0,0.0,0,0.0,0,0.0,0.0,0.0,193.75,-0.08949011446409989,0.04357212953876349,100.0
2008-08-21,0.0,0.0,0.0,0.0,0.0,0,0.0,0,0.0,0.0,0.0,194.0,-0.08949011446409989,0.04357212953876349,100.0
2008-08-22,0.0,0.0,0.0,0.0,0.0,0,0.0,0,0.0,0.0,0.0,193.75,-0.08949011446409989,0.04357212953876349,100.0
2008-08-25,0.0,0.0,0.0,0.0,0.0,0,0.0,0,0.0,0.0,0.0,192.5,-0.08949011446409989,0.04357212953876349,100.0
2008-08-26,0.0,0.0,0.0,0.0,0.0,0,0.0,0,0.0,0.0,0.0,188.25,-0.08949011446409989,0.04357212953876349,100.0
2008-08-27,0.0,0.0,0.0,0.0,0.0,0,0.0,0,0.0,0.0,0.0,187.25,-0.08949011446409989,0.04357212953876349,100.0
2008-08-28,0.0,0.0,0.0,0.0,0.0,0,0.0,0,0.0,0.0,0.0,187.75,-0.08949011446409989,0.04357212953876349,100.0
2008-08-29,0.0,0.0,0.0,0.0,0.0,0,0.0,0,0.0,0.0,0.0,188.5,-0.08949011446409989,0.04357212953876349,100.0
2008-09-01,0.0,0.0,0.0,0.0,0.0,0,0.0,0,0.0,0.0,0.0,188.5,-0.08949011446409989,0.04357212953876349,100.0
2008-09-02,0.0,0.0,0.0,0.0,0.0,0,0.0,0,0.0,0.0,0.0,189.0,-0.08949011446409989,0.04357212953876349,100.0
2008-09-03,0.0,0.0,0.0,0.0,0.0,0,0.0,0,0.0,0.0,0.0,186.25,-0.08949011446409989,0.04357212953876349,100.0
2008-09-04,0.0,0.0,0.0,0.0,0.0,0,0.0,0,0.0,0.0,0.0,196.5,-0.08949011446409989,0.04357212953876349,100.0
2008-09-05,0.0,0.0,0.0,0.0,0.0,0,0.0,0,0.0,0.0,0.0,193.5,-0.08949011446409989,0.04357212953876349,100.0
2008-09-08,0.0,0.0,0.0,0.0,0.0,0,0.0,0,0.0,0.0,0.0,189.25,-0.08949011446409989,0.04357212953876349,100.0
2008-09-09,0.0,0.0,0.0,0.0,0.0,0,0.0,0,0.0,0.0,0.0,198.75,-0.08949011446409989,0.04357212953876349,100.0
2008-09-10,0.0,0.0,0.0,0.0,0.0,0,0.0,0,0.0,0.0,0.0,209.75,-0.08949011446409989,0.04357212953876349,100.0
2008-09-11,0.0,0.0,0.0,0.0,0.0,0,0.0,0,0.0,0.0,0.0,189.75,-0.08949011446409989,0.04357212953876349,100.0
2008-09-12,0.0,0.0,0.0,0.0,0.0,0,0.0,0,0.0,0.0,0.0,186.25,-0.08949011446409989,0.04357212953876349,100.0
2008-09-15,0.0,0.0,0.0,0.0,0.0,0,0.0,0,0.0,0.0,0.0,188.25,-0.08949011446409989,0.04357212953876349,100.0
2008-09-16,0.0,0.0,0.0,0.0,0.0,0,0.0,0,0.0,0.0,0.0,190.75,-0.08949011446409989,0.04357212953876349,100.0
2008-09-17,0.0,0.0,0.0,0.0,0.0,0,0.0,0,0.0,0.0,0.0,230.0,-0.08949011446409989,0.04357212953876349,100.0
2008-09-18,0.0,0.0,0.0,0.0,0.0,0,0.0,0,0.0,0.0,0.0,217.75,-0.08949011446409989,0.04357212953876349,100.0
2008-09-19,0.0,0.0,0.0,0.0,0.0,0,0.0,0,0.0,0.0,0.0,206.0,-0.08949011446409989,0.04357212953876349,100.0
2008-09-22,0.0,0.0,0.0,0.0,0.0,0,0.0,0,0.0,0.0,0.0,219.0,-0.08949011446409989,0.04357212953876349,100.0
2008-09-23,0.0,0.0,0.0,0.0,0.0,0,0.0,0,0.0,0.0,0.0,246.25,-0.08949011446409989,0.04357212953876349,100.0
2008-09-24,0.0,0.0,0.0,0.0,0.0,0,0.0,0,0.0,0.0,0.0,246.5,-0.08949011446409989,0.04357212953876349,100.0
2008-09-25,0.0,0.0,0.0,0.0,0.0,0,0.0,0,0.0,0.0,0.0,256.25,-0.08949011446409989,0.04357212953876349,100.0
2008-09-26,0.0,0.0,0.0,0.0,0.0,0,0.0,0,0.0,0.0,0.0,244.0,-0.08949011446409989,0.04357212953876349,100.0
2008-09-29,0.0,0.0,0.0,0.0,0.0,0,0.0,0,0.0,0.0,0.0,232.0,-0.08949011446409989,0.04357212953876349,100.0
2008-09-30,0.0,0.0,0.0,0.0,0.0,0,0.0,0,0.0,0.0,0.0,223.5,-0.08949011446409989,0.04357212953876349,100.0
2008-10-01,0.0,0.0,0.0,0.0,0.0,0,0.0,0,0.0,0.0,0.0,215.5,-0.08949011446409989,0.04357212953876349,100.0
2008-10-02,0.0,0.0,0.0,0.0,0.0,0,0.0,0,0.0,0.0,0.0,217.0,-0.08949011446409989,0.04357212953876349,100.0
2008-10-03,0.0,0.0,0.0,0.0,0.0,0,0.0,0,0.0,0.0,0.0,238.75,-0.08949011446409989,0.04357212953876349,100.0
2008-10-06,0.0,0.0,0.0,0.0,0.0,0,0.0,0,0.0,0.0,0.0,228.75,-0.08949011446409989,0.04357212953876349,100.0
2008-10-07,0.0,0.0,0.0,0.0,0.0,0,0.0,0,0.0,0.0,0.0,248.0,-0.08949011446409989,0.04357212953876349,100.0
2008-10-08,0.0,0.0,0.0,0.0,0.0,0,0.0,0,0.0,0.0,0.0,292.75,-0.08949011446409989,0.04357212953876349,100.0
2008-10-09,0.0,0.0,0.0,0.0,0.0,0,0.0,0,0.0,0.0,0.0,309.5,-0.08949011446409989,0.04357212953876349,100.0
2008-10-10,0.0,0.0,0.0,0.0,0.0,0,0.0,0,0.0,0.0,0.0,326.75,-0.08949011446409989,0.04357212953876349,100.0
2008-10-13,0.0,0.0,0.0,0.0,0.0,0,0.0,0,0.0,0.0,0.0,294.0,-0.08949011446409989,0.04357212953876349,100.0
2008-10-14,0.0,0.0,0.0,0.0,0.0,0,0.0,0,0.0,0.0,0.0,301.5,-0.08949011446409989,0.04357212953876349,100.0
2008-10-15,0.0,0.0,0.0,0.0,0.0,0,0.0,0,0.0,0.0,0.0,335.75,-0.08949011446409989,0.04357212953876349,100.0
2008-10-16,0.0,0.0,0.0,0.0,0.0,0,0.0,0,0.0,0.0,0.0,310.25,-0.08949011446409989,0.04357212953876349,100.0
2008-10-17,0.0,0.0,0.0,0.0,0.0,0,0.0,0,0.0,0.0,0.0,312.5,-0.08949011446409989,0.04357212953876349,100.0
2008-10-20,0.0,0.0,0.0,0.0,0.0,0,0.0,0,0.0,0.0,0.0,287.75,-0.08949011446409989,0.04357212953876349,100.0
2008-10-21,0.0,0.0,0.0,0.0,0.0,0,0.0,0,0.0,0.0,0.0,308.0,-0.08949011446409989,0.04357212953876349,100.0
2008-10-22,0.0,0.0,0.0,0.0,0.0,0,0.0,0,0.0,0.0,0.0,297.5,-0.08949011446409989,0.04357212953876349,100.0
2008-10-23,0.0,0.0,0.0,0.0,0.0,0,0.0,0,0.0,0.0,0.0,274.25,-0.08949011446409989,0.04357212953876349,100.0
2008-10-24,0.0,0.0,0.0,0.0,0.0,0,0.0,0,0.0,0.0,0.0,283.5,-0.08949011446409989,0.04357212953876349,100.0
2008-10-27,0.0,0.0,0.0,0.0,0.0,0,0.0,0,0.0,0.0,0.0,313.5,-0.08949011446409989,0.04357212953876349,100.0
2008-10-28,0.0,0.0,0.0,0.0,0.0,0,0.0,0,0.0,0.0,0.0,271.5,-0.08949011446409989,0.04357212953876349,100.0
2008-10-29,0.0,0.0,0.0,0.0,0.0,0,0.0,0,0.0,0.0,0.0,315.5,-0.08949011446409989,0.04357212953876349,100.0
2008-10-30,0.0,0.0,0.0,0.0,0.0,0,0.0,0,0.0,0.0,0.0,306.25,-0.08949011446409989,0.04357212953876349,100.0
2008-10-31,0.0,0.0,0.0,0.0,0.0,0,0.0,0,0.0,0.0,0.0,300.5,-0.08949011446409989,0.04357212953876349,100.0
2008-11-03,0.0,0.0,0.0,0.0,0.0,0,0.0,0,0.0,0.0,0.0,295.0,-0.08949011446409989,0.04357212953876349,100.0
2008-11-04,0.0,0.0,0.0,0.0,0.0,0,0.0,0,0.0,0.0,0.0,278.75,-0.08949011446409989,0.04357212953876349,100.0
2008-11-05,0.0,0.0,0.0,0.0,0.0,0,0.0,0,0.0,0.0,0.0,296.0,-0.08949011446409989,0.04357212953876349,100.0
2008-11-06,0.0,0.0,0.0,0.0,0.0,0,0.0,0,0.0,0.0,0.0,297.0,-0.08949011446409989,0.04357212953876349,100.0
2008-11-07,0.0,0.0,0.0,0.0,0.0,0,0.0,0,0.0,0.0,0.0,278.0,-0.08949011446409989,0.04357212953876349,100.0
2008-11-10,0.0,0.0,0.0,0.0,0.0,0,0.0,0,0.0,0.0,0.0,266.0,-0.08949011446409989,0.04357212953876349,100.0
2008-11-11,0.0,0.0,0.0,0.0,0.0,0,0.0,0,0.0,0.0,0.0,271.5,-0.08949011446409989,0.04357212953876349,100.0
2008-11-12,0.0,0.0,0.0,0.0,0.0,0,0.0,0,0.0,0.0,0.0,274.75,-0.08949011446409989,0.04357212953876349,100.0
2008-11-13,0.0,0.0,0.0,0.0,0.0,0,0.0,0,0.0,0.0,0.0,237.0,-0.08949011446409989,0.04357212953876349,100.0
2008-11-14,0.0,0.0,0.0,0.0,0.0,0,0.0,0,0.0,0.0,0.0,272.75,-0.08949011446409989,0.04357212953876349,100.0
2008-11-17,0.0,0.0,0.0,0.0,0.0,0,0.0,0,0.0,0.0,0.0,292.75,-0.08949011446409989,0.04357212953876349,100.0
2008-11-18,0.0,0.0,0.0,0.0,0.0,0,0.0,0,0.0,0.0,0.0,276.0,-0.08949011446409989,0.04357212953876349,100.0
2008-11-19,0.0,0.0,0.0,0.0,0.0,0,0.0,0,0.0,0.0,0.0,300.0,-0.08949011446409989,0.04357212953876349,100.0
2008-11-20,0.0,0.0,0.0,0.0,0.0,0,0.0,0,0.0,0.0,0.0,321.5,-0.08949011446409989,0.04357212953876349,100.0
2008-11-21,0.0,0.0,0.0,0.0,0.0,0,0.0,0,0.0,0.0,0.0,296.5,-0.08949011446409989,0.04357212953876349,100.0
2008-11-24,0.0,0.0,0.0,0.0,0.0,0,0.0,0,0.0,0.0,0.0,301.5,-0.08949011446409989,0.04357212953876349,100.0
2008-11-25,0.0,0.0,0.0,0.0,0.0,0,0.0,0,0.0,0.0,0.0,298.5,-0.08949011446409989,0.04357212953876349,100.0
2008-11-26,0.0,0.0,0.0,0.0,0.0,0,0.0,0,0.0,0.0,0.0,296.5,-0.08949011446409989,0.04357212953876349,100.0
2008-11-27,0.0,0.0,0.0,0.0,0.0,0,0.0,0,0.0,0.0,0.0,295.25,-0.08949011446409989,0.04357212953876349,100.0
2008-11-28,0.0,0.0,0.0,0.0,0.0,0,0.0,0,0.0,0.0,0.0,293.0,-0.08949011446409989,0.04357212953876349,100.0
2008-12-01,0.0,0.0,0.0,0.0,0.0,0,0.0,0,0.0,0.0,0.0,314.0,-0.08949011446409989,0.04357212953876349,100.0
2008-12-02,0.0,0.0,0.0,0.0,0.0,0,0.0,0,0.0,0.0,0.0,305.5,-0.08949011446409989,0.04357212953876349,100.0
2008-12-03,0.0,0.0,0.0,0.0,0.0,0,0.0,0,0.0,0.0,0.0,288.5,-0.08949011446409989,0.04357212953876349,100.0
2008-12-04,0.0,0.0,0.0,0.0,0.0,0,0.0,0,0.0,0.0,0.0,281.0,-0.08949011446409989,0.04357212953876349,100.0
2008-12-05,0.0,0.0,0.0,0.0,0.0,0,0.0,0,0.0,0.0,0.0,266.25,-0.08949011446409989,0.04357212953876349,100.0
2008-12-08,0.0,0.0,0.0,0.0,0.0,0,0.0,0,0.0,0.0,0.0,276.75,-0.08949011446409989,0.04357212953876349,100.0
2008-12-09,0.0,0.0,0.0,0.0,0.0,0,0.0,0,0.0,0.0,0.0,278.25,-0.08949011446409989,0.04357212953876349,100.0
2008-12-10,0.0,0.0,0.0,0.0,0.0,0,0.0,0,0.0,0.0,0.0,274.0,-0.08949011446409989,0.04357212953876349,100.0
2008-12-11,0.0,0.0,0.0,0.0,0.0,0,0.0,0,0.0,0.0,0.0,278.25,-0.08949011446409989,0.04357212953876349,100.0
2008-12-12,0.0,0.0,0.0,0.0,0.0,0,0.0,0,0.0,0.0,0.0,271.5,-0.08949011446409989,0.04357212953876349,100.0
2008-12-15,0.0,0.0,0.0,0.0,0.0,0,0.0,0,0.0,0.0,0.0,256.25,-0.08949011446409989,0.04357212953876349,100.0
2008-12-16,0.0,0.0,0.0,0.0,0.0,0,0.0,0,0.0,0.0,0.0,256.75,-0.08949011446409989,0.04357212953876349,100.0
2008-12-17,0.0,0.0,0.0,0.0,0.0,0,0.0,0,0.0,0.0,0.0,259.0,-0.08949011446409989,0.04357212953876349,100.0
2008-12-18,0.0,0.0,0.0,0.0,0.0,0,0.0,0,0.0,0.0,0.0,252.75,-0.08949011446409989,0.04357212953876349,100.0
2008-12-19,0.0,0.0,0.0,0.0,0.0,0,0.0,0,0.0,0.0,0.0,248.25,-0.08949011446409989,0.04357212953876349,100.0
2008-12-22,0.0,0.0,0.0,0.0,0.0,0,0.0,0,0.0,0.0,0.0,228.0,-0.08949011446409989,0.04357212953876349,100.0
2008-12-23,0.0,0.0,0.0,0.0,0.0,0,0.0,0,0.0,0.0,0.0,229.25,-0.08949011446409989,0.04357212953876349,100.0
2008-12-24,0.0,0.0,0.0,0.0,0.0,0,0.0,0,0.0,0.0,0.0,229.25,-0.08949011446409989,0.04357212953876349,100.0
2008-12-25,0.0,0.0,0.0,0.0,0.0,0,0.0,0,0.0,0.0,0.0,229.25,-0.08949011446409989,0.04357212953876349,100.0
2008-12-26,0.0,0.0,0.0,0.0,0.0,0,0.0,0,0.0,0.0,0.0,231.75,-0.08949011446409989,0.04357212953876349,100.0
2008-12-29,0.0,0.0,0.0,0.0,0.0,0,0.0,0,0.0,0.0,0.0,227.25,-0.08949011446409989,0.04357212953876349,100.0
2008-12-30,0.0,0.0,0.0,0.0,0.0,0,0.0,0,0.0,0.0,0.0,219.5,-0.08949011446409989,0.04357212953876349,100.0
2008-12-31,0.0,0.0,0.0,0.0,0.0,0,0.0,0,0.0,0.0,0.0,221.5,-0.08949011446409989,0.04357212953876349,100.0
2009-01-01,0.0,0.0,0.0,0.0,0.0,0,0.0,0,0.0,0.0,0.0,221.5,-0.08949011446409989,0.04357212953876349,100.0
2009-01-02,0.0,0.0,0.0,0.0,0.0,0,0.0,0,0.0,0.0,0.0,218.5,-0.08949011446409989,0.04357212953876349,100.0
2009-01-05,0.0,0.0,0.0,0.0,0.0,0,0.0,0,0.0,0.0,0.0,213.75,-0.08949011446409989,0.04357212953876349,100.0
2009-01-06,0.0,0.0,0.0,0.0,0.0,0,0.0,0,0.0,0.0,0.0,214.25,-0.08949011446409989,0.04357212953876349,100.0
2009-01-07,0.0,0.0,0.0,0.0,0.0,0,0.0,0,0.0,0.0,0.0,211.0,-0.08949011446409989,0.04357212953876349,100.0
2009-01-08,0.0,0.0,0.0,0.0,0.0,0,0.0,0,0.0,0.0,0.0,206.75,-0.08949011446409989,0.04357212953876349,100.0
2009-01-09,0.0,0.0,0.0,0.0,0.0,0,0.0,0,0.0,0.0,0.0,211.0,-0.08949011446409989,0.04357212953876349,100.0
2009-01-12,0.0,0.0,0.0,0.0,0.0,0,0.0,0,0.0,0.0,0.0,207.0,-0.08949011446409989,0.04357212953876349,100.0
2009-01-13,0.0,0.0,0.0,0.0,0.0,0,0.0,0,0.0,0.0,0.0,204.0,-0.08949011446409989,0.04357212953876349,100.0
2009-01-14,0.0,0.0,0.0,0.0,0.0,0,0.0,0,0.0,0.0,0.0,201.0,-0.08949011446409989,0.04357212953876349,100.0
2009-01-15,0.0,0.0,0.0,0.0,0.0,0,0.0,0,0.0,0.0,0.0,198.25,-0.08949011446409989,0.04357212953876349,100.0
2009-01-16,0.0,0.0,0.0,0.0,0.0,0,0.0,0,0.0,0.0,0.0,193.5,-0.08949011446409989,0.04357212953876349,100.0
2009-01-19,0.0,0.0,0.0,0.0,0.0,0,0.0,0,0.0,0.0,0.0,193.5,-0.08949011446409989,0.04357212953876349,100.0
2009-01-20,0.0,0.0,0.0,0.0,0.0,0,0.0,0,0.0,0.0,0.0,198.0,-0.08949011446409989,0.04357212953876349,100.0
2009-01-21,0.0,0.0,0.0,0.0,0.0,0,0.0,0,0.0,0.0,0.0,183.25,-0.08949011446409989,0.04357212953876349,100.0
2009-01-22,0.0,0.0,0.0,0.0,0.0,0,0.0,0,0.0,0.0,0.0,177.75,-0.08949011446409989,0.04357212953876349,100.0
2009-01-23,0.0,0.0,0.0,0.0,0.0,0,0.0,0,0.0,0.0,0.0,175.0,-0.08949011446409989,0.04357212953876349,100.0
2009-01-26,0.0,0.0,0.0,0.0,0.0,0,0.0,0,0.0,0.0,0.0,182.0,-0.08949011446409989,0.04357212953876349,100.0
2009-01-27,0.0,0.0,0.0,0.0,0.0,0,0.0,0,0.0,0.0,0.0,188.5,-0.08949011446409989,0.04357212953876349,100.0
2009-01-28,0.0,0.0,0.0,0.0,0.0,0,0.0,0,0.0,0.0,0.0,177.5,-0.08949011446409989,0.04357212953876349,100.0
2009-01-29,0.0,0.0,0.0,0.0,0.0,0,0.0,0,0.0,0.0,0.0,179.25,-0.08949011446409989,0.04357212953876349,100.0
2009-01-30,0.0,0.0,0.0,0.0,0.0,0,0.0,0,0.0,0.0,0.0,181.0,-0.08949011446409989,0.04357212953876349,100.0
2009-02-02,0.0,0.0,0.0,0.0,0.0,0,0.0,0,0.0,0.0,0.0,179.5,-0.08949011446409989,0.04357212953876349,100.0
2009-02-03,0.0,0.0,0.0,0.0,0.0,0,0.0,0,0.0,0.0,0.0,182.75,-0.08949011446409989,0.04357212953876349,100.0
2009-02-04,0.0,0.0,0.0,0.0,0.0,0,0.0,0,0.0,0.0,0.0,185.0,-0.08949011446409989,0.04357212953876349,100.0
2009-02-05,0.0,0.0,0.0,0.0,0.0,0,0.0,0,0.0,0.0,0.0,186.5,-0.08949011446409989,0.04357212953876349,100.0
2009-02-06,0.0,0.0,0.0,0.0,0.0,0,0.0,0,0.0,0.0,0.0,186.25,-0.08949011446409989,0.04357212953876349,100.0
2009-02-09,0.0,0.0,0.0,0.0,0.0,0,0.0,0,0.0,0.0,0.0,186.75,-0.08949011446409989,0.04357212953876349,100.0
2009-02-10,0.0,0.0,0.0,0.0,0.0,0,0.0,0,0.0,0.0,0.0,184.5,-0.08949011446409989,0.04357212953876349,100.0
2009-02-11,0.0,0.0,0.0,0.0,0.0,0,0.0,0,0.0,0.0,0.0,184.0,-0.08949011446409989,0.04357212953876349,100.0
2009-02-12,0.0,0.0,0.0,0.0,0.0,0,0.0,0,0.0,0.0,0.0,167.5,-0.08949011446409989,0.04357212953876349,100.0
2009-02-13,0.0,0.0,0.0,0.0,0.0,0,0.0,0,0.0,0.0,0.0,170.5,-0.08949011446409989,0.04357212953876349,100.0
2009-02-16,0.0,0.0,0.0,0.0,0.0,0,0.0,0,0.0,0.0,0.0,170.5,-0.08949011446409989,0.04357212953876349,100.0
2009-02-17,0.0,0.0,0.0,0.0,0.0,0,0.0,0,0.0,0.0,0.0,170.75,-0.08949011446409989,0.04357212953876349,100.0
2009-02-18,0.0,0.0,0.0,0.0,0.0,0,0.0,0,0.0,0.0,0.0,172.0,-0.08949011446409989,0.04357212953876349,100.0
2009-02-19,0.0,0.0,0.0,0.0,0.0,0,0.0,0,0.0,0.0,0.0,174.5,-0.08949011446409989,0.04357212953876349,100.0
2009-02-20,0.0,0.0,0.0,0.0,0.0,0,0.0,0,0.0,0.0,0.0,169.75,-0.08949011446409989,0.04357212953876349,100.0
2009-02-23,0.0,0.0,0.0,0.0,0.0,0,0.0,0,0.0,0.0,0.0,175.0,-0.08949011446409989,0.04357212953876349,100.0
2009-02-24,0.0,0.0,0.0,0.0,0.0,0,0.0,0,0.0,0.0,0.0,179.0,-0.08949011446409989,0.04357212953876349,100.0
2009-02-25,0.0,0.0,0.0,0.0,0.0,0,0.0,0,0.0,0.0,0.0,200.75,-0.08949011446409989,0.04357212953876349,100.0
2009-02-26,0.0,0.0,0.0,0.0,0.0,0,0.0,0,0.0,0.0,0.0,204.25,-0.08949011446409989,0.04357212953876349,100.0
2009-02-27,0.0,0.0,0.0,0.0,0.0,0,0.0,0,0.0,0.0,0.0,205.75,-0.08949011446409989,0.04357212953876349,100.0
2009-03-02,0.0,0.0,0.0,0.0,0.0,0,0.0,0,0.0,0.0,0.0,205.25,-0.08949011446409989,0.04357212953876349,100.0
2009-03-03,0.0,0.0,0.0,0.0,0.0,0,0.0,0,0.0,0.0,0.0,207.75,-0.08949011446409989,0.04357212953876349,100.0
2009-03-04,0.0,0.0,0.0,0.0,0.0,0,0.0,0,0.0,0.0,0.0,221.5,-0.08949011446409989,0.04357212953876349,100.0
2009-03-05,0.0,0.0,0.0,0.0,0.0,0,0.0,0,0.0,0.0,0.0,226.75,-0.08949011446409989,0.04357212953876349,100.0
2009-03-06,0.0,0.0,0.0,0.0,0.0,0,0.0,0,0.0,0.0,0.0,207.25,-0.08949011446409989,0.04357212953876349,100.0
2009-03-09,0.0,0.0,0.0,0.0,0.0,0,0.0,0,0.0,0.0,0.0,207.25,-0.08949011446409989,0.04357212953876349,100.0
2009-03-10,0.0,0.0,0.0,0.0,0.0,0,0.0,0,0.0,0.0,0.0,206.75,-0.08949011446409989,0.04357212953876349,100.0
2009-03-11,0.0,0.0,0.0,0.0,0.0,0,0.0,0,0.0,0.0,0.0,213.0,-0.08949011446409989,0.04357212953876349,100.0
2009-03-12,0.0,0.0,0.0,0.0,0.0,0,0.0,0,0.0,0.0,0.0,208.75,-0.08949011446409989,0.04357212953876349,100.0
2009-03-13,0.0,0.0,0.0,0.0,0.0,0,0.0,0,0.0,0.0,0.0,211.5,-0.08949011446409989,0.04357212953876349,100.0
2009-03-16,0.0,0.0,0.0,0.0,0.0,0,0.0,0,0.0,0.0,0.0,214.0,-0.08949011446409989,0.04357212953876349,100.0
2009-03-17,0.0,0.0,0.0,0.0,0.0,0,0.0,0,0.0,0.0,0.0,206.0,-0.08949011446409989,0.04357212953876349,100.0
2009-03-18,0.0,0.0,0.0,0.0,0.0,0,0.0,0,0.0,0.0,0.0,202.75,-0.08949011446409989,0.04357212953876349,100.0
2009-03-19,0.0,0.0,0.0,0.0,0.0,0,0.0,0,0.0,0.0,0.0,202.0,-0.08949011446409989,0.04357212953876349,100.0
2009-03-20,0.0,0.0,0.0,0.0,0.0,0,0.0,0,0.0,0.0,0.0,205.0,-0.08949011446409989,0.04357212953876349,100.0
2009-03-23,0.0,0.0,0.0,0.0,0.0,0,0.0,0,0.0,0.0,0.0,194.0,-0.08949011446409989,0.04357212953876349,100.0
2009-03-24,0.0,0.0,0.0,0.0,0.0,0,0.0,0,0.0,0.0,0.0,203.25,-0.08949011446409989,0.04357212953876349,100.0
2009-03-25,0.0,0.0,0.0,0.0,0.0,0,0.0,0,0.0,0.0,0.0,185.75,-0.08949011446409989,0.04357212953876349,100.0
2009-03-26,0.0,0.0,0.0,0.0,0.0,0,0.0,0,0.0,0.0,0.0,181.5,-0.08949011446409989,0.04357212953876349,100.0
2009-03-27,0.0,0.0,0.0,0.0,0.0,0,0.0,0,0.0,0.0,0.0,186.25,-0.08949011446409989,0.04357212953876349,100.0
2009-03-30,0.0,0.0,0.0,0.0,0.0,0,0.0,0,0.0,0.0,0.0,176.0,-0.08949011446409989,0.04357212953876349,100.0
2009-03-31,0.0,0.0,0.0,0.0,0.0,0,0.0,0,0.0,0.0,0.0,191.5,-0.08949011446409989,0.04357212953876349,100.0
2009-04-01,0.0,0.0,0.0,0.0,0.0,0,0.0,0,0.0,0.0,0.0,185.25,-0.08949011446409989,0.04357212953876349,100.0
2009-04-02,0.0,0.0,0.0,0.0,0.0,0,0.0,0,0.0,0.0,0.0,198.0,-0.08949011446409989,0.04357212953876349,100.0
2009-04-03,0.0,0.0,0.0,0.0,0.0,0,0.0,0,0.0,0.0,0.0,188.5,-0.08949011446409989,0.04357212953876349,100.0
2009-04-06,0.0,0.0,0.0,0.0,0.0,0,0.0,0,0.0,0.0,0.0,181.25,-0.08949011446409989,0.04357212953876349,100.0
2009-04-07,0.0,0.0,0.0,0.0,0.0,0,0.0,0,0.0,0.0,0.0,184.0,-0.08949011446409989,0.04357212953876349,100.0
2009-04-08,0.0,0.0,0.0,0.0,0.0,0,0.0,0,0.0,0.0,0.0,177.5,-0.08949011446409989,0.04357212953876349,100.0
2009-04-09,0.0,0.0,0.0,0.0,0.0,0,0.0,0,0.0,0.0,0.0,178.5,-0.08949011446409989,0.04357212953876349,100.0
2009-04-10,0.0,0.0,0.0,0.0,0.0,0,0.0,0,0.0,0.0,0.0,178.5,-0.08949011446409989,0.04357212953876349,100.0
2009-04-13,0.0,0.0,0.0,0.0,0.0,0,0.0,0,0.0,0.0,0.0,180.75,-0.08949011446409989,0.04357212953876349,100.0
2009-04-14,0.0,0.0,0.0,0.0,0.0,0,0.0,0,0.0,0.0,0.0,180.5,-0.08949011446409989,0.04357212953876349,100.0
2009-04-15,0.0,0.0,0.0,0.0,0.0,0,0.0,0,0.0,0.0,0.0,166.25,-0.08949011446409989,0.04357212953876349,100.0
2009-04-16,0.0,0.0,0.0,0.0,0.0,0,0.0,0,0.0,0.0,0.0,169.75,-0.08949011446409989,0.04357212953876349,100.0
2009-04-17,0.0,0.0,0.0,0.0,0.0,0,0.0,0,0.0,0.0,0.0,175.25,-0.08949011446409989,0.04357212953876349,100.0
2009-04-20,0.0,0.0,0.0,0.0,0.0,0,0.0,0,0.0,0.0,0.0,170.75,-0.08949011446409989,0.04357212953876349,100.0
2009-04-21,0.0,0.0,0.0,0.0,0.0,0,0.0,0,0.0,0.0,0.0,167.75,-0.08949011446409989,0.04357212953876349,100.0
2009-04-22,0.0,0.0,0.0,0.0,0.0,0,0.0,0,0.0,0.0,0.0,189.25,-0.08949011446409989,0.04357212953876349,100.0
2009-04-23,0.0,0.0,0.0,0.0,0.0,0,0.0,0,0.0,0.0,0.0,182.5,-0.08949011446409989,0.04357212953876349,100.0
2009-04-24,0.0,0.0,0.0,0.0,0.0,0,0.0,0,0.0,0.0,0.0,186.5,-0.08949011446409989,0.04357212953876349,100.0
2009-04-27,0.0,0.0,0.0,0.0,0.0,0,0.0,0,0.0,0.0,0.0,184.75,-0.08949011446409989,0.04357212953876349,100.0
2009-04-28,0.0,0.0,0.0,0.0,0.0,0,0.0,0,0.0,0.0,0.0,191.25,-0.08949011446409989,0.04357212953876349,100.0
2009-04-29,0.0,0.0,0.0,0.0,0.0,0,0.0,0,0.0,0.0,0.0,195.75,-0.08949011446409989,0.04357212953876349,100.0
2009-04-30,0.0,0.0,0.0,0.0,0.0,0,0.0,0,0.0,0.0,0.0,190.25,-0.08949011446409989,0.04357212953876349,100.0
2009-05-01,0.0,0.0,0.0,0.0,0.0,0,0.0,0,0.0,0.0,0.0,182.25,-0.08949011446409989,0.04357212953876349,100.0
2009-05-04,0.0,0.0,0.0,0.0,0.0,0,0.0,0,0.0,0.0,0.0,179.25,-0.08949011446409989,0.04357212953876349,100.0
2009-05-05,0.0,0.0,0.0,0.0,0.0,0,0.0,0,0.0,0.0,0.0,173.75,-0.08949011446409989,0.04357212953876349,100.0
2009-05-06,0.0,0.0,0.0,0.0,0.0,0,0.0,0,0.0,0.0,0.0,169.25,-0.08949011446409989,0.04357212953876349,100.0
2009-05-07,0.0,0.0,0.0,0.0,0.0,0,0.0,0,0.0,0.0,0.0,167.25,-0.08949011446409989,0.04357212953876349,100.0
2009-05-08,0.0,0.0,0.0,0.0,0.0,0,0.0,0,0.0,0.0,0.0,171.0,-0.08949011446409989,0.04357212953876349,100.0
2009-05-11,0.0,0.0,0.0,0.0,0.0,0,0.0,0,0.0,0.0,0.0,176.75,-0.08949011446409989,0.04357212953876349,100.0
2009-05-12,0.0,0.0,0.0,0.0,0.0,0,0.0,0,0.0,0.0,0.0,185.5,-0.08949011446409989,0.04357212953876349,100.0
2009-05-13,0.0,0.0,0.0,0.0,0.0,0,0.0,0,0.0,0.0,0.0,184.5,-0.08949011446409989,0.04357212953876349,100.0
2009-05-14,0.0,0.0,0.0,0.0,0.0,0,0.0,0,0.0,0.0,0.0,191.5,-0.08949011446409989,0.04357212953876349,100.0
2009-05-15,0.0,0.0,0.0,0.0,0.0,0,0.0,0,0.0,0.0,0.0,195.25,-0.08949011446409989,0.04357212953876349,100.0
2009-05-18,0.0,0.0,0.0,0.0,0.0,0,0.0,0,0.0,0.0,0.0,190.0,-0.08949011446409989,0.04357212953876349,100.0
2009-05-19,0.0,0.0,0.0,0.0,0.0,0,0.0,0,0.0,0.0,0.0,200.75,-0.08949011446409989,0.04357212953876349,100.0
2009-05-20,0.0,0.0,0.0,0.0,0.0,0,0.0,0,0.0,0.0,0.0,208.75,-0.08949011446409989,0.04357212953876349,100.0
2009-05-21,0.0,0.0,0.0,0.0,0.0,0,0.0,0,0.0,0.0,0.0,200.0,-0.08949011446409989,0.04357212953876349,100.0
2009-05-22,0.0,0.0,0.0,0.0,0.0,0,0.0,0,0.0,0.0,0.0,207.25,-0.08949011446409989,0.04357212953876349,100.0
2009-05-25,0.0,0.0,0.0,0.0,0.0,0,0.0,0,0.0,0.0,0.0,207.25,-0.08949011446409989,0.04357212953876349,100.0
2009-05-26,0.0,0.0,0.0,0.0,0.0,0,0.0,0,0.0,0.0,0.0,204.25,-0.08949011446409989,0.04357212953876349,100.0
2009-05-27,0.0,0.0,0.0,0.0,0.0,0,0.0,0,0.0,0.0,0.0,204.25,-0.08949011446409989,0.04357212953876349,100.0
2009-05-28,0.0,0.0,0.0,0.0,0.0,0,0.0,0,0.0,0.0,0.0,201.25,-0.08949011446409989,0.04357212953876349,100.0
2009-05-29,0.0,0.0,0.0,0.0,0.0,0,0.0,0,0.0,0.0,0.0,189.25,-0.08949011446409989,0.04357212953876349,100.0
2009-06-01,0.0,0.0,0.0,0.0,0.0,0,0.0,0,0.0,0.0,0.0,187.0,-0.08949011446409989,0.04357212953876349,100.0
2009-06-02,0.0,0.0,0.0,0.0,0.0,0,0.0,0,0.0,0.0,0.0,190.5,-0.08949011446409989,0.04357212953876349,100.0
2009-06-03,0.0,0.0,0.0,0.0,0.0,0,0.0,0,0.0,0.0,0.0,180.0,-0.08949011446409989,0.04357212953876349,100.0
2009-06-04,0.0,0.0,0.0,0.0,0.0,0,0.0,0,0.0,0.0,0.0,180.25,-0.08949011446409989,0.04357212953876349,100.0
2009-06-05,0.0,0.0,0.0,0.0,0.0,0,0.0,0,0.0,0.0,0.0,178.5,-0.08949011446409989,0.04357212953876349,100.0
2009-06-08,0.0,0.0,0.0,0.0,0.0,0,0.0,0,0.0,0.0,0.0,177.75,-0.08949011446409989,0.04357212953876349,100.0
2009-06-09,0.0,0.0,0.0,0.0,0.0,0,0.0,0,0.0,0.0,0.0,180.0,-0.08949011446409989,0.04357212953876349,100.0
2009-06-10,0.0,0.0,0.0,0.0,0.0,0,0.0,0,0.0,0.0,0.0,166.5,-0.08949011446409989,0.04357212953876349,100.0
2009-06-11,0.0,0.0,0.0,0.0,0.0,0,0.0,0,0.0,0.0,0.0,175.5,-0.08949011446409989,0.04357212953876349,100.0
2009-06-12,0.0,0.0,0.0,0.0,0.0,0,0.0,0,0.0,0.0,0.0,173.75,-0.08949011446409989,0.04357212953876349,100.0
2009-06-15,0.0,0.0,0.0,0.0,0.0,0,0.0,0,0.0,0.0,0.0,170.5,-0.08949011446409989,0.04357212953876349,100.0
2009-06-16,0.0,0.0,0.0,0.0,0.0,0,0.0,0,0.0,0.0,0.0,174.5,-0.08949011446409989,0.04357212953876349,100.0
2009-06-17,0.0,0.0,0.0,0.0,0.0,0,0.0,0,0.0,0.0,0.0,176.5,-0.08949011446409989,0.04357212953876349,100.0
2009-06-18,0.0,0.0,0.0,0.0,0.0,0,0.0,0,0.0,0.0,0.0,177.25,-0.08949011446409989,0.04357212953876349,100.0
2009-06-19,0.0,0.0,0.0,0.0,0.0,0,0.0,0,0.0,0.0,0.0,178.5,-0.08949011446409989,0.04357212953876349,100.0
2009-06-22,0.0,0.0,0.0,0.0,0.0,0,0.0,0,0.0,0.0,0.0,182.5,-0.08949011446409989,0.04357212953876349,100.0
2009-06-23,0.0,0.0,0.0,0.0,0.0,0,0.0,0,0.0,0.0,0.0,187.0,-0.08949011446409989,0.04357212953876349,100.0
2009-06-24,0.0,0.0,0.0,0.0,0.0,0,0.0,0,0.0,0.0,0.0,186.0,-0.08949011446409989,0.04357212953876349,100.0
2009-06-25,0.0,0.0,0.0,0.0,0.0,0,0.0,0,0.0,0.0,0.0,182.5,-0.08949011446409989,0.04357212953876349,100.0
2009-06-26,0.0,0.0,0.0,0.0,0.0,0,0.0,0,0.0,0.0,0.0,183.0,-0.08949011446409989,0.04357212953876349,100.0
2009-06-29,0.0,0.0,0.0,0.0,0.0,0,0.0,0,0.0,0.0,0.0,185.5,-0.08949011446409989,0.04357212953876349,100.0
2009-06-30,0.0,0.0,0.0,0.0,0.0,0,0.0,0,0.0,0.0,0.0,184.0,-0.08949011446409989,0.04357212953876349,100.0
2009-07-01,0.0,0.0,0.0,0.0,0.0,0,0.0,0,0.0,0.0,0.0,189.0,-0.08949011446409989,0.04357212953876349,100.0
2009-07-02,0.0,0.0,0.0,0.0,0.0,0,0.0,0,0.0,0.0,0.0,189.5,-0.08949011446409989,0.04357212953876349,100.0
2009-07-03,0.0,0.0,0.0,0.0,0.0,0,0.0,0,0.0,0.0,0.0,189.5,-0.08949011446409989,0.04357212953876349,100.0
2009-07-06,0.0,0.0,0.0,0.0,0.0,0,0.0,0,0.0,0.0,0.0,185.25,-0.08949011446409989,0.04357212953876349,100.0
2009-07-07,0.0,0.0,0.0,0.0,0.0,0,0.0,0,0.0,0.0,0.0,191.75,-0.08949011446409989,0.04357212953876349,100.0
2009-07-08,0.0,0.0,0.0,0.0,0.0,0,0.0,0,0.0,0.0,0.0,183.25,-0.08949011446409989,0.04357212953876349,100.0
2009-07-09,0.0,0.0,0.0,0.0,0.0,0,0.0,0,0.0,0.0,0.0,187.25,-0.08949011446409989,0.04357212953876349,100.0
2009-07-10,0.0,0.0,0.0,0.0,0.0,0,0.0,0,0.0,0.0,0.0,184.5,-0.08949011446409989,0.04357212953876349,100.0
2009-07-13,0.0,0.0,0.0,0.0,0.0,0,0.0,0,0.0,0.0,0.0,182.75,-0.08949011446409989,0.04357212953876349,100.0
2009-07-14,0.0,0.0,0.0,0.0,0.0,0,0.0,0,0.0,0.0,0.0,181.0,-0.08949011446409989,0.04357212953876349,100.0
2009-07-15,0.0,0.0,0.0,0.0,0.0,0,0.0,0,0.0,0.0,0.0,178.75,-0.08949011446409989,0.04357212953876349,100.0
2009-07-16,0.0,0.0,0.0,0.0,0.0,0,0.0,0,0.0,0.0,0.0,180.75,-0.08949011446409989,0.04357212953876349,100.0
2009-07-17,0.0,0.0,0.0,0.0,0.0,0,0.0,0,0.0,0.0,0.0,178.25,-0.08949011446409989,0.04357212953876349,100.0
2009-07-20,0.0,0.0,0.0,0.0,0.0,0,0.0,0,0.0,0.0,0.0,175.5,-0.08949011446409989,0.04357212953876349,100.0
2009-07-21,0.0,0.0,0.0,0.0,0.0,0,0.0,0,0.0,0.0,0.0,171.5,-0.08949011446409989,0.04357212953876349,100.0
2009-07-22,0.0,0.0,0.0,0.0,0.0,0,0.0,0,0.0,0.0,0.0,167.75,-0.08949011446409989,0.04357212953876349,100.0
2009-07-23,0.0,0.0,0.0,0.0,0.0,0,0.0,0,0.0,0.0,0.0,170.75,-0.08949011446409989,0.04357212953876349,100.0
2009-07-24,0.0,0.0,0.0,0.0,0.0,0,0.0,0,0.0,0.0,0.0,166.75,-0.08949011446409989,0.04357212953876349,100.0
2009-07-27,0.0,0.0,0.0,0.0,0.0,0,0.0,0,0.0,0.0,0.0,160.5,-0.08949011446409989,0.04357212953876349,100.0
2009-07-28,0.0,0.0,0.0,0.0,0.0,0,0.0,0,0.0,0.0,0.0,153.0,-0.08949011446409989,0.04357212953876349,100.0
2009-07-29,0.0,0.0,0.0,0.0,0.0,0,0.0,0,0.0,0.0,0.0,149.0,-0.08949011446409989,0.04357212953876349,100.0
2009-07-30,0.0,0.0,0.0,0.0,0.0,0,0.0,0,0.0,0.0,0.0,161.75,-0.08949011446409989,0.04357212953876349,100.0
2009-07-31,0.0,0.0,0.0,0.0,0.0,0,0.0,0,0.0,0.0,0.0,170.25,-0.08949011446409989,0.04357212953876349,100.0
2009-08-03,0.0,0.0,0.0,0.0,0.0,0,0.0,0,0.0,0.0,0.0,169.25,-0.08949011446409989,0.04357212953876349,100.0
2009-08-04,0.0,0.0,0.0,0.0,0.0,0,0.0,0,0.0,0.0,0.0,163.0,-0.08949011446409989,0.04357212953876349,100.0
2009-08-05,0.0,0.0,0.0,0.0,0.0,0,0.0,0,0.0,0.0,0.0,166.25,-0.08949011446409989,0.04357212953876349,100.0
2009-08-06,0.0,0.0,0.0,0.0,0.0,0,0.0,0,0.0,0.0,0.0,168.75,-0.08949011446409989,0.04357212953876349,100.0
2009-08-07,0.0,0.0,0.0,0.0,0.0,0,0.0,0,0.0,0.0,0.0,170.25,-0.08949011446409989,0.04357212953876349,100.0
2009-08-10,0.0,0.0,0.0,0.0,0.0,0,0.0,0,0.0,0.0,0.0,168.0,-0.08949011446409989,0.04357212953876349,100.0
2009-08-11,0.0,0.0,0.0,0.0,0.0,0,0.0,0,0.0,0.0,0.0,171.75,-0.08949011446409989,0.04357212953876349,100.0
2009-08-12,0.0,0.0,0.0,0.0,0.0,0,0.0,0,0.0,0.0,0.0,182.75,-0.08949011446409989,0.04357212953876349,100.0
2009-08-13,0.0,0.0,0.0,0.0,0.0,0,0.0,0,0.0,0.0,0.0,180.75,-0.08949011446409989,0.04357212953876349,100.0
2009-08-14,0.0,0.0,0.0,0.0,0.0,0,0.0,0,0.0,0.0,0.0,172.25,-0.08949011446409989,0.04357212953876349,100.0
2009-08-17,0.0,0.0,0.0,0.0,0.0,0,0.0,0,0.0,0.0,0.0,170.75,-0.08949011446409989,0.04357212953876349,100.0
2009-08-18,0.0,0.0,0.0,0.0,0.0,0,0.0,0,0.0,0.0,0.0,174.0,-0.08949011446409989,0.04357212953876349,100.0
2009-08-19,0.0,0.0,0.0,0.0,0.0,0,0.0,0,0.0,0.0,0.0,171.0,-0.08949011446409989,0.04357212953876349,100.0
2009-08-20,0.0,0.0,0.0,0.0,0.0,0,0.0,0,0.0,0.0,0.0,171.0,-0.08949011446409989,0.04357212953876349,100.0
2009-08-21,0.0,0.0,0.0,0.0,0.0,0,0.0,0,0.0,0.0,0.0,172.5,-0.08949011446409989,0.04357212953876349,100.0
2009-08-24,0.0,0.0,0.0,0.0,0.0,0,0.0,0,0.0,0.0,0.0,174.0,-0.08949011446409989,0.04357212953876349,100.0
2009-08-25,0.0,0.0,0.0,0.0,0.0,0,0.0,0,0.0,0.0,0.0,176.75,-0.08949011446409989,0.04357212953876349,100.0
2009-08-26,0.0,0.0,0.0,0.0,0.0,0,0.0,0,0.0,0.0,0.0,176.25,-0.08949011446409989,0.04357212953876349,100.0
2009-08-27,0.0,0.0,0.0,0.0,0.0,0,0.0,0,0.0,0.0,0.0,171.25,-0.08949011446409989,0.04357212953876349,100.0
2009-08-28,0.0,0.0,0.0,0.0,0.0,0,0.0,0,0.0,0.0,0.0,176.75,-0.08949011446409989,0.04357212953876349,100.0
2009-08-31,0.0,0.0,0.0,0.0,0.0,0,0.0,0,0.0,0.0,0.0,170.75,-0.08949011446409989,0.04357212953876349,100.0
2009-09-01,0.0,0.0,0.0,0.0,0.0,0,0.0,0,0.0,0.0,0.0,171.25,-0.08949011446409989,0.04357212953876349,100.0
2009-09-02,0.0,0.0,0.0,0.0,0.0,0,0.0,0,0.0,0.0,0.0,178.0,-0.08949011446409989,0.04357212953876349,100.0
2009-09-03,0.0,0.0,0.0,0.0,0.0,0,0.0,0,0.0,0.0,0.0,170.25,-0.08949011446409989,0.04357212953876349,100.0
2009-09-04,0.0,0.0,0.0,0.0,0.0,0,0.0,0,0.0,0.0,0.0,167.5,-0.08949011446409989,0.04357212953876349,100.0
2009-09-07,0.0,0.0,0.0,0.0,0.0,0,0.0,0,0.0,0.0,0.0,167.5,-0.08949011446409989,0.04357212953876349,100.0
2009-09-08,0.0,0.0,0.0,0.0,0.0,0,0.0,0,0.0,0.0,0.0,164.25,-0.08949011446409989,0.04357212953876349,100.0
2009-09-09,0.0,0.0,0.0,0.0,0.0,0,0.0,0,0.0,0.0,0.0,162.25,-0.08949011446409989,0.04357212953876349,100.0
2009-09-10,0.0,0.0,0.0,0.0,0.0,0,0.0,0,0.0,0.0,0.0,156.25,-0.08949011446409989,0.04357212953876349,100.0
2009-09-11,0.0,0.0,0.0,0.0,0.0,0,0.0,0,0.0,0.0,0.0,157.0,-0.08949011446409989,0.04357212953876349,100.0
2009-09-14,0.0,0.0,0.0,0.0,0.0,0,0.0,0,0.0,0.0,0.0,152.25,-0.08949011446409989,0.04357212953876349,100.0
2009-09-15,0.0,0.0,0.0,0.0,0.0,0,0.0,0,0.0,0.0,0.0,154.5,-0.08949011446409989,0.04357212953876349,100.0
2009-09-16,0.0,0.0,0.0,0.0,0.0,0,0.0,0,0.0,0.0,0.0,153.0,-0.08949011446409989,0.04357212953876349,100.0
2009-09-17,0.0,0.0,0.0,0.0,0.0,0,0.0,0,0.0,0.0,0.0,156.75,-0.08949011446409989,0.04357212953876349,100.0
2009-09-18,0.0,0.0,0.0,0.0,0.0,0,0.0,0,0.0,0.0,0.0,159.5,-0.08949011446409989,0.04357212953876349,100.0
2009-09-21,0.0,0.0,0.0,0.0,0.0,0,0.0,0,0.0,0.0,0.0,162.25,-0.08949011446409989,0.04357212953876349,100.0
2009-09-22,0.0,0.0,0.0,0.0,0.0,0,0.0,0,0.0,0.0,0.0,165.25,-0.08949011446409989,0.04357212953876349,100.0
2009-09-23,0.0,0.0,0.0,0.0,0.0,0,0.0,0,0.0,0.0,0.0,175.25,-0.08949011446409989,0.04357212953876349,100.0
2009-09-24,0.0,0.0,0.0,0.0,0.0,0,0.0,0,0.0,0.0,0.0,174.25,-0.08949011446409989,0.04357212953876349,100.0
2009-09-25,0.0,0.0,0.0,0.0,0.0,0,0.0,0,0.0,0.0,0.0,180.0,-0.08949011446409989,0.04357212953876349,100.0
2009-09-28,0.0,0.0,0.0,0.0,0.0,0,0.0,0,0.0,0.0,0.0,182.25,-0.08949011446409989,0.04357212953876349,100.0
2009-09-29,0.0,0.0,0.0,0.0,0.0,0,0.0,0,0.0,0.0,0.0,183.0,-0.08949011446409989,0.04357212953876349,100.0
2009-09-30,0.0,0.0,0.0,0.0,0.0,0,0.0,0,0.0,0.0,0.0,182.0,-0.08949011446409989,0.04357212953876349,100.0
2009-10-01,0.0,0.0,0.0,0.0,0.0,0,0.0,0,0.0,0.0,0.0,190.0,-0.08949011446409989,0.04357212953876349,100.0
2009-10-02,0.0,0.0,0.0,0.0,0.0,0,0.0,0,0.0,0.0,0.0,195.0,-0.08949011446409989,0.04357212953876349,100.0
2009-10-05,0.0,0.0,0.0,0.0,0.0,0,0.0,0,0.0,0.0,0.0,196.75,-0.08949011446409989,0.04357212953876349,100.0
2009-10-06,0.0,0.0,0.0,0.0,0.0,0,0.0,0,0.0,0.0,0.0,194.5,-0.08949011446409989,0.04357212953876349,100.0
2009-10-07,0.0,0.0,0.0,0.0,0.0,0,0.0,0,0.0,0.0,0.0,190.75,-0.08949011446409989,0.04357212953876349,100.0
2009-10-08,0.0,0.0,0.0,0.0,0.0,0,0.0,0,0.0,0.0,0.0,195.5,-0.08949011446409989,0.04357212953876349,100.0
2009-10-09,0.0,0.0,0.0,0.0,0.0,0,0.0,0,0.0,0.0,0.0,196.75,-0.08949011446409989,0.04357212953876349,100.0
2009-10-12,0.0,0.0,0.0,0.0,0.0,0,0.0,0,0.0,0.0,0.0,195.5,-0.08949011446409989,0.04357212953876349,100.0
2009-10-13,0.0,0.0,0.0,0.0,0.0,0,0.0,0,0.0,0.0,0.0,196.25,-0.08949011446409989,0.04357212953876349,100.0
2009-10-14,0.0,0.0,0.0,0.0,0.0,0,0.0,0,0.0,0.0,0.0,198.25,-0.08949011446409989,0.04357212953876349,100.0
2009-10-15,0.0,0.0,0.0,0.0,0.0,0,0.0,0,0.0,0.0,0.0,195.75,-0.08949011446409989,0.04357212953876349,100.0
2009-10-16,0.0,0.0,0.0,0.0,0.0,0,0.0,0,0.0,0.0,0.0,200.0,-0.08949011446409989,0.04357212953876349,100.0
2009-10-19,0.0,0.0,0.0,0.0,0.0,0,0.0,0,0.0,0.0,0.0,197.5,-0.08949011446409989,0.04357212953876349,100.0
2009-10-20,0.0,0.0,0.0,0.0,0.0,0,0.0,0,0.0,0.0,0.0,194.75,-0.08949011446409989,0.04357212953876349,100.0
2009-10-21,0.0,0.0,0.0,0.0,0.0,0,0.0,0,0.0,0.0,0.0,203.5,-0.08949011446409989,0.04357212953876349,100.0
2009-10-22,0.0,0.0,0.0,0.0,0.0,0,0.0,0,0.0,0.0,0.0,209.5,-0.08949011446409989,0.04357212953876349,100.0
2009-10-23,0.0,0.0,0.0,0.0,0.0,0,0.0,0,0.0,0.0,0.0,209.75,-0.08949011446409989,0.04357212953876349,100.0
2009-10-26,0.0,0.0,0.0,0.0,0.0,0,0.0,0,0.0,0.0,0.0,205.5,-0.08949011446409989,0.04357212953876349,100.0
2009-10-27,0.0,0.0,0.0,0.0,0.0,0,0.0,0,0.0,0.0,0.0,210.0,-0.08949011446409989,0.04357212953876349,100.0
2009-10-28,0.0,0.0,0.0,0.0,0.0,0,0.0,0,0.0,0.0,0.0,212.5,-0.08949011446409989,0.04357212953876349,100.0
2009-10-29,0.0,0.0,0.0,0.0,0.0,0,0.0,0,0.0,0.0,0.0,212.5,-0.08949011446409989,0.04357212953876349,100.0
2009-10-30,0.0,0.0,0.0,0.0,0.0,0,0.0,0,0.0,0.0,0.0,217.0,-0.08949011446409989,0.04357212953876349,100.0
2009-11-02,0.0,0.0,0.0,0.0,0.0,0,0.0,0,0.0,0.0,0.0,211.0,-0.08949011446409989,0.04357212953876349,100.0
2009-11-03,0.0,0.0,0.0,0.0,0.0,0,0.0,0,0.0,0.0,0.0,210.5,-0.08949011446409989,0.04357212953876349,100.0
2009-11-04,0.0,0.0,0.0,0.0,0.0,0,0.0,0,0.0,0.0,0.0,225.75,-0.08949011446409989,0.04357212953876349,100.0
2009-11-05,0.0,0.0,0.0,0.0,0.0,0,0.0,0,0.0,0.0,0.0,222.75,-0.08949011446409989,0.04357212953876349,100.0
2009-11-06,0.0,0.0,0.0,0.0,0.0,0,0.0,0,0.0,0.0,0.0,221.75,-0.08949011446409989,0.04357212953876349,100.0
2009-11-09,0.0,0.0,0.0,0.0,0.0,0,0.0,0,0.0,0.0,0.0,218.25,-0.08949011446409989,0.04357212953876349,100.0
2009-11-10,0.0,0.0,0.0,0.0,0.0,0,0.0,0,0.0,0.0,0.0,221.5,-0.08949011446409989,0.04357212953876349,100.0
2009-11-11,0.0,0.0,0.0,0.0,0.0,0,0.0,0,0.0,0.0,0.0,219.25,-0.08949011446409989,0.04357212953876349,100.0
2009-11-12,0.0,0.0,0.0,0.0,0.0,0,0.0,0,0.0,0.0,0.0,220.0,-0.08949011446409989,0.04357212953876349,100.0
2009-11-13,0.0,0.0,0.0,0.0,0.0,0,0.0,0,0.0,0.0,0.0,215.5,-0.08949011446409989,0.04357212953876349,100.0
2009-11-16,0.0,0.0,0.0,0.0,0.0,0,0.0,0,0.0,0.0,0.0,211.75,-0.08949011446409989,0.04357212953876349,100.0
2009-11-17,0.0,0.0,0.0,0.0,0.0,0,0.0,0,0.0,0.0,0.0,209.25,-0.08949011446409989,0.04357212953876349,100.0
2009-11-18,0.0,0.0,0.0,0.0,0.0,0,0.0,0,0.0,0.0,0.0,205.25,-0.08949011446409989,0.04357212953876349,100.0
2009-11-19,0.0,0.0,0.0,0.0,0.0,0,0.0,0,0.0,0.0,0.0,203.0,-0.08949011446409989,0.04357212953876349,100.0
2009-11-20,0.0,0.0,0.0,0.0,0.0,0,0.0,0,0.0,0.0,0.0,204.5,-0.08949011446409989,0.04357212953876349,100.0
2009-11-23,0.0,0.0,0.0,0.0,0.0,0,0.0,0,0.0,0.0,0.0,201.75,-0.08949011446409989,0.04357212953876349,100.0
2009-11-24,0.0,0.0,0.0,0.0,0.0,0,0.0,0,0.0,0.0,0.0,203.25,-0.08949011446409989,0.04357212953876349,100.0
2009-11-25,0.0,0.0,0.0,0.0,0.0,0,0.0,0,0.0,0.0,0.0,203.5,-0.08949011446409989,0.04357212953876349,100.0
2009-11-26,0.0,0.0,0.0,0.0,0.0,0,0.0,0,0.0,0.0,0.0,203.5,-0.08949011446409989,0.04357212953876349,100.0
2009-11-27,0.0,0.0,0.0,0.0,0.0,0,0.0,0,0.0,0.0,0.0,203.5,-0.08949011446409989,0.04357212953876349,100.0
2009-11-30,0.0,0.0,0.0,0.0,0.0,0,0.0,0,0.0,0.0,0.0,202.0,-0.08949011446409989,0.04357212953876349,100.0
2009-12-01,0.0,0.0,0.0,0.0,0.0,0,0.0,0,0.0,0.0,0.0,209.5,-0.08949011446409989,0.04357212953876349,100.0
2009-12-02,0.0,0.0,0.0,0.0,0.0,0,0.0,0,0.0,0.0,0.0,210.25,-0.08949011446409989,0.04357212953876349,100.0
2009-12-03,0.0,0.0,0.0,0.0,0.0,0,0.0,0,0.0,0.0,0.0,224.0,-0.08949011446409989,0.04357212953876349,100.0
2009-12-04,0.0,0.0,0.0,0.0,0.0,0,0.0,0,0.0,0.0,0.0,226.25,-0.08949011446409989,0.04357212953876349,100.0
2009-12-07,0.0,0.0,0.0,0.0,0.0,0,0.0,0,0.0,0.0,0.0,225.25,-0.08949011446409989,0.04357212953876349,100.0
2009-12-08,0.0,0.0,0.0,0.0,0.0,0,0.0,0,0.0,0.0,0.0,229.75,-0.08949011446409989,0.04357212953876349,100.0
2009-12-09,0.0,0.0,0.0,0.0,0.0,0,0.0,0,0.0,0.0,0.0,228.5,-0.08949011446409989,0.04357212953876349,100.0
2009-12-10,0.0,0.0,0.0,0.0,0.0,0,0.0,0,0.0,0.0,0.0,228.75,-0.08949011446409989,0.04357212953876349,100.0
2009-12-11,0.0,0.0,0.0,0.0,0.0,0,0.0,0,0.0,0.0,0.0,231.75,-0.08949011446409989,0.04357212953876349,100.0
2009-12-14,0.0,0.0,0.0,0.0,0.0,0,0.0,0,0.0,0.0,0.0,231.75,-0.08949011446409989,0.04357212953876349,100.0
2009-12-15,0.0,0.0,0.0,0.0,0.0,0,0.0,0,0.0,0.0,0.0,231.75,-0.08949011446409989,0.04357212953876349,100.0
2009-12-16,0.0,0.0,0.0,0.0,0.0,0,0.0,0,0.0,0.0,0.0,229.25,-0.08949011446409989,0.04357212953876349,100.0
2009-12-17,0.0,0.0,0.0,0.0,0.0,0,0.0,0,0.0,0.0,0.0,231.0,-0.08949011446409989,0.04357212953876349,100.0
2009-12-18,0.0,0.0,0.0,0.0,0.0,0,0.0,0,0.0,0.0,0.0,222.5,-0.08949011446409989,0.04357212953876349,100.0
2009-12-21,0.0,0.0,0.0,0.0,0.0,0,0.0,0,0.0,0.0,0.0,221.5,-0.08949011446409989,0.04357212953876349,100.0
2009-12-22,0.0,0.0,0.0,0.0,0.0,0,0.0,0,0.0,0.0,0.0,221.25,-0.08949011446409989,0.04357212953876349,100.0
2009-12-23,0.0,0.0,0.0,0.0,0.0,0,0.0,0,0.0,0.0,0.0,219.0,-0.08949011446409989,0.04357212953876349,100.0
2009-12-24,0.0,0.0,0.0,0.0,0.0,0,0.0,0,0.0,0.0,0.0,219.0,-0.08949011446409989,0.04357212953876349,100.0
2009-12-25,0.0,0.0,0.0,0.0,0.0,0,0.0,0,0.0,0.0,0.0,219.0,-0.08949011446409989,0.04357212953876349,100.0
2009-12-28,0.0,0.0,0.0,0.0,0.0,0,0.0,0,0.0,0.0,0.0,212.0,-0.08949011446409989,0.04357212953876349,100.0
2009-12-29,0.0,0.0,0.0,0.0,0.0,0,0.0,0,0.0,0.0,0.0,216.5,-0.08949011446409989,0.04357212953876349,100.0
2009-12-30,0.0,0.0,0.0,0.0,0.0,0,0.0,0,0.0,0.0,0.0,214.0,-0.08949011446409989,0.04357212953876349,100.0
2009-12-31,0.0,0.0,0.0,0.0,0.0,0,0.0,0,0.0,0.0,0.0,221.75,-0.08949011446409989,0.04357212953876349,100.0
2010-01-01,0.0,0.0,0.0,0.0,0.0,0,0.0,0,0.0,0.0,0.0,221.75,-0.08949011446409989,0.04357212953876349,100.0
2010-01-04,0.0,0.0,0.0,0.0,0.0,0,0.0,0,0.0,0.0,0.0,220.0,-0.08949011446409989,0.04357212953876349,100.0
2010-01-05,0.0,0.0,0.0,0.0,0.0,0,0.0,0,0.0,0.0,0.0,218.0,-0.08949011446409989,0.04357212953876349,100.0
2010-01-06,0.0,0.0,0.0,0.0,0.0,0,0.0,0,0.0,0.0,0.0,222.25,-0.08949011446409989,0.04357212953876349,100.0
2010-01-07,0.0,0.0,0.0,0.0,0.0,0,0.0,0,0.0,0.0,0.0,218.75,-0.08949011446409989,0.04357212953876349,100.0
2010-01-08,0.0,0.0,0.0,0.0,0.0,0,0.0,0,0.0,0.0,0.0,217.0,-0.08949011446409989,0.04357212953876349,100.0
2010-01-11,0.0,0.0,0.0,0.0,0.0,0,0.0,0,0.0,0.0,0.0,216.0,-0.08949011446409989,0.04357212953876349,100.0
2010-01-12,0.0,0.0,0.0,0.0,0.0,0,0.0,0,0.0,0.0,0.0,213.75,-0.08949011446409989,0.04357212953876349,100.0
2010-01-13,0.0,0.0,0.0,0.0,0.0,0,0.0,0,0.0,0.0,0.0,215.25,-0.08949011446409989,0.04357212953876349,100.0
2010-01-14,0.0,0.0,0.0,0.0,0.0,0,0.0,0,0.0,0.0,0.0,218.75,-0.08949011446409989,0.04357212953876349,100.0
2010-01-15,0.0,0.0,0.0,0.0,0.0,0,0.0,0,0.0,0.0,0.0,220.75,-0.08949011446409989,0.04357212953876349,100.0
2010-01-18,0.0,0.0,0.0,0.0,0.0,0,0.0,0,0.0,0.0,0.0,220.75,-0.08949011446409989,0.04357212953876349,100.0
2010-01-19,0.0,0.0,0.0,0.0,0.0,0,0.0,0,0.0,0.0,0.0,222.5,-0.08949011446409989,0.04357212953876349,100.0
2010-01-20,0.0,0.0,0.0,0.0,0.0,0,0.0,0,0.0,0.0,0.0,218.5,-0.08949011446409989,0.04357212953876349,100.0
2010-01-21,0.0,0.0,0.0,0.0,0.0,0,0.0,0,0.0,0.0,0.0,219.5,-0.08949011446409989,0.04357212953876349,100.0
2010-01-22,0.0,0.0,0.0,0.0,0.0,0,0.0,0,0.0,0.0,0.0,224.75,-0.08949011446409989,0.04357212953876349,100.0
2010-01-25,0.0,0.0,0.0,0.0,0.0,0,0.0,0,0.0,0.0,0.0,230.0,-0.08949011446409989,0.04357212953876349,100.0
2010-01-26,0.0,0.0,0.0,0.0,0.0,0,0.0,0,0.0,0.0,0.0,235.0,-0.08949011446409989,0.04357212953876349,100.0
2010-01-27,0.0,0.0,0.0,0.0,0.0,0,0.0,0,0.0,0.0,0.0,231.25,-0.08949011446409989,0.04357212953876349,100.0
2010-01-28,0.0,0.0,0.0,0.0,0.0,0,0.0,0,0.0,0.0,0.0,238.75,-0.08949011446409989,0.04357212953876349,100.0
2010-01-29,0.0,0.0,0.0,0.0,0.0,0,0.0,0,0.0,0.0,0.0,237.75,-0.08949011446409989,0.04357212953876349,100.0
2010-02-01,0.0,0.0,0.0,0.0,0.0,0,0.0,0,0.0,0.0,0.0,235.25,-0.08949011446409989,0.04357212953876349,100.0
2010-02-02,0.0,0.0,0.0,0.0,0.0,0,0.0,0,0.0,0.0,0.0,237.25,-0.08949011446409989,0.04357212953876349,100.0
2010-02-03,0.0,0.0,0.0,0.0,0.0,0,0.0,0,0.0,0.0,0.0,236.25,-0.08949011446409989,0.04357212953876349,100.0
2010-02-04,0.0,0.0,0.0,0.0,0.0,0,0.0,0,0.0,0.0,0.0,238.25,-0.08949011446409989,0.04357212953876349,100.0
2010-02-05,0.0,0.0,0.0,0.0,0.0,0,0.0,0,0.0,0.0,0.0,232.75,-0.08949011446409989,0.04357212953876349,100.0
2010-02-08,0.0,0.0,0.0,0.0,0.0,0,0.0,0,0.0,0.0,0.0,239.0,-0.08949011446409989,0.04357212953876349,100.0
2010-02-09,0.0,0.0,0.0,0.0,0.0,0,0.0,0,0.0,0.0,0.0,245.5,-0.08949011446409989,0.04357212953876349,100.0
2010-02-10,0.0,0.0,0.0,0.0,0.0,0,0.0,0,0.0,0.0,0.0,249.75,-0.08949011446409989,0.04357212953876349,100.0
2010-02-11,0.0,0.0,0.0,0.0,0.0,0,0.0,0,0.0,0.0,0.0,249.5,-0.08949011446409989,0.04357212953876349,100.0
2010-02-12,0.0,0.0,0.0,0.0,0.0,0,0.0,0,0.0,0.0,0.0,245.75,-0.08949011446409989,0.04357212953876349,100.0
2010-02-15,0.0,0.0,0.0,0.0,0.0,0,0.0,0,0.0,0.0,0.0,245.75,-0.08949011446409989,0.04357212953876349,100.0
2010-02-16,0.0,0.0,0.0,0.0,0.0,0,0.0,0,0.0,0.0,0.0,243.75,-0.08949011446409989,0.04357212953876349,100.0
2010-02-17,0.0,0.0,0.0,0.0,0.0,0,0.0,0,0.0,0.0,0.0,242.0,-0.08949011446409989,0.04357212953876349,100.0
2010-02-18,0.0,0.0,0.0,0.0,0.0,0,0.0,0,0.0,0.0,0.0,243.5,-0.08949011446409989,0.04357212953876349,100.0
2010-02-19,0.0,0.0,0.0,0.0,0.0,0,0.0,0,0.0,0.0,0.0,241.25,-0.08949011446409989,0.04357212953876349,100.0
2010-02-22,0.0,0.0,0.0,0.0,0.0,0,0.0,0,0.0,0.0,0.0,245.0,-0.08949011446409989,0.04357212953876349,100.0
2010-02-23,0.0,0.0,0.0,0.0,0.0,0,0.0,0,0.0,0.0,0.0,249.75,-0.08949011446409989,0.04357212953876349,100.0
2010-02-24,0.0,0.0,0.0,0.0,0.0,0,0.0,0,0.0,0.0,0.0,244.75,-0.08949011446409989,0.04357212953876349,100.0
2010-02-25,0.0,0.0,0.0,0.0,0.0,0,0.0,0,0.0,0.0,0.0,242.25,-0.08949011446409989,0.04357212953876349,100.0
2010-02-26,0.0,0.0,0.0,0.0,0.0,0,0.0,0,0.0,0.0,0.0,244.0,-0.08949011446409989,0.04357212953876349,100.0
2010-03-01,0.0,0.0,0.0,0.0,0.0,0,0.0,0,0.0,0.0,0.0,244.75,-0.08949011446409989,0.04357212953876349,100.0
2010-03-02,0.0,0.0,0.0,0.0,0.0,0,0.0,0,0.0,0.0,0.0,242.25,-0.08949011446409989,0.04357212953876349,100.0
2010-03-03,0.0,0.0,0.0,0.0,0.0,0,0.0,0,0.0,0.0,0.0,239.0,-0.08949011446409989,0.04357212953876349,100.0
2010-03-04,0.0,0.0,0.0,0.0,0.0,0,0.0,0,0.0,0.0,0.0,238.0,-0.08949011446409989,0.04357212953876349,100.0
2010-03-05,0.0,0.0,0.0,0.0,0.0,0,0.0,0,0.0,0.0,0.0,237.0,-0.08949011446409989,0.04357212953876349,100.0
2010-03-08,0.0,0.0,0.0,0.0,0.0,0,0.0,0,0.0,0.0,0.0,239.25,-0.08949011446409989,0.04357212953876349,100.0
2010-03-09,0.0,0.0,0.0,0.0,0.0,0,0.0,0,0.0,0.0,0.0,234.25,-0.08949011446409989,0.04357212953876349,100.0
2010-03-10,0.0,0.0,0.0,0.0,0.0,0,0.0,0,0.0,0.0,0.0,233.25,-0.08949011446409989,0.04357212953876349,100.0
2010-03-11,0.0,0.0,0.0,0.0,0.0,0,0.0,0,0.0,0.0,0.0,229.75,-0.08949011446409989,0.04357212953876349,100.0
2010-03-12,0.0,0.0,0.0,0.0,0.0,0,0.0,0,0.0,0.0,0.0,227.0,-0.08949011446409989,0.04357212953876349,100.0
2010-03-15,0.0,0.0,0.0,0.0,0.0,0,0.0,0,0.0,0.0,0.0,225.0,-0.08949011446409989,0.04357212953876349,100.0
2010-03-16,0.0,0.0,0.0,0.0,0.0,0,0.0,0,0.0,0.0,0.0,222.75,-0.08949011446409989,0.04357212953876349,100.0
2010-03-17,0.0,0.0,0.0,0.0,0.0,0,0.0,0,0.0,0.0,0.0,220.5,-0.08949011446409989,0.04357212953876349,100.0
2010-03-18,0.0,0.0,0.0,0.0,0.0,0,0.0,0,0.0,0.0,0.0,220.5,-0.08949011446409989,0.04357212953876349,100.0
2010-03-19,0.0,0.0,0.0,0.0,0.0,0,0.0,0,0.0,0.0,0.0,218.5,-0.08949011446409989,0.04357212953876349,100.0
2010-03-22,0.0,0.0,0.0,0.0,0.0,0,0.0,0,0.0,0.0,0.0,222.5,-0.08949011446409989,0.04357212953876349,100.0
2010-03-23,0.0,0.0,0.0,0.0,0.0,0,0.0,0,0.0,0.0,0.0,222.5,-0.08949011446409989,0.04357212953876349,100.0
2010-03-24,0.0,0.0,0.0,0.0,0.0,0,0.0,0,0.0,0.0,0.0,222.0,-0.08949011446409989,0.04357212953876349,100.0
2010-03-25,0.0,0.0,0.0,0.0,0.0,0,0.0,0,0.0,0.0,0.0,233.25,-0.08949011446409989,0.04357212953876349,100.0
2010-03-26,0.0,0.0,0.0,0.0,0.0,0,0.0,0,0.0,0.0,0.0,229.75,-0.08949011446409989,0.04357212953876349,100.0
2010-03-29,0.0,0.0,0.0,0.0,0.0,0,0.0,0,0.0,0.0,0.0,229.25,-0.08949011446409989,0.04357212953876349,100.0
2010-03-30,0.0,0.0,0.0,0.0,0.0,0,0.0,0,0.0,0.0,0.0,229.5,-0.08949011446409989,0.04357212953876349,100.0
2010-03-31,0.0,0.0,0.0,0.0,0.0,0,0.0,0,0.0,0.0,0.0,231.0,-0.08949011446409989,0.04357212953876349,100.0
2010-04-01,0.0,0.0,0.0,0.0,0.0,0,0.0,0,0.0,0.0,0.0,224.5,-0.08949011446409989,0.04357212953876349,100.0
2010-04-02,0.0,0.0,0.0,0.0,0.0,0,0.0,0,0.0,0.0,0.0,224.5,-0.08949011446409989,0.04357212953876349,100.0
2010-04-05,0.0,0.0,0.0,0.0,0.0,0,0.0,0,0.0,0.0,0.0,224.0,-0.08949011446409989,0.04357212953876349,100.0
2010-04-06,0.0,0.0,0.0,0.0,0.0,0,0.0,0,0.0,0.0,0.0,223.0,-0.08949011446409989,0.04357212953876349,100.0
2010-04-07,0.0,0.0,0.0,0.0,0.0,0,0.0,0,0.0,0.0,0.0,217.0,-0.08949011446409989,0.04357212953876349,100.0
2010-04-08,0.0,0.0,0.0,0.0,0.0,0,0.0,0,0.0,0.0,0.0,219.25,-0.08949011446409989,0.04357212953876349,100.0
2010-04-09,0.0,0.0,0.0,0.0,0.0,0,0.0,0,0.0,0.0,0.0,217.75,-0.08949011446409989,0.04357212953876349,100.0
2010-04-12,0.0,0.0,0.0,0.0,0.0,0,0.0,0,0.0,0.0,0.0,219.0,-0.08949011446409989,0.04357212953876349,100.0
2010-04-13,0.0,0.0,0.0,0.0,0.0,0,0.0,0,0.0,0.0,0.0,219.75,-0.08949011446409989,0.04357212953876349,100.0
2010-04-14,0.0,0.0,0.0,0.0,0.0,0,0.0,0,0.0,0.0,0.0,215.5,-0.08949011446409989,0.04357212953876349,100.0
2010-04-15,0.0,0.0,0.0,0.0,0.0,0,0.0,0,0.0,0.0,0.0,215.5,-0.08949011446409989,0.04357212953876349,100.0
2010-04-16,0.0,0.0,0.0,0.0,0.0,0,0.0,0,0.0,0.0,0.0,213.0,-0.08949011446409989,0.04357212953876349,100.0
2010-04-19,0.0,0.0,0.0,0.0,0.0,0,0.0,0,0.0,0.0,0.0,210.5,-0.08949011446409989,0.04357212953876349,100.0
2010-04-20,0.0,0.0,0.0,0.0,0.0,0,0.0,0,0.0,0.0,0.0,212.0,-0.08949011446409989,0.04357212953876349,100.0
2010-04-21,0.0,0.0,0.0,0.0,0.0,0,0.0,0,0.0,0.0,0.0,208.25,-0.08949011446409989,0.04357212953876349,100.0
2010-04-22,0.0,0.0,0.0,0.0,0.0,0,0.0,0,0.0,0.0,0.0,208.25,-0.08949011446409989,0.04357212953876349,100.0
2010-04-23,0.0,0.0,0.0,0.0,0.0,0,0.0,0,0.0,0.0,0.0,205.25,-0.08949011446409989,0.04357212953876349,100.0
2010-04-26,0.0,0.0,0.0,0.0,0.0,0,0.0,0,0.0,0.0,0.0,204.25,-0.08949011446409989,0.04357212953876349,100.0
2010-04-27,0.0,0.0,0.0,0.0,0.0,0,0.0,0,0.0,0.0,0.0,212.25,-0.08949011446409989,0.04357212953876349,100.0
2010-04-28,0.0,0.0,0.0,0.0,0.0,0,0.0,0,0.0,0.0,0.0,214.75,-0.08949011446409989,0.04357212953876349,100.0
2010-04-29,0.0,0.0,0.0,0.0,0.0,0,0.0,0,0.0,0.0,0.0,217.5,-0.08949011446409989,0.04357212953876349,100.0
2010-04-30,0.0,0.0,0.0,0.0,0.0,0,0.0,0,0.0,0.0,0.0,224.5,-0.08949011446409989,0.04357212953876349,100.0
2010-05-03,0.0,0.0,0.0,0.0,0.0,0,0.0,0,0.0,0.0,0.0,225.25,-0.08949011446409989,0.04357212953876349,100.0
2010-05-04,0.0,0.0,0.0,0.0,0.0,0,0.0,0,0.0,0.0,0.0,225.0,-0.08949011446409989,0.04357212953876349,100.0
2010-05-05,0.0,0.0,0.0,0.0,0.0,0,0.0,0,0.0,0.0,0.0,221.5,-0.08949011446409989,0.04357212953876349,100.0
2010-05-06,0.0,0.0,0.0,0.0,0.0,0,0.0,0,0.0,0.0,0.0,205.25,-0.08949011446409989,0.04357212953876349,100.0
2010-05-07,0.0,0.0,0.0,0.0,0.0,0,0.0,0,0.0,0.0,0.0,204.75,-0.08949011446409989,0.04357212953876349,100.0
2010-05-10,0.0,0.0,0.0,0.0,0.0,0,0.0,0,0.0,0.0,0.0,196.75,-0.08949011446409989,0.04357212953876349,100.0
2010-05-11,0.0,0.0,0.0,0.0,0.0,0,0.0,0,0.0,0.0,0.0,200.25,-0.08949011446409989,0.04357212953876349,100.0
2010-05-12,0.0,0.0,0.0,0.0,0.0,0,0.0,0,0.0,0.0,0.0,198.0,-0.08949011446409989,0.04357212953876349,100.0
2010-05-13,0.0,0.0,0.0,0.0,0.0,0,0.0,0,0.0,0.0,0.0,202.25,-0.08949011446409989,0.04357212953876349,100.0
2010-05-14,0.0,0.0,0.0,0.0,0.0,0,0.0,0,0.0,0.0,0.0,188.0,-0.08949011446409989,0.04357212953876349,100.0
2010-05-17,0.0,0.0,0.0,0.0,0.0,0,0.0,0,0.0,0.0,0.0,174.5,-0.08949011446409989,0.04357212953876349,100.0
2010-05-18,0.0,0.0,0.0,0.0,0.0,0,0.0,0,0.0,0.0,0.0,169.5,-0.08949011446409989,0.04357212953876349,100.0
2010-05-19,0.0,0.0,0.0,0.0,0.0,0,0.0,0,0.0,0.0,0.0,171.75,-0.08949011446409989,0.04357212953876349,100.0
2010-05-20,0.0,0.0,0.0,0.0,0.0,0,0.0,0,0.0,0.0,0.0,195.75,-0.08949011446409989,0.04357212953876349,100.0
2010-05-21,0.0,0.0,0.0,0.0,0.0,0,0.0,0,0.0,0.0,0.0,179.25,-0.08949011446409989,0.04357212953876349,100.0
2010-05-24,0.0,0.0,0.0,0.0,0.0,0,0.0,0,0.0,0.0,0.0,194.0,-0.08949011446409989,0.04357212953876349,100.0
2010-05-25,0.0,0.0,0.0,0.0,0.0,0,0.0,0,0.0,0.0,0.0,190.5,-0.08949011446409989,0.04357212953876349,100.0
2010-05-26,0.0,0.0,0.0,0.0,0.0,0,0.0,0,0.0,0.0,0.0,194.0,-0.08949011446409989,0.04357212953876349,100.0
2010-05-27,0.0,0.0,0.0,0.0,0.0,0,0.0,0,0.0,0.0,0.0,183.0,-0.08949011446409989,0.04357212953876349,100.0
2010-05-28,0.0,0.0,0.0,0.0,0.0,0,0.0,0,0.0,0.0,0.0,194.75,-0.08949011446409989,0.04357212953876349,100.0
2010-05-31,0.0,0.0,0.0,0.0,0.0,0,0.0,0,0.0,0.0,0.0,194.75,-0.08949011446409989,0.04357212953876349,100.0
2010-06-01,0.0,0.0,0.0,0.0,0.0,0,0.0,0,0.0,0.0,0.0,210.0,-0.08949011446409989,0.04357212953876349,100.0
2010-06-02,0.0,0.0,0.0,0.0,0.0,0,0.0,0,0.0,0.0,0.0,206.25,-0.08949011446409989,0.04357212953876349,100.0
2010-06-03,0.0,0.0,0.0,0.0,0.0,0,0.0,0,0.0,0.0,0.0,209.25,-0.08949011446409989,0.04357212953876349,100.0
2010-06-04,0.0,0.0,0.0,0.0,0.0,0,0.0,0,0.0,0.0,0.0,209.75,-0.08949011446409989,0.04357212953876349,100.0
2010-06-07,0.0,0.0,0.0,0.0,0.0,0,0.0,0,0.0,0.0,0.0,210.75,-0.08949011446409989,0.04357212953876349,100.0
2010-06-08,0.0,0.0,0.0,0.0,0.0,0,0.0,0,0.0,0.0,0.0,203.0,-0.08949011446409989,0.04357212953876349,100.0
2010-06-09,0.0,0.0,0.0,0.0,0.0,0,0.0,0,0.0,0.0,0.0,213.0,-0.08949011446409989,0.04357212953876349,100.0
2010-06-10,0.0,0.0,0.0,0.0,0.0,0,0.0,0,0.0,0.0,0.0,210.0,-0.08949011446409989,0.04357212953876349,100.0
2010-06-11,0.0,0.0,0.0,0.0,0.0,0,0.0,0,0.0,0.0,0.0,200.0,-0.08949011446409989,0.04357212953876349,100.0
2010-06-14,0.0,0.0,0.0,0.0,0.0,0,0.0,0,0.0,0.0,0.0,208.5,-0.08949011446409989,0.04357212953876349,100.0
2010-06-15,0.0,0.0,0.0,0.0,0.0,0,0.0,0,0.0,0.0,0.0,207.0,-0.08949011446409989,0.04357212953876349,100.0
2010-06-16,0.0,0.0,0.0,0.0,0.0,0,0.0,0,0.0,0.0,0.0,201.75,-0.08949011446409989,0.04357212953876349,100.0
2010-06-17,0.0,0.0,0.0,0.0,0.0,0,0.0,0,0.0,0.0,0.0,189.25,-0.08949011446409989,0.04357212953876349,100.0
2010-06-18,0.0,0.0,0.0,0.0,0.0,0,0.0,0,0.0,0.0,0.0,188.5,-0.08949011446409989,0.04357212953876349,100.0
2010-06-21,0.0,0.0,0.0,0.0,0.0,0,0.0,0,0.0,0.0,0.0,185.75,-0.08949011446409989,0.04357212953876349,100.0
2010-06-22,0.0,0.0,0.0,0.0,0.0,0,0.0,0,0.0,0.0,0.0,188.5,-0.08949011446409989,0.04357212953876349,100.0
2010-06-23,0.0,0.0,0.0,0.0,0.0,0,0.0,0,0.0,0.0,0.0,189.0,-0.08949011446409989,0.04357212953876349,100.0
2010-06-24,0.0,0.0,0.0,0.0,0.0,0,0.0,0,0.0,0.0,0.0,190.75,-0.08949011446409989,0.04357212953876349,100.0
2010-06-25,0.0,0.0,0.0,0.0,0.0,0,0.0,0,0.0,0.0,0.0,193.25,-0.08949011446409989,0.04357212953876349,100.0
2010-06-28,0.0,0.0,0.0,0.0,0.0,0,0.0,0,0.0,0.0,0.0,196.5,-0.08949011446409989,0.04357212953876349,100.0
2010-06-29,0.0,0.0,0.0,0.0,0.0,0,0.0,0,0.0,0.0,0.0,194.0,-0.08949011446409989,0.04357212953876349,100.0
2010-06-30,0.0,0.0,0.0,0.0,0.0,0,0.0,0,0.0,0.0,0.0,210.5,-0.08949011446409989,0.04357212953876349,100.0
2010-07-01,0.0,0.0,0.0,0.0,0.0,0,0.0,0,0.0,0.0,0.0,210.5,-0.08949011446409989,0.04357212953876349,100.0
2010-07-02,0.0,0.0,0.0,0.0,0.0,0,0.0,0,0.0,0.0,0.0,213.25,-0.08949011446409989,0.04357212953876349,100.0
2010-07-05,0.0,0.0,0.0,0.0,0.0,0,0.0,0,0.0,0.0,0.0,213.25,-0.08949011446409989,0.04357212953876349,100.0
2010-07-06,0.0,0.0,0.0,0.0,0.0,0,0.0,0,0.0,0.0,0.0,204.5,-0.08949011446409989,0.04357212953876349,100.0
2010-07-07,0.0,0.0,0.0,0.0,0.0,0,0.0,0,0.0,0.0,0.0,194.0,-0.08949011446409989,0.04357212953876349,100.0
2010-07-08,0.0,0.0,0.0,0.0,0.0,0,0.0,0,0.0,0.0,0.0,190.5,-0.08949011446409989,0.04357212953876349,100.0
2010-07-09,0.0,0.0,0.0,0.0,0.0,0,0.0,0,0.0,0.0,0.0,184.25,-0.08949011446409989,0.04357212953876349,100.0
2010-07-12,0.0,0.0,0.0,0.0,0.0,0,0.0,0,0.0,0.0,0.0,184.0,-0.08949011446409989,0.04357212953876349,100.0
2010-07-13,0.0,0.0,0.0,0.0,0.0,0,0.0,0,0.0,0.0,0.0,189.0,-0.08949011446409989,0.04357212953876349,100.0
2010-07-14,0.0,0.0,0.0,0.0,0.0,0,0.0,0,0.0,0.0,0.0,189.0,-0.08949011446409989,0.04357212953876349,100.0
2010-07-15,0.0,0.0,0.0,0.0,0.0,0,0.0,0,0.0,0.0,0.0,180.75,-0.08949011446409989,0.04357212953876349,100.0
2010-07-16,0.0,0.0,0.0,0.0,0.0,0,0.0,0,0.0,0.0,0.0,181.5,-0.08949011446409989,0.04357212953876349,100.0
2010-07-19,0.0,0.0,0.0,0.0,0.0,0,0.0,0,0.0,0.0,0.0,176.25,-0.08949011446409989,0.04357212953876349,100.0
2010-07-20,0.0,0.0,0.0,0.0,0.0,0,0.0,0,0.0,0.0,0.0,170.5,-0.08949011446409989,0.04357212953876349,100.0
2010-07-21,0.0,0.0,0.0,0.0,0.0,0,0.0,0,0.0,0.0,0.0,171.0,-0.08949011446409989,0.04357212953876349,100.0
2010-07-22,0.0,0.0,0.0,0.0,0.0,0,0.0,0,0.0,0.0,0.0,176.25,-0.08949011446409989,0.04357212953876349,100.0
2010-07-23,0.0,0.0,0.0,0.0,0.0,0,0.0,0,0.0,0.0,0.0,174.0,-0.08949011446409989,0.04357212953876349,100.0
2010-07-26,0.0,0.0,0.0,0.0,0.0,0,0.0,0,0.0,0.0,0.0,172.0,-0.08949011446409989,0.04357212953876349,100.0
2010-07-27,0.0,0.0,0.0,0.0,0.0,0,0.0,0,0.0,0.0,0.0,176.0,-0.08949011446409989,0.04357212953876349,100.0
2010-07-28,0.0,0.0,0.0,0.0,0.0,0,0.0,0,0.0,0.0,0.0,173.0,-0.08949011446409989,0.04357212953876349,100.0
2010-07-29,0.0,0.0,0.0,0.0,0.0,0,0.0,0,0.0,0.0,0.0,186.25,-0.08949011446409989,0.04357212953876349,100.0
2010-07-30,0.0,0.0,0.0,0.0,0.0,0,0.0,0,0.0,0.0,0.0,194.0,-0.08949011446409989,0.04357212953876349,100.0
2010-08-02,0.0,0.0,0.0,0.0,0.0,0,0.0,0,0.0,0.0,0.0,197.5,-0.08949011446409989,0.04357212953876349,100.0
2010-08-03,0.0,0.0,0.0,0.0,0.0,0,0.0,0,0.0,0.0,0.0,195.25,-0.08949011446409989,0.04357212953876349,100.0
2010-08-04,0.0,0.0,0.0,0.0,0.0,0,0.0,0,0.0,0.0,0.0,196.0,-0.08949011446409989,0.04357212953876349,100.0
2010-08-05,0.0,0.0,0.0,0.0,0.0,0,0.0,0,0.0,0.0,0.0,196.0,-0.08949011446409989,0.04357212953876349,100.0
2010-08-06,0.0,0.0,0.0,0.0,0.0,0,0.0,0,0.0,0.0,0.0,192.75,-0.08949011446409989,0.04357212953876349,100.0
2010-08-09,0.0,0.0,0.0,0.0,0.0,0,0.0,0,0.0,0.0,0.0,194.25,-0.08949011446409989,0.04357212953876349,100.0
2010-08-10,0.0,0.0,0.0,0.0,0.0,0,0.0,0,0.0,0.0,0.0,198.0,-0.08949011446409989,0.04357212953876349,100.0
2010-08-11,0.0,0.0,0.0,0.0,0.0,0,0.0,0,0.0,0.0,0.0,196.75,-0.08949011446409989,0.04357212953876349,100.0
2010-08-12,0.0,0.0,0.0,0.0,0.0,0,0.0,0,0.0,0.0,0.0,199.5,-0.08949011446409989,0.04357212953876349,100.0
2010-08-13,0.0,0.0,0.0,0.0,0.0,0,0.0,0,0.0,0.0,0.0,205.25,-0.08949011446409989,0.04357212953876349,100.0
2010-08-16,0.0,0.0,0.0,0.0,0.0,0,0.0,0,0.0,0.0,0.0,201.25,-0.08949011446409989,0.04357212953876349,100.0
2010-08-17,0.0,0.0,0.0,0.0,0.0,0,0.0,0,0.0,0.0,0.0,210.5,-0.08949011446409989,0.04357212953876349,100.0
2010-08-18,0.0,0.0,0.0,0.0,0.0,0,0.0,0,0.0,0.0,0.0,211.25,-0.08949011446409989,0.04357212953876349,100.0
2010-08-19,0.0,0.0,0.0,0.0,0.0,0,0.0,0,0.0,0.0,0.0,214.75,-0.08949011446409989,0.04357212953876349,100.0
2010-08-20,0.0,0.0,0.0,0.0,0.0,0,0.0,0,0.0,0.0,0.0,215.25,-0.08949011446409989,0.04357212953876349,100.0
2010-08-23,0.0,0.0,0.0,0.0,0.0,0,0.0,0,0.0,0.0,0.0,220.0,-0.08949011446409989,0.04357212953876349,100.0
2010-08-24,0.0,0.0,0.0,0.0,0.0,0,0.0,0,0.0,0.0,0.0,231.25,-0.08949011446409989,0.04357212953876349,100.0
2010-08-25,0.0,0.0,0.0,0.0,0.0,0,0.0,0,0.0,0.0,0.0,227.75,-0.08949011446409989,0.04357212953876349,100.0
2010-08-26,0.0,0.0,0.0,0.0,0.0,0,0.0,0,0.0,0.0,0.0,233.25,-0.08949011446409989,0.04357212953876349,100.0
2010-08-27,0.0,0.0,0.0,0.0,0.0,0,0.0,0,0.0,0.0,0.0,234.0,-0.08949011446409989,0.04357212953876349,100.0
2010-08-30,0.0,0.0,0.0,0.0,0.0,0,0.0,0,0.0,0.0,0.0,239.0,-0.08949011446409989,0.04357212953876349,100.0
2010-08-31,0.0,0.0,0.0,0.0,0.0,0,0.0,0,0.0,0.0,0.0,230.75,-0.08949011446409989,0.04357212953876349,100.0
2010-09-01,0.0,0.0,0.0,0.0,0.0,0,0.0,0,0.0,0.0,0.0,228.0,-0.08949011446409989,0.04357212953876349,100.0
2010-09-02,0.0,0.0,0.0,0.0,0.0,0,0.0,0,0.0,0.0,0.0,224.25,-0.08949011446409989,0.04357212953876349,100.0
2010-09-03,0.0,0.0,0.0,0.0,0.0,0,0.0,0,0.0,0.0,0.0,221.25,-0.08949011446409989,0.04357212953876349,100.0
2010-09-06,0.0,0.0,0.0,0.0,0.0,0,0.0,0,0.0,0.0,0.0,221.25,-0.08949011446409989,0.04357212953876349,100.0
2010-09-07,0.0,0.0,0.0,0.0,0.0,0,0.0,0,0.0,0.0,0.0,221.0,-0.08949011446409989,0.04357212953876349,100.0
2010-09-08,0.0,0.0,0.0,0.0,0.0,0,0.0,0,0.0,0.0,0.0,220.25,-0.08949011446409989,0.04357212953876349,100.0
2010-09-09,0.0,0.0,0.0,0.0,0.0,0,0.0,0,0.0,0.0,0.0,224.0,-0.08949011446409989,0.04357212953876349,100.0
2010-09-10,0.0,0.0,0.0,0.0,0.0,0,0.0,0,0.0,0.0,0.0,224.75,-0.08949011446409989,0.04357212953876349,100.0
2010-09-13,0.0,0.0,0.0,0.0,0.0,0,0.0,0,0.0,0.0,0.0,223.25,-0.08949011446409989,0.04357212953876349,100.0
2010-09-14,0.0,0.0,0.0,0.0,0.0,0,0.0,0,0.0,0.0,0.0,229.0,-0.08949011446409989,0.04357212953876349,100.0
2010-09-15,0.0,0.0,0.0,0.0,0.0,0,0.0,0,0.0,0.0,0.0,228.75,-0.08949011446409989,0.04357212953876349,100.0
2010-09-16,0.0,0.0,0.0,0.0,0.0,0,0.0,0,0.0,0.0,0.0,227.25,-0.08949011446409989,0.04357212953876349,100.0
2010-09-17,0.0,0.0,0.0,0.0,0.0,0,0.0,0,0.0,0.0,0.0,225.5,-0.08949011446409989,0.04357212953876349,100.0
2010-09-20,0.0,0.0,0.0,0.0,0.0,0,0.0,0,0.0,0.0,0.0,223.5,-0.08949011446409989,0.04357212953876349,100.0
2010-09-21,0.0,0.0,0.0,0.0,0.0,0,0.0,0,0.0,0.0,0.0,225.25,-0.08949011446409989,0.04357212953876349,100.0
2010-09-22,0.0,0.0,0.0,0.0,0.0,0,0.0,0,0.0,0.0,0.0,221.5,-0.08949011446409989,0.04357212953876349,100.0
2010-09-23,0.0,0.0,0.0,0.0,0.0,0,0.0,0,0.0,0.0,0.0,215.75,-0.08949011446409989,0.04357212953876349,100.0
2010-09-24,0.0,0.0,0.0,0.0,0.0,0,0.0,0,0.0,0.0,0.0,212.5,-0.08949011446409989,0.04357212953876349,100.0
2010-09-27,0.0,0.0,0.0,0.0,0.0,0,0.0,0,0.0,0.0,0.0,221.75,-0.08949011446409989,0.04357212953876349,100.0
2010-09-28,0.0,0.0,0.0,0.0,0.0,0,0.0,0,0.0,0.0,0.0,218.25,-0.08949011446409989,0.04357212953876349,100.0
2010-09-29,0.0,0.0,0.0,0.0,0.0,0,0.0,0,0.0,0.0,0.0,215.5,-0.08949011446409989,0.04357212953876349,100.0
2010-09-30,0.0,0.0,0.0,0.0,0.0,0,0.0,0,0.0,0.0,0.0,223.75,-0.08949011446409989,0.04357212953876349,100.0
2010-10-01,0.0,0.0,0.0,0.0,0.0,0,0.0,0,0.0,0.0,0.0,226.75,-0.08949011446409989,0.04357212953876349,100.0
2010-10-04,0.0,0.0,0.0,0.0,0.0,0,0.0,0,0.0,0.0,0.0,227.0,-0.08949011446409989,0.04357212953876349,100.0
2010-10-05,0.0,0.0,0.0,0.0,0.0,0,0.0,0,0.0,0.0,0.0,230.25,-0.08949011446409989,0.04357212953876349,100.0
2010-10-06,0.0,0.0,0.0,0.0,0.0,0,0.0,0,0.0,0.0,0.0,224.75,-0.08949011446409989,0.04357212953876349,100.0
2010-10-07,0.0,0.0,0.0,0.0,0.0,0,0.0,0,0.0,0.0,0.0,222.75,-0.08949011446409989,0.04357212953876349,100.0
2010-10-08,0.0,0.0,0.0,0.0,0.0,0,0.0,0,0.0,0.0,0.0,223.75,-0.08949011446409989,0.04357212953876349,100.0
2010-10-11,0.0,0.0,0.0,0.0,0.0,0,0.0,0,0.0,0.0,0.0,223.5,-0.08949011446409989,0.04357212953876349,100.0
2010-10-12,0.0,0.0,0.0,0.0,0.0,0,0.0,0,0.0,0.0,0.0,227.0,-0.08949011446409989,0.04357212953876349,100.0
2010-10-13,0.0,0.0,0.0,0.0,0.0,0,0.0,0,0.0,0.0,0.0,229.0,-0.08949011446409989,0.04357212953876349,100.0
2010-10-14,0.0,0.0,0.0,0.0,0.0,0,0.0,0,0.0,0.0,0.0,225.0,-0.08949011446409989,0.04357212953876349,100.0
2010-10-15,0.0,0.0,0.0,0.0,0.0,0,0.0,0,0.0,0.0,0.0,212.75,-0.08949011446409989,0.04357212953876349,100.0
2010-10-18,0.0,0.0,0.0,0.0,0.0,0,0.0,0,0.0,0.0,0.0,210.5,-0.08949011446409989,0.04357212953876349,100.0
2010-10-19,0.0,0.0,0.0,0.0,0.0,0,0.0,0,0.0,0.0,0.0,198.25,-0.08949011446409989,0.04357212953876349,100.0
2010-10-20,0.0,0.0,0.0,0.0,0.0,0,0.0,0,0.0,0.0,0.0,208.75,-0.08949011446409989,0.04357212953876349,100.0
2010-10-21,0.0,0.0,0.0,0.0,0.0,0,0.0,0,0.0,0.0,0.0,208.75,-0.08949011446409989,0.04357212953876349,100.0
2010-10-22,0.0,0.0,0.0,0.0,0.0,0,0.0,0,0.0,0.0,0.0,207.75,-0.08949011446409989,0.04357212953876349,100.0
2010-10-25,0.0,0.0,0.0,0.0,0.0,0,0.0,0,0.0,0.0,0.0,216.75,-0.08949011446409989,0.04357212953876349,100.0
2010-10-26,0.0,0.0,0.0,0.0,0.0,0,0.0,0,0.0,0.0,0.0,217.75,-0.08949011446409989,0.04357212953876349,100.0
2010-10-27,0.0,0.0,0.0,0.0,0.0,0,0.0,0,0.0,0.0,0.0,211.75,-0.08949011446409989,0.04357212953876349,100.0
2010-10-28,0.0,0.0,0.0,0.0,0.0,0,0.0,0,0.0,0.0,0.0,209.25,-0.08949011446409989,0.04357212953876349,100.0
2010-10-29,0.0,0.0,0.0,0.0,0.0,0,0.0,0,0.0,0.0,0.0,213.0,-0.08949011446409989,0.04357212953876349,100.0
2010-11-01,0.0,0.0,0.0,0.0,0.0,0,0.0,0,0.0,0.0,0.0,208.5,-0.08949011446409989,0.04357212953876349,100.0
2010-11-02,0.0,0.0,0.0,0.0,0.0,0,0.0,0,0.0,0.0,0.0,210.75,-0.08949011446409989,0.04357212953876349,100.0
2010-11-03,0.0,0.0,0.0,0.0,0.0,0,0.0,0,0.0,0.0,0.0,206.0,-0.08949011446409989,0.04357212953876349,100.0
2010-11-04,0.0,0.0,0.0,0.0,0.0,0,0.0,0,0.0,0.0,0.0,208.5,-0.08949011446409989,0.04357212953876349,100.0
2010-11-05,0.0,0.0,0.0,0.0,0.0,0,0.0,0,0.0,0.0,0.0,207.0,-0.08949011446409989,0.04357212953876349,100.0
2010-11-08,0.0,0.0,0.0,0.0,0.0,0,0.0,0,0.0,0.0,0.0,207.5,-0.08949011446409989,0.04357212953876349,100.0
2010-11-09,0.0,0.0,0.0,0.0,0.0,0,0.0,0,0.0,0.0,0.0,208.75,-0.08949011446409989,0.04357212953876349,100.0
2010-11-10,0.0,0.0,0.0,0.0,0.0,0,0.0,0,0.0,0.0,0.0,208.5,-0.08949011446409989,0.04357212953876349,100.0
2010-11-11,0.0,0.0,0.0,0.0,0.0,0,0.0,0,0.0,0.0,0.0,207.25,-0.08949011446409989,0.04357212953876349,100.0
2010-11-12,0.0,0.0,0.0,0.0,0.0,0,0.0,0,0.0,0.0,0.0,209.5,-0.08949011446409989,0.04357212953876349,100.0
2010-11-15,0.0,0.0,0.0,0.0,0.0,0,0.0,0,0.0,0.0,0.0,213.75,-0.08949011446409989,0.04357212953876349,100.0
2010-11-16,0.0,0.0,0.0,0.0,0.0,0,0.0,0,0.0,0.0,0.0,211.0,-0.08949011446409989,0.04357212953876349,100.0
2010-11-17,0.0,0.0,0.0,0.0,0.0,0,0.0,0,0.0,0.0,0.0,202.75,-0.08949011446409989,0.04357212953876349,100.0
2010-11-18,0.0,0.0,0.0,0.0,0.0,0,0.0,0,0.0,0.0,0.0,209.25,-0.08949011446409989,0.04357212953876349,100.0
2010-11-19,0.0,0.0,0.0,0.0,0.0,0,0.0,0,0.0,0.0,0.0,209.0,-0.08949011446409989,0.04357212953876349,100.0
2010-11-22,0.0,0.0,0.0,0.0,0.0,0,0.0,0,0.0,0.0,0.0,200.0,-0.08949011446409989,0.04357212953876349,100.0
2010-11-23,0.0,0.0,0.0,0.0,0.0,0,0.0,0,0.0,0.0,0.0,196.0,-0.08949011446409989,0.04357212953876349,100.0
2010-11-24,0.0,0.0,0.0,0.0,0.0,0,0.0,0,0.0,0.0,0.0,198.0,-0.08949011446409989,0.04357212953876349,100.0
2010-11-25,0.0,0.0,0.0,0.0,0.0,0,0.0,0,0.0,0.0,0.0,198.0,-0.08949011446409989,0.04357212953876349,100.0
2010-11-26,0.0,0.0,0.0,0.0,0.0,0,0.0,0,0.0,0.0,0.0,198.0,-0.08949011446409989,0.04357212953876349,100.0
2010-11-29,0.0,0.0,0.0,0.0,0.0,0,0.0,0,0.0,0.0,0.0,203.75,-0.08949011446409989,0.04357212953876349,100.0
2010-11-30,0.0,0.0,0.0,0.0,0.0,0,0.0,0,0.0,0.0,0.0,213.5,-0.08949011446409989,0.04357212953876349,100.0
2010-12-01,0.0,0.0,0.0,0.0,0.0,0,0.0,0,0.0,0.0,0.0,217.0,-0.08949011446409989,0.04357212953876349,100.0
2010-12-02,0.0,0.0,0.0,0.0,0.0,0,0.0,0,0.0,0.0,0.0,219.0,-0.08949011446409989,0.04357212953876349,100.0
2010-12-03,0.0,0.0,0.0,0.0,0.0,0,0.0,0,0.0,0.0,0.0,217.5,-0.08949011446409989,0.04357212953876349,100.0
2010-12-06,0.0,0.0,0.0,0.0,0.0,0,0.0,0,0.0,0.0,0.0,219.0,-0.08949011446409989,0.04357212953876349,100.0
2010-12-07,0.0,0.0,0.0,0.0,0.0,0,0.0,0,0.0,0.0,0.0,223.75,-0.08949011446409989,0.04357212953876349,100.0
2010-12-08,0.0,0.0,0.0,0.0,0.0,0,0.0,0,0.0,0.0,0.0,218.75,-0.08949011446409989,0.04357212953876349,100.0
2010-12-09,0.0,0.0,0.0,0.0,0.0,0,0.0,0,0.0,0.0,0.0,215.5,-0.08949011446409989,0.04357212953876349,100.0
2010-12-10,0.0,0.0,0.0,0.0,0.0,0,0.0,0,0.0,0.0,0.0,215.25,-0.08949011446409989,0.04357212953876349,100.0
2010-12-13,0.0,0.0,0.0,0.0,0.0,0,0.0,0,0.0,0.0,0.0,223.75,-0.08949011446409989,0.04357212953876349,100.0
2010-12-14,0.0,0.0,0.0,0.0,0.0,0,0.0,0,0.0,0.0,0.0,224.75,-0.08949011446409989,0.04357212953876349,100.0
2010-12-15,0.0,0.0,0.0,0.0,0.0,0,0.0,0,0.0,0.0,0.0,227.0,-0.08949011446409989,0.04357212953876349,100.0
2010-12-16,0.0,0.0,0.0,0.0,0.0,0,0.0,0,0.0,0.0,0.0,227.75,-0.08949011446409989,0.04357212953876349,100.0
2010-12-17,0.0,0.0,0.0,0.0,0.0,0,0.0,0,0.0,0.0,0.0,229.5,-0.08949011446409989,0.04357212953876349,100.0
2010-12-20,0.0,0.0,0.0,0.0,0.0,0,0.0,0,0.0,0.0,0.0,229.75,-0.08949011446409989,0.04357212953876349,100.0
2010-12-21,0.0,0.0,0.0,0.0,0.0,0,0.0,0,0.0,0.0,0.0,227.5,-0.08949011446409989,0.04357212953876349,100.0
2010-12-22,0.0,0.0,0.0,0.0,0.0,0,0.0,0,0.0,0.0,0.0,227.25,-0.08949011446409989,0.04357212953876349,100.0
2010-12-23,0.0,0.0,0.0,0.0,0.0,0,0.0,0,0.0,0.0,0.0,227.25,-0.08949011446409989,0.04357212953876349,100.0
2010-12-24,0.0,0.0,0.0,0.0,0.0,0,0.0,0,0.0,0.0,0.0,227.25,-0.08949011446409989,0.04357212953876349,100.0
2010-12-27,0.0,0.0,0.0,0.0,0.0,0,0.0,0,0.0,0.0,0.0,229.5,-0.08949011446409989,0.04357212953876349,100.0
2010-12-28,0.0,0.0,0.0,0.0,0.0,0,0.0,0,0.0,0.0,0.0,231.25,-0.08949011446409989,0.04357212953876349,100.0
2010-12-29,0.0,0.0,0.0,0.0,0.0,0,0.0,0,0.0,0.0,0.0,234.0,-0.08949011446409989,0.04357212953876349,100.0
2010-12-30,0.0,0.0,0.0,0.0,0.0,0,0.0,0,0.0,0.0,0.0,237.0,-0.08949011446409989,0.04357212953876349,100.0
2010-12-31,0.0,0.0,0.0,0.0,0.0,0,0.0,0,0.0,0.0,0.0,234.75,-0.08949011446409989,0.04357212953876349,100.0
2011-01-03,0.0,0.0,0.0,0.0,0.0,0,0.0,0,0.0,0.0,0.0,234.25,-0.08949011446409989,0.04357212953876349,100.0
2011-01-04,0.0,0.0,0.0,0.0,0.0,0,0.0,0,0.0,0.0,0.0,234.5,-0.08949011446409989,0.04357212953876349,100.0
2011-01-05,0.0,0.0,0.0,0.0,0.0,0,0.0,0,0.0,0.0,0.0,233.25,-0.08949011446409989,0.04357212953876349,100.0
2011-01-06,0.0,0.0,0.0,0.0,0.0,0,0.0,0,0.0,0.0,0.0,230.0,-0.08949011446409989,0.04357212953876349,100.0
2011-01-07,0.0,0.0,0.0,0.0,0.0,0,0.0,0,0.0,0.0,0.0,227.75,-0.08949011446409989,0.04357212953876349,100.0
2011-01-10,0.0,0.0,0.0,0.0,0.0,0,0.0,0,0.0,0.0,0.0,231.25,-0.08949011446409989,0.04357212953876349,100.0
2011-01-11,0.0,0.0,0.0,0.0,0.0,0,0.0,0,0.0,0.0,0.0,231.0,-0.08949011446409989,0.04357212953876349,100.0
2011-01-12,0.0,0.0,0.0,0.0,0.0,0,0.0,0,0.0,0.0,0.0,227.0,-0.08949011446409989,0.04357212953876349,100.0
2011-01-13,0.0,0.0,0.0,0.0,0.0,0,0.0,0,0.0,0.0,0.0,222.75,-0.08949011446409989,0.04357212953876349,100.0
2011-01-14,0.0,0.0,0.0,0.0,0.0,0,0.0,0,0.0,0.0,0.0,220.75,-0.08949011446409989,0.04357212953876349,100.0
2011-01-17,0.0,0.0,0.0,0.0,0.0,0,0.0,0,0.0,0.0,0.0,220.75,-0.08949011446409989,0.04357212953876349,100.0
2011-01-18,0.0,0.0,0.0,0.0,0.0,0,0.0,0,0.0,0.0,0.0,218.5,-0.08949011446409989,0.04357212953876349,100.0
2011-01-19,0.0,0.0,0.0,0.0,0.0,0,0.0,0,0.0,0.0,0.0,216.0,-0.08949011446409989,0.04357212953876349,100.0
2011-01-20,0.0,0.0,0.0,0.0,0.0,0,0.0,0,0.0,0.0,0.0,215.5,-0.08949011446409989,0.04357212953876349,100.0
2011-01-21,0.0,0.0,0.0,0.0,0.0,0,0.0,0,0.0,0.0,0.0,220.5,-0.08949011446409989,0.04357212953876349,100.0
2011-01-24,0.0,0.0,0.0,0.0,0.0,0,0.0,0,0.0,0.0,0.0,214.75,-0.08949011446409989,0.04357212953876349,100.0
2011-01-25,0.0,0.0,0.0,0.0,0.0,0,0.0,0,0.0,0.0,0.0,211.0,-0.08949011446409989,0.04357212953876349,100.0
2011-01-26,0.0,0.0,0.0,0.0,0.0,0,0.0,0,0.0,0.0,0.0,215.25,-0.08949011446409989,0.04357212953876349,100.0
2011-01-27,0.0,0.0,0.0,0.0,0.0,0,0.0,0,0.0,0.0,0.0,219.0,-0.08949011446409989,0.04357212953876349,100.0
2011-01-28,0.0,0.0,0.0,0.0,0.0,0,0.0,0,0.0,0.0,0.0,214.75,-0.08949011446409989,0.04357212953876349,100.0
2011-01-31,0.0,0.0,0.0,0.0,0.0,0,0.0,0,0.0,0.0,0.0,209.75,-0.08949011446409989,0.04357212953876349,100.0
2011-02-01,0.0,0.0,0.0,0.0,0.0,0,0.0,0,0.0,0.0,0.0,213.5,-0.08949011446409989,0.04357212953876349,100.0
2011-02-02,0.0,0.0,0.0,0.0,0.0,0,0.0,0,0.0,0.0,0.0,213.0,-0.08949011446409989,0.04357212953876349,100.0
2011-02-03,0.0,0.0,0.0,0.0,0.0,0,0.0,0,0.0,0.0,0.0,214.75,-0.08949011446409989,0.04357212953876349,100.0
2011-02-04,0.0,0.0,0.0,0.0,0.0,0,0.0,0,0.0,0.0,0.0,214.25,-0.08949011446409989,0.04357212953876349,100.0
2011-02-07,0.0,0.0,0.0,0.0,0.0,0,0.0,0,0.0,0.0,0.0,213.5,-0.08949011446409989,0.04357212953876349,100.0
2011-02-08,0.0,0.0,0.0,0.0,0.0,0,0.0,0,0.0,0.0,0.0,208.0,-0.08949011446409989,0.04357212953876349,100.0
2011-02-09,0.0,0.0,0.0,0.0,0.0,0,0.0,0,0.0,0.0,0.0,207.75,-0.08949011446409989,0.04357212953876349,100.0
2011-02-10,0.0,0.0,0.0,0.0,0.0,0,0.0,0,0.0,0.0,0.0,206.0,-0.08949011446409989,0.04357212953876349,100.0
2011-02-11,0.0,0.0,0.0,0.0,0.0,0,0.0,0,0.0,0.0,0.0,204.75,-0.08949011446409989,0.04357212953876349,100.0
2011-02-14,0.0,0.0,0.0,0.0,0.0,0,0.0,0,0.0,0.0,0.0,203.5,-0.08949011446409989,0.04357212953876349,100.0
2011-02-15,0.0,0.0,0.0,0.0,0.0,0,0.0,0,0.0,0.0,0.0,201.25,-0.08949011446409989,0.04357212953876349,100.0
2011-02-16,0.0,0.0,0.0,0.0,0.0,0,0.0,0,0.0,0.0,0.0,202.0,-0.08949011446409989,0.04357212953876349,100.0
2011-02-17,0.0,0.0,0.0,0.0,0.0,0,0.0,0,0.0,0.0,0.0,204.5,-0.08949011446409989,0.04357212953876349,100.0
2011-02-18,0.0,0.0,0.0,0.0,0.0,0,0.0,0,0.0,0.0,0.0,198.75,-0.08949011446409989,0.04357212953876349,100.0
2011-02-21,0.0,0.0,0.0,0.0,0.0,0,0.0,0,0.0,0.0,0.0,198.75,-0.08949011446409989,0.04357212953876349,100.0
2011-02-22,0.0,0.0,0.0,0.0,0.0,0,0.0,0,0.0,0.0,0.0,197.75,-0.08949011446409989,0.04357212953876349,100.0
2011-02-23,0.0,0.0,0.0,0.0,0.0,0,0.0,0,0.0,0.0,0.0,204.75,-0.08949011446409989,0.04357212953876349,100.0
2011-02-24,0.0,0.0,0.0,0.0,0.0,0,0.0,0,0.0,0.0,0.0,209.75,-0.08949011446409989,0.04357212953876349,100.0
2011-02-25,0.0,0.0,0.0,0.0,0.0,0,0.0,0,0.0,0.0,0.0,210.0,-0.08949011446409989,0.04357212953876349,100.0
2011-02-28,0.0,0.0,0.0,0.0,0.0,0,0.0,0,0.0,0.0,0.0,205.75,-0.08949011446409989,0.04357212953876349,100.0
2011-03-01,0.0,0.0,0.0,0.0,0.0,0,0.0,0,0.0,0.0,0.0,206.0,-0.08949011446409989,0.04357212953876349,100.0
2011-03-02,0.0,0.0,0.0,0.0,0.0,0,0.0,0,0.0,0.0,0.0,212.25,-0.08949011446409989,0.04357212953876349,100.0
2011-03-03,0.0,0.0,0.0,0.0,0.0,0,0.0,0,0.0,0.0,0.0,214.0,-0.08949011446409989,0.04357212953876349,100.0
2011-03-04,0.0,0.0,0.0,0.0,0.0,0,0.0,0,0.0,0.0,0.0,203.25,-0.08949011446409989,0.04357212953876349,100.0
2011-03-07,0.0,0.0,0.0,0.0,0.0,0,0.0,0,0.0,0.0,0.0,204.5,-0.08949011446409989,0.04357212953876349,100.0
2011-03-08,0.0,0.0,0.0,0.0,0.0,0,0.0,0,0.0,0.0,0.0,210.5,-0.08949011446409989,0.04357212953876349,100.0
2011-03-09,0.0,0.0,0.0,0.0,0.0,0,0.0,0,0.0,0.0,0.0,214.25,-0.08949011446409989,0.04357212953876349,100.0
2011-03-10,0.0,0.0,0.0,0.0,0.0,0,0.0,0,0.0,0.0,0.0,211.25,-0.08949011446409989,0.04357212953876349,100.0
2011-03-11,0.0,0.0,0.0,0.0,0.0,0,0.0,0,0.0,0.0,0.0,217.5,-0.08949011446409989,0.04357212953876349,100.0
2011-03-14,0.0,0.0,0.0,0.0,0.0,0,0.0,0,0.0,0.0,0.0,214.25,-0.08949011446409989,0.04357212953876349,100.0
2011-03-15,0.0,0.0,0.0,0.0,0.0,0,0.0,0,0.0,0.0,0.0,222.75,-0.08949011446409989,0.04357212953876349,100.0
2011-03-16,0.0,0.0,0.0,0.0,0.0,0,0.0,0,0.0,0.0,0.0,232.0,-0.08949011446409989,0.04357212953876349,100.0
2011-03-17,0.0,0.0,0.0,0.0,0.0,0,0.0,0,0.0,0.0,0.0,231.75,-0.08949011446409989,0.04357212953876349,100.0
2011-03-18,0.0,0.0,0.0,0.0,0.0,0,0.0,0,0.0,0.0,0.0,231.75,-0.08949011446409989,0.04357212953876349,100.0
2011-03-21,0.0,0.0,0.0,0.0,0.0,0,0.0,0,0.0,0.0,0.0,231.0,-0.08949011446409989,0.04357212953876349,100.0
2011-03-22,0.0,0.0,0.0,0.0,0.0,0,0.0,0,0.0,0.0,0.0,230.5,-0.08949011446409989,0.04357212953876349,100.0
2011-03-23,0.0,0.0,0.0,0.0,0.0,0,0.0,0,0.0,0.0,0.0,236.25,-0.08949011446409989,0.04357212953876349,100.0
2011-03-24,0.0,0.0,0.0,0.0,0.0,0,0.0,0,0.0,0.0,0.0,239.5,-0.08949011446409989,0.04357212953876349,100.0
2011-03-25,0.0,0.0,0.0,0.0,0.0,0,0.0,0,0.0,0.0,0.0,239.5,-0.08949011446409989,0.04357212953876349,100.0
2011-03-28,0.0,0.0,0.0,0.0,0.0,0,0.0,0,0.0,0.0,0.0,248.0,-0.08949011446409989,0.04357212953876349,100.0
2011-03-29,0.0,0.0,0.0,0.0,0.0,0,0.0,0,0.0,0.0,0.0,244.75,-0.08949011446409989,0.04357212953876349,100.0
2011-03-30,0.0,0.0,0.0,0.0,0.0,0,0.0,0,0.0,0.0,0.0,246.25,-0.08949011446409989,0.04357212953876349,100.0
2011-03-31,0.0,0.0,0.0,0.0,0.0,0,0.0,0,0.0,0.0,0.0,246.25,-0.08949011446409989,0.04357212953876349,100.0
2011-04-01,0.0,0.0,0.0,0.0,0.0,0,0.0,0,0.0,0.0,0.0,243.25,-0.08949011446409989,0.04357212953876349,100.0
2011-04-04,0.0,0.0,0.0,0.0,0.0,0,0.0,0,0.0,0.0,0.0,240.25,-0.08949011446409989,0.04357212953876349,100.0
2011-04-05,0.0,0.0,0.0,0.0,0.0,0,0.0,0,0.0,0.0,0.0,239.75,-0.08949011446409989,0.04357212953876349,100.0
2011-04-06,0.0,0.0,0.0,0.0,0.0,0,0.0,0,0.0,0.0,0.0,238.0,-0.08949011446409989,0.04357212953876349,100.0
2011-04-07,0.0,0.0,0.0,0.0,0.0,0,0.0,0,0.0,0.0,0.0,234.5,-0.08949011446409989,0.04357212953876349,100.0
2011-04-08,0.0,0.0,0.0,0.0,0.0,0,0.0,0,0.0,0.0,0.0,229.75,-0.08949011446409989,0.04357212953876349,100.0
2011-04-11,0.0,0.0,0.0,0.0,0.0,0,0.0,0,0.0,0.0,0.0,223.25,-0.08949011446409989,0.04357212953876349,100.0
2011-04-12,0.0,0.0,0.0,0.0,0.0,0,0.0,0,0.0,0.0,0.0,218.0,-0.08949011446409989,0.04357212953876349,100.0
2011-04-13,0.0,0.0,0.0,0.0,0.0,0,0.0,0,0.0,0.0,0.0,217.25,-0.08949011446409989,0.04357212953876349,100.0
2011-04-14,0.0,0.0,0.0,0.0,0.0,0,0.0,0,0.0,0.0,0.0,219.75,-0.08949011446409989,0.04357212953876349,100.0
2011-04-15,0.0,0.0,0.0,0.0,0.0,0,0.0,0,0.0,0.0,0.0,216.75,-0.08949011446409989,0.04357212953876349,100.0
2011-04-18,0.0,0.0,0.0,0.0,0.0,0,0.0,0,0.0,0.0,0.0,214.25,-0.08949011446409989,0.04357212953876349,100.0
2011-04-19,0.0,0.0,0.0,0.0,0.0,0,0.0,0,0.0,0.0,0.0,210.5,-0.08949011446409989,0.04357212953876349,100.0
2011-04-20,0.0,0.0,0.0,0.0,0.0,0,0.0,0,0.0,0.0,0.0,209.75,-0.08949011446409989,0.04357212953876349,100.0
2011-04-21,0.0,0.0,0.0,0.0,0.0,0,0.0,0,0.0,0.0,0.0,209.0,-0.08949011446409989,0.04357212953876349,100.0
2011-04-22,0.0,0.0,0.0,0.0,0.0,0,0.0,0,0.0,0.0,0.0,209.0,-0.08949011446409989,0.04357212953876349,100.0
2011-04-25,0.0,0.0,0.0,0.0,0.0,0,0.0,0,0.0,0.0,0.0,209.25,-0.08949011446409989,0.04357212953876349,100.0
2011-04-26,0.0,0.0,0.0,0.0,0.0,0,0.0,0,0.0,0.0,0.0,208.75,-0.08949011446409989,0.04357212953876349,100.0
2011-04-27,0.0,0.0,0.0,0.0,0.0,0,0.0,0,0.0,0.0,0.0,205.25,-0.08949011446409989,0.04357212953876349,100.0
2011-04-28,0.0,0.0,0.0,0.0,0.0,0,0.0,0,0.0,0.0,0.0,206.0,-0.08949011446409989,0.04357212953876349,100.0
2011-04-29,0.0,0.0,0.0,0.0,0.0,0,0.0,0,0.0,0.0,0.0,206.75,-0.08949011446409989,0.04357212953876349,100.0
2011-05-02,0.0,0.0,0.0,0.0,0.0,0,0.0,0,0.0,0.0,0.0,207.75,-0.08949011446409989,0.04357212953876349,100.0
2011-05-03,0.0,0.0,0.0,0.0,0.0,0,0.0,0,0.0,0.0,0.0,204.75,-0.08949011446409989,0.04357212953876349,100.0
2011-05-04,0.0,0.0,0.0,0.0,0.0,0,0.0,0,0.0,0.0,0.0,211.0,-0.08949011446409989,0.04357212953876349,100.0
2011-05-05,0.0,0.0,0.0,0.0,0.0,0,0.0,0,0.0,0.0,0.0,203.25,-0.08949011446409989,0.04357212953876349,100.0
2011-05-06,0.0,0.0,0.0,0.0,0.0,0,0.0,0,0.0,0.0,0.0,203.25,-0.08949011446409989,0.04357212953876349,100.0
2011-05-09,0.0,0.0,0.0,0.0,0.0,0,0.0,0,0.0,0.0,0.0,205.5,-0.08949011446409989,0.04357212953876349,100.0
2011-05-10,0.0,0.0,0.0,0.0,0.0,0,0.0,0,0.0,0.0,0.0,206.5,-0.08949011446409989,0.04357212953876349,100.0
2011-05-11,0.0,0.0,0.0,0.0,0.0,0,0.0,0,0.0,0.0,0.0,203.5,-0.08949011446409989,0.04357212953876349,100.0
2011-05-12,0.0,0.0,0.0,0.0,0.0,0,0.0,0,0.0,0.0,0.0,203.75,-0.08949011446409989,0.04357212953876349,100.0
2011-05-13,0.0,0.0,0.0,0.0,0.0,0,0.0,0,0.0,0.0,0.0,204.5,-0.08949011446409989,0.04357212953876349,100.0
2011-05-16,0.0,0.0,0.0,0.0,0.0,0,0.0,0,0.0,0.0,0.0,206.25,-0.08949011446409989,0.04357212953876349,100.0
2011-05-17,0.0,0.0,0.0,0.0,0.0,0,0.0,0,0.0,0.0,0.0,201.75,-0.08949011446409989,0.04357212953876349,100.0
2011-05-18,0.0,0.0,0.0,0.0,0.0,0,0.0,0,0.0,0.0,0.0,204.0,-0.08949011446409989,0.04357212953876349,100.0
2011-05-19,0.0,0.0,0.0,0.0,0.0,0,0.0,0,0.0,0.0,0.0,203.5,-0.08949011446409989,0.04357212953876349,100.0
2011-05-20,0.0,0.0,0.0,0.0,0.0,0,0.0,0,0.0,0.0,0.0,208.75,-0.08949011446409989,0.04357212953876349,100.0
2011-05-23,0.0,0.0,0.0,0.0,0.0,0,0.0,0,0.0,0.0,0.0,210.5,-0.08949011446409989,0.04357212953876349,100.0
2011-05-24,0.0,0.0,0.0,0.0,0.0,0,0.0,0,0.0,0.0,0.0,218.0,-0.08949011446409989,0.04357212953876349,100.0
2011-05-25,0.0,0.0,0.0,0.0,0.0,0,0.0,0,0.0,0.0,0.0,226.25,-0.08949011446409989,0.04357212953876349,100.0
2011-05-26,0.0,0.0,0.0,0.0,0.0,0,0.0,0,0.0,0.0,0.0,231.25,-0.08949011446409989,0.04357212953876349,100.0
2011-05-27,0.0,0.0,0.0,0.0,0.0,0,0.0,0,0.0,0.0,0.0,229.5,-0.08949011446409989,0.04357212953876349,100.0
2011-05-30,0.0,0.0,0.0,0.0,0.0,0,0.0,0,0.0,0.0,0.0,229.5,-0.08949011446409989,0.04357212953876349,100.0
2011-05-31,0.0,0.0,0.0,0.0,0.0,0,0.0,0,0.0,0.0,0.0,217.0,-0.08949011446409989,0.04357212953876349,100.0
2011-06-01,0.0,0.0,0.0,0.0,0.0,0,0.0,0,0.0,0.0,0.0,223.25,-0.08949011446409989,0.04357212953876349,100.0
2011-06-02,0.0,0.0,0.0,0.0,0.0,0,0.0,0,0.0,0.0,0.0,227.0,-0.08949011446409989,0.04357212953876349,100.0
2011-06-03,0.0,0.0,0.0,0.0,0.0,0,0.0,0,0.0,0.0,0.0,229.25,-0.08949011446409989,0.04357212953876349,100.0
2011-06-06,0.0,0.0,0.0,0.0,0.0,0,0.0,0,0.0,0.0,0.0,230.5,-0.08949011446409989,0.04357212953876349,100.0
2011-06-07,0.0,0.0,0.0,0.0,0.0,0,0.0,0,0.0,0.0,0.0,238.75,-0.08949011446409989,0.04357212953876349,100.0
2011-06-08,0.0,0.0,0.0,0.0,0.0,0,0.0,0,0.0,0.0,0.0,235.5,-0.08949011446409989,0.04357212953876349,100.0
2011-06-09,0.0,0.0,0.0,0.0,0.0,0,0.0,0,0.0,0.0,0.0,243.0,-0.08949011446409989,0.04357212953876349,100.0
2011-06-10,0.0,0.0,0.0,0.0,0.0,0,0.0,0,0.0,0.0,0.0,254.0,-0.08949011446409989,0.04357212953876349,100.0
2011-06-13,0.0,0.0,0.0,0.0,0.0,0,0.0,0,0.0,0.0,0.0,259.25,-0.08949011446409989,0.04357212953876349,100.0
2011-06-14,0.0,0.0,0.0,0.0,0.0,0,0.0,0,0.0,0.0,0.0,263.75,-0.08949011446409989,0.04357212953876349,100.0
2011-06-15,0.0,0.0,0.0,0.0,0.0,0,0.0,0,0.0,0.0,0.0,264.0,-0.08949011446409989,0.04357212953876349,100.0
2011-06-16,0.0,0.0,0.0,0.0,0.0,0,0.0,0,0.0,0.0,0.0,258.5,-0.08949011446409989,0.04357212953876349,100.0
2011-06-17,0.0,0.0,0.0,0.0,0.0,0,0.0,0,0.0,0.0,0.0,256.5,-0.08949011446409989,0.04357212953876349,100.0
2011-06-20,0.0,0.0,0.0,0.0,0.0,0,0.0,0,0.0,0.0,0.0,253.5,-0.08949011446409989,0.04357212953876349,100.0
2011-06-21,0.0,0.0,0.0,0.0,0.0,0,0.0,0,0.0,0.0,0.0,251.5,-0.08949011446409989,0.04357212953876349,100.0
2011-06-22,0.0,0.0,0.0,0.0,0.0,0,0.0,0,0.0,0.0,0.0,261.5,-0.08949011446409989,0.04357212953876349,100.0
2011-06-23,0.0,0.0,0.0,0.0,0.0,0,0.0,0,0.0,0.0,0.0,249.5,-0.08949011446409989,0.04357212953876349,100.0
2011-06-24,0.0,0.0,0.0,0.0,0.0,0,0.0,0,0.0,0.0,0.0,247.25,-0.08949011446409989,0.04357212953876349,100.0
2011-06-27,0.0,0.0,0.0,0.0,0.0,0,0.0,0,0.0,0.0,0.0,257.0,-0.08949011446409989,0.04357212953876349,100.0
2011-06-28,0.0,0.0,0.0,0.0,0.0,0,0.0,0,0.0,0.0,0.0,252.25,-0.08949011446409989,0.04357212953876349,100.0
2011-06-29,0.0,0.0,0.0,0.0,0.0,0,0.0,0,0.0,0.0,0.0,251.5,-0.08949011446409989,0.04357212953876349,100.0
2011-06-30,0.0,0.0,0.0,0.0,0.0,0,0.0,0,0.0,0.0,0.0,250.0,-0.08949011446409989,0.04357212953876349,100.0
2011-07-01,0.0,0.0,0.0,0.0,0.0,0,0.0,0,0.0,0.0,0.0,249.0,-0.08949011446409989,0.04357212953876349,100.0
2011-07-04,0.0,0.0,0.0,0.0,0.0,0,0.0,0,0.0,0.0,0.0,249.0,-0.08949011446409989,0.04357212953876349,100.0
2011-07-05,0.0,0.0,0.0,0.0,0.0,0,0.0,0,0.0,0.0,0.0,250.75,-0.08949011446409989,0.04357212953876349,100.0
2011-07-06,0.0,0.0,0.0,0.0,0.0,0,0.0,0,0.0,0.0,0.0,248.5,-0.08949011446409989,0.04357212953876349,100.0
2011-07-07,0.0,0.0,0.0,0.0,0.0,0,0.0,0,0.0,0.0,0.0,251.25,-0.08949011446409989,0.04357212953876349,100.0
2011-07-08,0.0,0.0,0.0,0.0,0.0,0,0.0,0,0.0,0.0,0.0,241.5,-0.08949011446409989,0.04357212953876349,100.0
2011-07-11,0.0,0.0,0.0,0.0,0.0,0,0.0,0,0.0,0.0,0.0,238.25,-0.08949011446409989,0.04357212953876349,100.0
2011-07-12,0.0,0.0,0.0,0.0,0.0,0,0.0,0,0.0,0.0,0.0,246.75,-0.08949011446409989,0.04357212953876349,100.0
2011-07-13,0.0,0.0,0.0,0.0,0.0,0,0.0,0,0.0,0.0,0.0,248.0,-0.08949011446409989,0.04357212953876349,100.0
2011-07-14,0.0,0.0,0.0,0.0,0.0,0,0.0,0,0.0,0.0,0.0,245.0,-0.08949011446409989,0.04357212953876349,100.0
2011-07-15,0.0,0.0,0.0,0.0,0.0,0,0.0,0,0.0,0.0,0.0,239.75,-0.08949011446409989,0.04357212953876349,100.0
2011-07-18,0.0,0.0,0.0,0.0,0.0,0,0.0,0,0.0,0.0,0.0,235.25,-0.08949011446409989,0.04357212953876349,100.0
2011-07-19,0.0,0.0,0.0,0.0,0.0,0,0.0,0,0.0,0.0,0.0,233.0,-0.08949011446409989,0.04357212953876349,100.0
2011-07-20,0.0,0.0,0.0,0.0,0.0,0,0.0,0,0.0,0.0,0.0,233.25,-0.08949011446409989,0.04357212953876349,100.0
2011-07-21,0.0,0.0,0.0,0.0,0.0,0,0.0,0,0.0,0.0,0.0,237.0,-0.08949011446409989,0.04357212953876349,100.0
2011-07-22,0.0,0.0,0.0,0.0,0.0,0,0.0,0,0.0,0.0,0.0,235.75,-0.08949011446409989,0.04357212953876349,100.0
2011-07-25,0.0,0.0,0.0,0.0,0.0,0,0.0,0,0.0,0.0,0.0,235.75,-0.08949011446409989,0.04357212953876349,100.0
2011-07-26,0.0,0.0,0.0,0.0,0.0,0,0.0,0,0.0,0.0,0.0,240.5,-0.08949011446409989,0.04357212953876349,100.0
2011-07-27,0.0,0.0,0.0,0.0,0.0,0,0.0,0,0.0,0.0,0.0,240.25,-0.08949011446409989,0.04357212953876349,100.0
2011-07-28,0.0,0.0,0.0,0.0,0.0,0,0.0,0,0.0,0.0,0.0,243.5,-0.08949011446409989,0.04357212953876349,100.0
2011-07-29,0.0,0.0,0.0,0.0,0.0,0,0.0,0,0.0,0.0,0.0,248.5,-0.08949011446409989,0.04357212953876349,100.0
2011-08-01,0.0,0.0,0.0,0.0,0.0,0,0.0,0,0.0,0.0,0.0,245.5,-0.08949011446409989,0.04357212953876349,100.0
2011-08-02,0.0,0.0,0.0,0.0,0.0,0,0.0,0,0.0,0.0,0.0,257.0,-0.08949011446409989,0.04357212953876349,100.0
2011-08-03,0.0,0.0,0.0,0.0,0.0,0,0.0,0,0.0,0.0,0.0,257.75,-0.08949011446409989,0.04357212953876349,100.0
2011-08-04,0.0,0.0,0.0,0.0,0.0,0,0.0,0,0.0,0.0,0.0,274.0,-0.08949011446409989,0.04357212953876349,100.0
2011-08-05,0.0,0.0,0.0,0.0,0.0,0,0.0,0,0.0,0.0,0.0,257.75,-0.08949011446409989,0.04357212953876349,100.0
2011-08-08,0.0,0.0,0.0,0.0,0.0,0,0.0,0,0.0,0.0,0.0,289.75,-0.08949011446409989,0.04357212953876349,100.0
2011-08-09,0.0,0.0,0.0,0.0,0.0,0,0.0,0,0.0,0.0,0.0,237.0,-0.08949011446409989,0.04357212953876349,100.0
2011-08-10,0.0,0.0,0.0,0.0,0.0,0,0.0,0,0.0,0.0,0.0,264.25,-0.08949011446409989,0.04357212953876349,100.0
2011-08-11,0.0,0.0,0.0,0.0,0.0,0,0.0,0,0.0,0.0,0.0,278.0,-0.08949011446409989,0.04357212953876349,100.0
2011-08-12,0.0,0.0,0.0,0.0,0.0,0,0.0,0,0.0,0.0,0.0,281.0,-0.08949011446409989,0.04357212953876349,100.0
2011-08-15,0.0,0.0,0.0,0.0,0.0,0,0.0,0,0.0,0.0,0.0,270.5,-0.08949011446409989,0.04357212953876349,100.0
2011-08-16,0.0,0.0,0.0,0.0,0.0,0,0.0,0,0.0,0.0,0.0,279.0,-0.08949011446409989,0.04357212953876349,100.0
2011-08-17,0.0,0.0,0.0,0.0,0.0,0,0.0,0,0.0,0.0,0.0,275.75,-0.08949011446409989,0.04357212953876349,100.0
2011-08-18,0.0,0.0,0.0,0.0,0.0,0,0.0,0,0.0,0.0,0.0,268.75,-0.08949011446409989,0.04357212953876349,100.0
2011-08-19,0.0,0.0,0.0,0.0,0.0,0,0.0,0,0.0,0.0,0.0,280.0,-0.08949011446409989,0.04357212953876349,100.0
2011-08-22,0.0,0.0,0.0,0.0,0.0,0,0.0,0,0.0,0.0,0.0,288.5,-0.08949011446409989,0.04357212953876349,100.0
2011-08-23,0.0,0.0,0.0,0.0,0.0,0,0.0,0,0.0,0.0,0.0,277.25,-0.08949011446409989,0.04357212953876349,100.0
2011-08-24,0.0,0.0,0.0,0.0,0.0,0,0.0,0,0.0,0.0,0.0,274.25,-0.08949011446409989,0.04357212953876349,100.0
2011-08-25,0.0,0.0,0.0,0.0,0.0,0,0.0,0,0.0,0.0,0.0,277.5,-0.08949011446409989,0.04357212953876349,100.0
2011-08-26,0.0,0.0,0.0,0.0,0.0,0,0.0,0,0.0,0.0,0.0,268.25,-0.08949011446409989,0.04357212953876349,100.0
2011-08-29,0.0,0.0,0.0,0.0,0.0,0,0.0,0,0.0,0.0,0.0,266.25,-0.08949011446409989,0.04357212953876349,100.0
2011-08-30,0.0,0.0,0.0,0.0,0.0,0,0.0,0,0.0,0.0,0.0,274.25,-0.08949011446409989,0.04357212953876349,100.0
2011-08-31,0.0,0.0,0.0,0.0,0.0,0,0.0,0,0.0,0.0,0.0,266.0,-0.08949011446409989,0.04357212953876349,100.0
2011-09-01,0.0,0.0,0.0,0.0,0.0,0,0.0,0,0.0,0.0,0.0,270.75,-0.08949011446409989,0.04357212953876349,100.0
2011-09-02,0.0,0.0,0.0,0.0,0.0,0,0.0,0,0.0,0.0,0.0,265.75,-0.08949011446409989,0.04357212953876349,100.0
2011-09-05,0.0,0.0,0.0,0.0,0.0,0,0.0,0,0.0,0.0,0.0,265.75,-0.08949011446409989,0.04357212953876349,100.0
2011-09-06,0.0,0.0,0.0,0.0,0.0,0,0.0,0,0.0,0.0,0.0,243.25,-0.08949011446409989,0.04357212953876349,100.0
2011-09-07,0.0,0.0,0.0,0.0,0.0,0,0.0,0,0.0,0.0,0.0,241.0,-0.08949011446409989,0.04357212953876349,100.0
2011-09-08,0.0,0.0,0.0,0.0,0.0,0,0.0,0,0.0,0.0,0.0,246.25,-0.08949011446409989,0.04357212953876349,100.0
2011-09-09,0.0,0.0,0.0,0.0,0.0,0,0.0,0,0.0,0.0,0.0,235.25,-0.08949011446409989,0.04357212953876349,100.0
2011-09-12,0.0,0.0,0.0,0.0,0.0,0,0.0,0,0.0,0.0,0.0,206.5,-0.08949011446409989,0.04357212953876349,100.0
2011-09-13,0.0,0.0,0.0,0.0,0.0,0,0.0,0,0.0,0.0,0.0,202.5,-0.08949011446409989,0.04357212953876349,100.0
2011-09-14,0.0,0.0,0.0,0.0,0.0,0,0.0,0,0.0,0.0,0.0,226.5,-0.08949011446409989,0.04357212953876349,100.0
2011-09-15,0.0,0.0,0.0,0.0,0.0,0,0.0,0,0.0,0.0,0.0,222.25,-0.08949011446409989,0.04357212953876349,100.0
2011-09-16,0.0,0.0,0.0,0.0,0.0,0,0.0,0,0.0,0.0,0.0,214.75,-0.08949011446409989,0.04357212953876349,100.0
2011-09-19,0.0,0.0,0.0,0.0,0.0,0,0.0,0,0.0,0.0,0.0,222.25,-0.08949011446409989,0.04357212953876349,100.0
2011-09-20,0.0,0.0,0.0,0.0,0.0,0,0.0,0,0.0,0.0,0.0,218.75,-0.08949011446409989,0.04357212953876349,100.0
2011-09-21,0.0,0.0,0.0,0.0,0.0,0,0.0,0,0.0,0.0,0.0,256.75,-0.08949011446409989,0.04357212953876349,100.0
2011-09-22,0.0,0.0,0.0,0.0,0.0,0,0.0,0,0.0,0.0,0.0,235.5,-0.08949011446409989,0.04357212953876349,100.0
2011-09-23,0.0,0.0,0.0,0.0,0.0,0,0.0,0,0.0,0.0,0.0,239.0,-0.08949011446409989,0.04357212953876349,100.0
2011-09-26,0.0,0.0,0.0,0.0,0.0,0,0.0,0,0.0,0.0,0.0,225.0,-0.08949011446409989,0.04357212953876349,100.0
2011-09-27,0.0,0.0,0.0,0.0,0.0,0,0.0,0,0.0,0.0,0.0,228.0,-0.08949011446409989,0.04357212953876349,100.0
2011-09-28,0.0,0.0,0.0,0.0,0.0,0,0.0,0,0.0,0.0,0.0,247.25,-0.08949011446409989,0.04357212953876349,100.0
2011-09-29,0.0,0.0,0.0,0.0,0.0,0,0.0,0,0.0,0.0,0.0,225.0,-0.08949011446409989,0.04357212953876349,100.0
2011-09-30,0.0,0.0,0.0,0.0,0.0,0,0.0,0,0.0,0.0,0.0,236.75,-0.08949011446409989,0.04357212953876349,100.0
2011-10-03,0.0,0.0,0.0,0.0,0.0,0,0.0,0,0.0,0.0,0.0,243.5,-0.08949011446409989,0.04357212953876349,100.0
2011-10-04,0.0,0.0,0.0,0.0,0.0,0,0.0,0,0.0,0.0,0.0,190.5,-0.08949011446409989,0.04357212953876349,100.0
2011-10-05,0.0,0.0,0.0,0.0,0.0,0,0.0,0,0.0,0.0,0.0,181.5,-0.08949011446409989,0.04357212953876349,100.0
2011-10-06,0.0,0.0,0.0,0.0,0.0,0,0.0,0,0.0,0.0,0.0,162.75,-0.08949011446409989,0.04357212953876349,100.0
2011-10-07,0.0,0.0,0.0,0.0,0.0,0,0.0,0,0.0,0.0,0.0,184.5,-0.08949011446409989,0.04357212953876349,100.0
2011-10-10,0.0,0.0,0.0,0.0,0.0,0,0.0,0,0.0,0.0,0.0,159.0,-0.08949011446409989,0.04357212953876349,100.0
2011-10-11,0.0,0.0,0.0,0.0,0.0,0,0.0,0,0.0,0.0,0.0,153.0,-0.08949011446409989,0.04357212953876349,100.0
2011-10-12,0.0,0.0,0.0,0.0,0.0,0,0.0,0,0.0,0.0,0.0,163.75,-0.08949011446409989,0.04357212953876349,100.0
2011-10-13,0.0,0.0,0.0,0.0,0.0,0,0.0,0,0.0,0.0,0.0,156.5,-0.08949011446409989,0.04357212953876349,100.0
2011-10-14,0.0,0.0,0.0,0.0,0.0,0,0.0,0,0.0,0.0,0.0,150.25,-0.08949011446409989,0.04357212953876349,100.0
2011-10-17,0.0,0.0,0.0,0.0,0.0,0,0.0,0,0.0,0.0,0.0,152.0,-0.08949011446409989,0.04357212953876349,100.0
2011-10-18,0.0,0.0,0.0,0.0,0.0,0,0.0,0,0.0,0.0,0.0,154.5,-0.08949011446409989,0.04357212953876349,100.0
2011-10-19,0.0,0.0,0.0,0.0,0.0,0,0.0,0,0.0,0.0,0.0,151.25,-0.08949011446409989,0.04357212953876349,100.0
2011-10-20,0.0,0.0,0.0,0.0,0.0,0,0.0,0,0.0,0.0,0.0,149.25,-0.08949011446409989,0.04357212953876349,100.0
2011-10-21,0.0,0.0,0.0,0.0,0.0,0,0.0,0,0.0,0.0,0.0,143.0,-0.08949011446409989,0.04357212953876349,100.0
2011-10-24,0.0,0.0,0.0,0.0,0.0,0,0.0,0,0.0,0.0,0.0,138.5,-0.08949011446409989,0.04357212953876349,100.0
2011-10-25,0.0,0.0,0.0,0.0,0.0,0,0.0,0,0.0,0.0,0.0,143.5,-0.08949011446409989,0.04357212953876349,100.0
2011-10-26,0.0,0.0,0.0,0.0,0.0,0,0.0,0,0.0,0.0,0.0,146.0,-0.08949011446409989,0.04357212953876349,100.0
2011-10-27,0.0,0.0,0.0,0.0,0.0,0,0.0,0,0.0,0.0,0.0,155.75,-0.08949011446409989,0.04357212953876349,100.0
2011-10-28,0.0,0.0,0.0,0.0,0.0,0,0.0,0,0.0,0.0,0.0,150.75,-0.08949011446409989,0.04357212953876349,100.0
2011-10-31,0.0,0.0,0.0,0.0,0.0,0,0.0,0,0.0,0.0,0.0,153.25,-0.08949011446409989,0.04357212953876349,100.0
2011-11-01,0.0,0.0,0.0,0.0,0.0,0,0.0,0,0.0,0.0,0.0,160.0,-0.08949011446409989,0.04357212953876349,100.0
2011-11-02,0.0,0.0,0.0,0.0,0.0,0,0.0,0,0.0,0.0,0.0,160.5,-0.08949011446409989,0.04357212953876349,100.0
2011-11-03,0.0,0.0,0.0,0.0,0.0,0,0.0,0,0.0,0.0,0.0,159.75,-0.08949011446409989,0.04357212953876349,100.0
2011-11-04,0.0,0.0,0.0,0.0,0.0,0,0.0,0,0.0,0.0,0.0,158.0,-0.08949011446409989,0.04357212953876349,100.0
2011-11-07,0.0,0.0,0.0,0.0,0.0,0,0.0,0,0.0,0.0,0.0,148.5,-0.08949011446409989,0.04357212953876349,100.0
2011-11-08,0.0,0.0,0.0,0.0,0.0,0,0.0,0,0.0,0.0,0.0,149.0,-0.08949011446409989,0.04357212953876349,100.0
2011-11-09,0.0,0.0,0.0,0.0,0.0,0,0.0,0,0.0,0.0,0.0,152.25,-0.08949011446409989,0.04357212953876349,100.0
2011-11-10,0.0,0.0,0.0,0.0,0.0,0,0.0,0,0.0,0.0,0.0,154.0,-0.08949011446409989,0.04357212953876349,100.0
2011-11-11,0.0,0.0,0.0,0.0,0.0,0,0.0,0,0.0,0.0,0.0,154.75,-0.08949011446409989,0.04357212953876349,100.0
2011-11-14,0.0,0.0,0.0,0.0,0.0,0,0.0,0,0.0,0.0,0.0,152.5,-0.08949011446409989,0.04357212953876349,100.0
2011-11-15,0.0,0.0,0.0,0.0,0.0,0,0.0,0,0.0,0.0,0.0,161.75,-0.08949011446409989,0.04357212953876349,100.0
2011-11-16,0.0,0.0,0.0,0.0,0.0,0,0.0,0,0.0,0.0,0.0,175.5,-0.08949011446409989,0.04357212953876349,100.0
2011-11-17,0.0,0.0,0.0,0.0,0.0,0,0.0,0,0.0,0.0,0.0,170.5,-0.08949011446409989,0.04357212953876349,100.0
2011-11-18,0.0,0.0,0.0,0.0,0.0,0,0.0,0,0.0,0.0,0.0,174.5,-0.08949011446409989,0.04357212953876349,100.0
2011-11-21,0.0,0.0,0.0,0.0,0.0,0,0.0,0,0.0,0.0,0.0,184.5,-0.08949011446409989,0.04357212953876349,100.0
2011-11-22,0.0,0.0,0.0,0.0,0.0,0,0.0,0,0.0,0.0,0.0,184.5,-0.08949011446409989,0.04357212953876349,100.0
2011-11-23,0.0,0.0,0.0,0.0,0.0,0,0.0,0,0.0,0.0,0.0,193.75,-0.08949011446409989,0.04357212953876349,100.0
2011-11-24,0.0,0.0,0.0,0.0,0.0,0,0.0,0,0.0,0.0,0.0,193.75,-0.08949011446409989,0.04357212953876349,100.0
2011-11-25,0.0,0.0,0.0,0.0,0.0,0,0.0,0,0.0,0.0,0.0,193.75,-0.08949011446409989,0.04357212953876349,100.0
2011-11-28,0.0,0.0,0.0,0.0,0.0,0,0.0,0,0.0,0.0,0.0,180.25,-0.08949011446409989,0.04357212953876349,100.0
2011-11-29,0.0,0.0,0.0,0.0,0.0,0,0.0,0,0.0,0.0,0.0,188.75,-0.08949011446409989,0.04357212953876349,100.0
2011-11-30,0.0,0.0,0.0,0.0,0.0,0,0.0,0,0.0,0.0,0.0,176.25,-0.08949011446409989,0.04357212953876349,100.0
2011-12-01,0.0,0.0,0.0,0.0,0.0,0,0.0,0,0.0,0.0,0.0,182.0,-0.08949011446409989,0.04357212953876349,100.0
2011-12-02,0.0,0.0,0.0,0.0,0.0,0,0.0,0,0.0,0.0,0.0,187.5,-0.08949011446409989,0.04357212953876349,100.0
2011-12-05,0.0,0.0,0.0,0.0,0.0,0,0.0,0,0.0,0.0,0.0,176.5,-0.08949011446409989,0.04357212953876349,100.0
2011-12-06,0.0,0.0,0.0,0.0,0.0,0,0.0,0,0.0,0.0,0.0,180.75,-0.08949011446409989,0.04357212953876349,100.0
2011-12-07,0.0,0.0,0.0,0.0,0.0,0,0.0,0,0.0,0.0,0.0,176.5,-0.08949011446409989,0.04357212953876349,100.0
2011-12-08,0.0,0.0,0.0,0.0,0.0,0,0.0,0,0.0,0.0,0.0,193.25,-0.08949011446409989,0.04357212953876349,100.0
2011-12-09,0.0,0.0,0.0,0.0,0.0,0,0.0,0,0.0,0.0,0.0,197.75,-0.08949011446409989,0.04357212953876349,100.0
2011-12-12,0.0,0.0,0.0,0.0,0.0,0,0.0,0,0.0,0.0,0.0,190.75,-0.08949011446409989,0.04357212953876349,100.0
2011-12-13,0.0,0.0,0.0,0.0,0.0,0,0.0,0,0.0,0.0,0.0,190.0,-0.08949011446409989,0.04357212953876349,100.0
2011-12-14,0.0,0.0,0.0,0.0,0.0,0,0.0,0,0.0,0.0,0.0,191.0,-0.08949011446409989,0.04357212953876349,100.0
2011-12-15,0.0,0.0,0.0,0.0,0.0,0,0.0,0,0.0,0.0,0.0,197.25,-0.08949011446409989,0.04357212953876349,100.0
2011-12-16,0.0,0.0,0.0,0.0,0.0,0,0.0,0,0.0,0.0,0.0,196.0,-0.08949011446409989,0.04357212953876349,100.0
2011-12-19,0.0,0.0,0.0,0.0,0.0,0,0.0,0,0.0,0.0,0.0,191.25,-0.08949011446409989,0.04357212953876349,100.0
2011-12-20,0.0,0.0,0.0,0.0,0.0,0,0.0,0,0.0,0.0,0.0,190.75,-0.08949011446409989,0.04357212953876349,100.0
2011-12-21,0.0,0.0,0.0,0.0,0.0,0,0.0,0,0.0,0.0,0.0,188.0,-0.08949011446409989,0.04357212953876349,100.0
2011-12-22,0.0,0.0,0.0,0.0,0.0,0,0.0,0,0.0,0.0,0.0,187.5,-0.08949011446409989,0.04357212953876349,100.0
2011-12-23,0.0,0.0,0.0,0.0,0.0,0,0.0,0,0.0,0.0,0.0,181.25,-0.08949011446409989,0.04357212953876349,100.0
2011-12-26,0.0,0.0,0.0,0.0,0.0,0,0.0,0,0.0,0.0,0.0,181.25,-0.08949011446409989,0.04357212953876349,100.0
2011-12-27,0.0,0.0,0.0,0.0,0.0,0,0.0,0,0.0,0.0,0.0,186.5,-0.08949011446409989,0.04357212953876349,100.0
2011-12-28,0.0,0.0,0.0,0.0,0.0,0,0.0,0,0.0,0.0,0.0,181.25,-0.08949011446409989,0.04357212953876349,100.0
2011-12-29,0.0,0.0,0.0,0.0,0.0,0,0.0,0,0.0,0.0,0.0,181.25,-0.08949011446409989,0.04357212953876349,100.0
2011-12-30,0.0,0.0,0.0,0.0,0.0,0,0.0,0,0.0,0.0,0.0,186.75,-0.08949011446409989,0.04357212953876349,100.0
2012-01-02,0.0,0.0,0.0,0.0,0.0,0,0.0,0,0.0,0.0,0.0,186.75,-0.08949011446409989,0.04357212953876349,100.0
2012-01-03,0.0,0.0,0.0,0.0,0.0,0,0.0,0,0.0,0.0,0.0,190.0,-0.08949011446409989,0.04357212953876349,100.0
2012-01-04,0.0,0.0,0.0,0.0,0.0,0,0.0,0,0.0,0.0,0.0,189.25,-0.08949011446409989,0.04357212953876349,100.0
2012-01-05,0.0,0.0,0.0,0.0,0.0,0,0.0,0,0.0,0.0,0.0,185.5,-0.08949011446409989,0.04357212953876349,100.0
2012-01-06,0.0,0.0,0.0,0.0,0.0,0,0.0,0,0.0,0.0,0.0,185.5,-0.08949011446409989,0.04357212953876349,100.0
2012-01-09,0.0,0.0,0.0,0.0,0.0,0,0.0,0,0.0,0.0,0.0,189.75,-0.08949011446409989,0.04357212953876349,100.0
2012-01-10,0.0,0.0,0.0,0.0,0.0,0,0.0,0,0.0,0.0,0.0,191.75,-0.08949011446409989,0.04357212953876349,100.0
2012-01-11,0.0,0.0,0.0,0.0,0.0,0,0.0,0,0.0,0.0,0.0,197.0,-0.08949011446409989,0.04357212953876349,100.0
2012-01-12,0.0,0.0,0.0,0.0,0.0,0,0.0,0,0.0,0.0,0.0,197.0,-0.08949011446409989,0.04357212953876349,100.0
2012-01-13,0.0,0.0,0.0,0.0,0.0,0,0.0,0,0.0,0.0,0.0,195.75,-0.08949011446409989,0.04357212953876349,100.0
2012-01-16,0.0,0.0,0.0,0.0,0.0,0,0.0,0,0.0,0.0,0.0,195.75,-0.08949011446409989,0.04357212953876349,100.0
2012-01-17,0.0,0.0,0.0,0.0,0.0,0,0.0,0,0.0,0.0,0.0,191.75,-0.08949011446409989,0.04357212953876349,100.0
2012-01-18,0.0,0.0,0.0,0.0,0.0,0,0.0,0,0.0,0.0,0.0,190.25,-0.08949011446409989,0.04357212953876349,100.0
2012-01-19,0.0,0.0,0.0,0.0,0.0,0,0.0,0,0.0,0.0,0.0,190.5,-0.08949011446409989,0.04357212953876349,100.0
2012-01-20,0.0,0.0,0.0,0.0,0.0,0,0.0,0,0.0,0.0,0.0,183.5,-0.08949011446409989,0.04357212953876349,100.0
2012-01-23,0.0,0.0,0.0,0.0,0.0,0,0.0,0,0.0,0.0,0.0,182.5,-0.08949011446409989,0.04357212953876349,100.0
2012-01-24,0.0,0.0,0.0,0.0,0.0,0,0.0,0,0.0,0.0,0.0,183.75,-0.08949011446409989,0.04357212953876349,100.0
2012-01-25,0.0,0.0,0.0,0.0,0.0,0,0.0,0,0.0,0.0,0.0,183.5,-0.08949011446409989,0.04357212953876349,100.0
2012-01-26,0.0,0.0,0.0,0.0,0.0,0,0.0,0,0.0,0.0,0.0,172.75,-0.08949011446409989,0.04357212953876349,100.0
2012-01-27,0.0,0.0,0.0,0.0,0.0,0,0.0,0,0.0,0.0,0.0,173.75,-0.08949011446409989,0.04357212953876349,100.0
2012-01-30,0.0,0.0,0.0,0.0,0.0,0,0.0,0,0.0,0.0,0.0,174.5,-0.08949011446409989,0.04357212953876349,100.0
2012-01-31,0.0,0.0,0.0,0.0,0.0,0,0.0,0,0.0,0.0,0.0,176.75,-0.08949011446409989,0.04357212953876349,100.0
2012-02-01,0.0,0.0,0.0,0.0,0.0,0,0.0,0,0.0,0.0,0.0,178.5,-0.08949011446409989,0.04357212953876349,100.0
2012-02-02,0.0,0.0,0.0,0.0,0.0,0,0.0,0,0.0,0.0,0.0,177.75,-0.08949011446409989,0.04357212953876349,100.0
2012-02-03,0.0,0.0,0.0,0.0,0.0,0,0.0,0,0.0,0.0,0.0,176.5,-0.08949011446409989,0.04357212953876349,100.0
2012-02-06,0.0,0.0,0.0,0.0,0.0,0,0.0,0,0.0,0.0,0.0,173.5,-0.08949011446409989,0.04357212953876349,100.0
2012-02-07,0.0,0.0,0.0,0.0,0.0,0,0.0,0,0.0,0.0,0.0,175.75,-0.08949011446409989,0.04357212953876349,100.0
2012-02-08,0.0,0.0,0.0,0.0,0.0,0,0.0,0,0.0,0.0,0.0,174.25,-0.08949011446409989,0.04357212953876349,100.0
2012-02-09,0.0,0.0,0.0,0.0,0.0,0,0.0,0,0.0,0.0,0.0,175.5,-0.08949011446409989,0.04357212953876349,100.0
2012-02-10,0.0,0.0,0.0,0.0,0.0,0,0.0,0,0.0,0.0,0.0,171.25,-0.08949011446409989,0.04357212953876349,100.0
2012-02-13,0.0,0.0,0.0,0.0,0.0,0,0.0,0,0.0,0.0,0.0,171.0,-0.08949011446409989,0.04357212953876349,100.0
2012-02-14,0.0,0.0,0.0,0.0,0.0,0,0.0,0,0.0,0.0,0.0,152.75,-0.08949011446409989,0.04357212953876349,100.0
2012-02-15,0.0,0.0,0.0,0.0,0.0,0,0.0,0,0.0,0.0,0.0,152.25,-0.08949011446409989,0.04357212953876349,100.0
2012-02-16,0.0,0.0,0.0,0.0,0.0,0,0.0,0,0.0,0.0,0.0,154.25,-0.08949011446409989,0.04357212953876349,100.0
2012-02-17,0.0,0.0,0.0,0.0,0.0,0,0.0,0,0.0,0.0,0.0,157.75,-0.08949011446409989,0.04357212953876349,100.0
2012-02-20,0.0,0.0,0.0,0.0,0.0,0,0.0,0,0.0,0.0,0.0,157.75,-0.08949011446409989,0.04357212953876349,100.0
2012-02-21,0.0,0.0,0.0,0.0,0.0,0,0.0,0,0.0,0.0,0.0,146.0,-0.08949011446409989,0.04357212953876349,100.0
2012-02-22,0.0,0.0,0.0,0.0,0.0,0,0.0,0,0.0,0.0,0.0,147.25,-0.08949011446409989,0.04357212953876349,100.0
2012-02-23,0.0,0.0,0.0,0.0,0.0,0,0.0,0,0.0,0.0,0.0,148.25,-0.08949011446409989,0.04357212953876349,100.0
2012-02-24,0.0,0.0,0.0,0.0,0.0,0,0.0,0,0.0,0.0,0.0,147.0,-0.08949011446409989,0.04357212953876349,100.0
2012-02-27,0.0,0.0,0.0,0.0,0.0,0,0.0,0,0.0,0.0,0.0,148.25,-0.08949011446409989,0.04357212953876349,100.0
2012-02-28,0.0,0.0,0.0,0.0,0.0,0,0.0,0,0.0,0.0,0.0,145.5,-0.08949011446409989,0.04357212953876349,100.0
2012-02-29,0.0,0.0,0.0,0.0,0.0,0,0.0,0,0.0,0.0,0.0,148.25,-0.08949011446409989,0.04357212953876349,100.0
2012-03-01,0.0,0.0,0.0,0.0,0.0,0,0.0,0,0.0,0.0,0.0,145.75,-0.08949011446409989,0.04357212953876349,100.0
2012-03-02,0.0,0.0,0.0,0.0,0.0,0,0.0,0,0.0,0.0,0.0,147.5,-0.08949011446409989,0.04357212953876349,100.0
2012-03-05,0.0,0.0,0.0,0.0,0.0,0,0.0,0,0.0,0.0,0.0,152.0,-0.08949011446409989,0.04357212953876349,100.0
2012-03-06,0.0,0.0,0.0,0.0,0.0,0,0.0,0,0.0,0.0,0.0,148.5,-0.08949011446409989,0.04357212953876349,100.0
2012-03-07,0.0,0.0,0.0,0.0,0.0,0,0.0,0,0.0,0.0,0.0,147.0,-0.08949011446409989,0.04357212953876349,100.0
2012-03-08,0.0,0.0,0.0,0.0,0.0,0,0.0,0,0.0,0.0,0.0,152.75,-0.08949011446409989,0.04357212953876349,100.0
2012-03-09,0.0,0.0,0.0,0.0,0.0,0,0.0,0,0.0,0.0,0.0,150.75,-0.08949011446409989,0.04357212953876349,100.0
2012-03-12,0.0,0.0,0.0,0.0,0.0,0,0.0,0,0.0,0.0,0.0,148.75,-0.08949011446409989,0.04357212953876349,100.0
2012-03-13,0.0,0.0,0.0,0.0,0.0,0,0.0,0,0.0,0.0,0.0,139.5,-0.08949011446409989,0.04357212953876349,100.0
2012-03-14,0.0,0.0,0.0,0.0,0.0,0,0.0,0,0.0,0.0,0.0,138.0,-0.08949011446409989,0.04357212953876349,100.0
2012-03-15,0.0,0.0,0.0,0.0,0.0,0,0.0,0,0.0,0.0,0.0,138.75,-0.08949011446409989,0.04357212953876349,100.0
2012-03-16,0.0,0.0,0.0,0.0,0.0,0,0.0,0,0.0,0.0,0.0,136.75,-0.08949011446409989,0.04357212953876349,100.0
2012-03-19,0.0,0.0,0.0,0.0,0.0,0,0.0,0,0.0,0.0,0.0,140.25,-0.08949011446409989,0.04357212953876349,100.0
2012-03-20,0.0,0.0,0.0,0.0,0.0,0,0.0,0,0.0,0.0,0.0,140.25,-0.08949011446409989,0.04357212953876349,100.0
2012-03-21,0.0,0.0,0.0,0.0,0.0,0,0.0,0,0.0,0.0,0.0,153.5,-0.08949011446409989,0.04357212953876349,100.0
2012-03-22,0.0,0.0,0.0,0.0,0.0,0,0.0,0,0.0,0.0,0.0,148.75,-0.08949011446409989,0.04357212953876349,100.0
2012-03-23,0.0,0.0,0.0,0.0,0.0,0,0.0,0,0.0,0.0,0.0,147.75,-0.08949011446409989,0.04357212953876349,100.0
2012-03-26,0.0,0.0,0.0,0.0,0.0,0,0.0,0,0.0,0.0,0.0,144.25,-0.08949011446409989,0.04357212953876349,100.0
2012-03-27,0.0,0.0,0.0,0.0,0.0,0,0.0,0,0.0,0.0,0.0,146.5,-0.08949011446409989,0.04357212953876349,100.0
2012-03-28,0.0,0.0,0.0,0.0,0.0,0,0.0,0,0.0,0.0,0.0,144.25,-0.08949011446409989,0.04357212953876349,100.0
2012-03-29,0.0,0.0,0.0,0.0,0.0,0,0.0,0,0.0,0.0,0.0,144.0,-0.08949011446409989,0.04357212953876349,100.0
2012-03-30,0.0,0.0,0.0,0.0,0.0,0,0.0,0,0.0,0.0,0.0,147.5,-0.08949011446409989,0.04357212953876349,100.0
2012-04-02,0.0,0.0,0.0,0.0,0.0,0,0.0,0,0.0,0.0,0.0,150.5,-0.08949011446409989,0.04357212953876349,100.0
2012-04-03,0.0,0.0,0.0,0.0,0.0,0,0.0,0,0.0,0.0,0.0,138.25,-0.08949011446409989,0.04357212953876349,100.0
2012-04-04,0.0,0.0,0.0,0.0,0.0,0,0.0,0,0.0,0.0,0.0,138.25,-0.08949011446409989,0.04357212953876349,100.0
2012-04-05,0.0,0.0,0.0,0.0,0.0,0,0.0,0,0.0,0.0,0.0,138.0,-0.08949011446409989,0.04357212953876349,100.0
2012-04-06,0.0,0.0,0.0,0.0,0.0,0,0.0,0,0.0,0.0,0.0,138.0,-0.08949011446409989,0.04357212953876349,100.0
2012-04-09,0.0,0.0,0.0,0.0,0.0,0,0.0,0,0.0,0.0,0.0,141.5,-0.08949011446409989,0.04357212953876349,100.0
2012-04-10,0.0,0.0,0.0,0.0,0.0,0,0.0,0,0.0,0.0,0.0,139.0,-0.08949011446409989,0.04357212953876349,100.0
2012-04-11,0.0,0.0,0.0,0.0,0.0,0,0.0,0,0.0,0.0,0.0,135.0,-0.08949011446409989,0.04357212953876349,100.0
2012-04-12,0.0,0.0,0.0,0.0,0.0,0,0.0,0,0.0,0.0,0.0,134.75,-0.08949011446409989,0.04357212953876349,100.0
2012-04-13,0.0,0.0,0.0,0.0,0.0,0,0.0,0,0.0,0.0,0.0,146.0,-0.08949011446409989,0.04357212953876349,100.0
2012-04-16,0.0,0.0,0.0,0.0,0.0,0,0.0,0,0.0,0.0,0.0,148.0,-0.08949011446409989,0.04357212953876349,100.0
2012-04-17,0.0,0.0,0.0,0.0,0.0,0,0.0,0,0.0,0.0,0.0,156.75,-0.08949011446409989,0.04357212953876349,100.0
2012-04-18,0.0,0.0,0.0,0.0,0.0,0,0.0,0,0.0,0.0,0.0,162.25,-0.08949011446409989,0.04357212953876349,100.0
2012-04-19,0.0,0.0,0.0,0.0,0.0,0,0.0,0,0.0,0.0,0.0,161.75,-0.08949011446409989,0.04357212953876349,100.0
2012-04-20,0.0,0.0,0.0,0.0,0.0,0,0.0,0,0.0,0.0,0.0,163.0,-0.08949011446409989,0.04357212953876349,100.0
2012-04-23,0.0,0.0,0.0,0.0,0.0,0,0.0,0,0.0,0.0,0.0,164.0,-0.08949011446409989,0.04357212953876349,100.0
2012-04-24,0.0,0.0,0.0,0.0,0.0,0,0.0,0,0.0,0.0,0.0,161.75,-0.08949011446409989,0.04357212953876349,100.0
2012-04-25,0.0,0.0,0.0,0.0,0.0,0,0.0,0,0.0,0.0,0.0,158.25,-0.08949011446409989,0.04357212953876349,100.0
2012-04-26,0.0,0.0,0.0,0.0,0.0,0,0.0,0,0.0,0.0,0.0,163.5,-0.08949011446409989,0.04357212953876349,100.0
2012-04-27,0.0,0.0,0.0,0.0,0.0,0,0.0,0,0.0,0.0,0.0,165.0,-0.08949011446409989,0.04357212953876349,100.0
2012-04-30,0.0,0.0,0.0,0.0,0.0,0,0.0,0,0.0,0.0,0.0,165.5,-0.08949011446409989,0.04357212953876349,100.0
2012-05-01,0.0,0.0,0.0,0.0,0.0,0,0.0,0,0.0,0.0,0.0,174.5,-0.08949011446409989,0.04357212953876349,100.0
2012-05-02,0.0,0.0,0.0,0.0,0.0,0,0.0,0,0.0,0.0,0.0,172.0,-0.08949011446409989,0.04357212953876349,100.0
2012-05-03,0.0,0.0,0.0,0.0,0.0,0,0.0,0,0.0,0.0,0.0,174.5,-0.08949011446409989,0.04357212953876349,100.0
2012-05-04,0.0,0.0,0.0,0.0,0.0,0,0.0,0,0.0,0.0,0.0,179.0,-0.08949011446409989,0.04357212953876349,100.0
2012-05-07,0.0,0.0,0.0,0.0,0.0,0,0.0,0,0.0,0.0,0.0,185.75,-0.08949011446409989,0.04357212953876349,100.0
2012-05-08,0.0,0.0,0.0,0.0,0.0,0,0.0,0,0.0,0.0,0.0,190.0,-0.08949011446409989,0.04357212953876349,100.0
2012-05-09,0.0,0.0,0.0,0.0,0.0,0,0.0,0,0.0,0.0,0.0,187.0,-0.08949011446409989,0.04357212953876349,100.0
2012-05-10,0.0,0.0,0.0,0.0,0.0,0,0.0,0,0.0,0.0,0.0,191.25,-0.08949011446409989,0.04357212953876349,100.0
2012-05-11,0.0,0.0,0.0,0.0,0.0,0,0.0,0,0.0,0.0,0.0,201.0,-0.08949011446409989,0.04357212953876349,100.0
2012-05-14,0.0,0.0,0.0,0.0,0.0,0,0.0,0,0.0,0.0,0.0,205.5,-0.08949011446409989,0.04357212953876349,100.0
2012-05-15,0.0,0.0,0.0,0.0,0.0,0,0.0,0,0.0,0.0,0.0,201.25,-0.08949011446409989,0.04357212953876349,100.0
2012-05-16,0.0,0.0,0.0,0.0,0.0,0,0.0,0,0.0,0.0,0.0,198.25,-0.08949011446409989,0.04357212953876349,100.0
2012-05-17,0.0,0.0,0.0,0.0,0.0,0,0.0,0,0.0,0.0,0.0,214.75,-0.08949011446409989,0.04357212953876349,100.0
2012-05-18,0.0,0.0,0.0,0.0,0.0,0,0.0,0,0.0,0.0,0.0,221.0,-0.08949011446409989,0.04357212953876349,100.0
2012-05-21,0.0,0.0,0.0,0.0,0.0,0,0.0,0,0.0,0.0,0.0,219.0,-0.08949011446409989,0.04357212953876349,100.0
2012-05-22,0.0,0.0,0.0,0.0,0.0,0,0.0,0,0.0,0.0,0.0,211.5,-0.08949011446409989,0.04357212953876349,100.0
2012-05-23,0.0,0.0,0.0,0.0,0.0,0,0.0,0,0.0,0.0,0.0,200.5,-0.08949011446409989,0.04357212953876349,100.0
2012-05-24,0.0,0.0,0.0,0.0,0.0,0,0.0,0,0.0,0.0,0.0,194.75,-0.08949011446409989,0.04357212953876349,100.0
2012-05-25,0.0,0.0,0.0,0.0,0.0,0,0.0,0,0.0,0.0,0.0,192.0,-0.08949011446409989,0.04357212953876349,100.0
2012-05-28,0.0,0.0,0.0,0.0,0.0,0,0.0,0,0.0,0.0,0.0,192.0,-0.08949011446409989,0.04357212953876349,100.0
2012-05-29,0.0,0.0,0.0,0.0,0.0,0,0.0,0,0.0,0.0,0.0,186.75,-0.08949011446409989,0.04357212953876349,100.0
2012-05-30,0.0,0.0,0.0,0.0,0.0,0,0.0,0,0.0,0.0,0.0,192.0,-0.08949011446409989,0.04357212953876349,100.0
2012-05-31,0.0,0.0,0.0,0.0,0.0,0,0.0,0,0.0,0.0,0.0,201.75,-0.08949011446409989,0.04357212953876349,100.0
2012-06-01,0.0,0.0,0.0,0.0,0.0,0,0.0,0,0.0,0.0,0.0,206.25,-0.08949011446409989,0.04357212953876349,100.0
2012-06-04,0.0,0.0,0.0,0.0,0.0,0,0.0,0,0.0,0.0,0.0,197.25,-0.08949011446409989,0.04357212953876349,100.0
2012-06-05,0.0,0.0,0.0,0.0,0.0,0,0.0,0,0.0,0.0,0.0,195.75,-0.08949011446409989,0.04357212953876349,100.0
2012-06-06,0.0,0.0,0.0,0.0,0.0,0,0.0,0,0.0,0.0,0.0,185.75,-0.08949011446409989,0.04357212953876349,100.0
2012-06-07,0.0,0.0,0.0,0.0,0.0,0,0.0,0,0.0,0.0,0.0,196.0,-0.08949011446409989,0.04357212953876349,100.0
2012-06-08,0.0,0.0,0.0,0.0,0.0,0,0.0,0,0.0,0.0,0.0,193.0,-0.08949011446409989,0.04357212953876349,100.0
2012-06-11,0.0,0.0,0.0,0.0,0.0,0,0.0,0,0.0,0.0,0.0,197.25,-0.08949011446409989,0.04357212953876349,100.0
2012-06-12,0.0,0.0,0.0,0.0,0.0,0,0.0,0,0.0,0.0,0.0,191.75,-0.08949011446409989,0.04357212953876349,100.0
2012-06-13,0.0,0.0,0.0,0.0,0.0,0,0.0,0,0.0,0.0,0.0,185.75,-0.08949011446409989,0.04357212953876349,100.0
2012-06-14,0.0,0.0,0.0,0.0,0.0,0,0.0,0,0.0,0.0,0.0,177.75,-0.08949011446409989,0.04357212953876349,100.0
2012-06-15,0.0,0.0,0.0,0.0,0.0,0,0.0,0,0.0,0.0,0.0,175.25,-0.08949011446409989,0.04357212953876349,100.0
2012-06-18,0.0,0.0,0.0,0.0,0.0,0,0.0,0,0.0,0.0,0.0,176.75,-0.08949011446409989,0.04357212953876349,100.0
2012-06-19,0.0,0.0,0.0,0.0,0.0,0,0.0,0,0.0,0.0,0.0,178.5,-0.08949011446409989,0.04357212953876349,100.0
2012-06-20,0.0,0.0,0.0,0.0,0.0,0,0.0,0,0.0,0.0,0.0,171.5,-0.08949011446409989,0.04357212953876349,100.0
2012-06-21,0.0,0.0,0.0,0.0,0.0,0,0.0,0,0.0,0.0,0.0,176.75,-0.08949011446409989,0.04357212953876349,100.0
2012-06-22,0.0,0.0,0.0,0.0,0.0,0,0.0,0,0.0,0.0,0.0,171.25,-0.08949011446409989,0.04357212953876349,100.0
2012-06-25,0.0,0.0,0.0,0.0,0.0,0,0.0,0,0.0,0.0,0.0,177.5,-0.08949011446409989,0.04357212953876349,100.0
2012-06-26,0.0,0.0,0.0,0.0,0.0,0,0.0,0,0.0,0.0,0.0,180.0,-0.08949011446409989,0.04357212953876349,100.0
2012-06-27,0.0,0.0,0.0,0.0,0.0,0,0.0,0,0.0,0.0,0.0,183.5,-0.08949011446409989,0.04357212953876349,100.0
2012-06-28,0.0,0.0,0.0,0.0,0.0,0,0.0,0,0.0,0.0,0.0,166.0,-0.08949011446409989,0.04357212953876349,100.0
2012-06-29,0.0,0.0,0.0,0.0,0.0,0,0.0,0,0.0,0.0,0.0,154.25,-0.08949011446409989,0.04357212953876349,100.0
2012-07-02,0.0,0.0,0.0,0.0,0.0,0,0.0,0,0.0,0.0,0.0,146.75,-0.08949011446409989,0.04357212953876349,100.0
2012-07-03,0.0,0.0,0.0,0.0,0.0,0,0.0,0,0.0,0.0,0.0,146.75,-0.08949011446409989,0.04357212953876349,100.0
2012-07-04,0.0,0.0,0.0,0.0,0.0,0,0.0,0,0.0,0.0,0.0,146.75,-0.08949011446409989,0.04357212953876349,100.0
2012-07-05,0.0,0.0,0.0,0.0,0.0,0,0.0,0,0.0,0.0,0.0,152.0,-0.08949011446409989,0.04357212953876349,100.0
2012-07-06,0.0,0.0,0.0,0.0,0.0,0,0.0,0,0.0,0.0,0.0,147.5,-0.08949011446409989,0.04357212953876349,100.0
2012-07-09,0.0,0.0,0.0,0.0,0.0,0,0.0,0,0.0,0.0,0.0,144.75,-0.08949011446409989,0.04357212953876349,100.0
2012-07-10,0.0,0.0,0.0,0.0,0.0,0,0.0,0,0.0,0.0,0.0,135.75,-0.08949011446409989,0.04357212953876349,100.0
2012-07-11,0.0,0.0,0.0,0.0,0.0,0,0.0,0,0.0,0.0,0.0,125.5,-0.08949011446409989,0.04357212953876349,100.0
2012-07-12,0.0,0.0,0.0,0.0,0.0,0,0.0,0,0.0,0.0,0.0,131.5,-0.08949011446409989,0.04357212953876349,100.0
2012-07-13,0.0,0.0,0.0,0.0,0.0,0,0.0,0,0.0,0.0,0.0,134.0,-0.08949011446409989,0.04357212953876349,100.0
2012-07-16,0.0,0.0,0.0,0.0,0.0,0,0.0,0,0.0,0.0,0.0,137.0,-0.08949011446409989,0.04357212953876349,100.0
2012-07-17,0.0,0.0,0.0,0.0,0.0,0,0.0,0,0.0,0.0,0.0,133.75,-0.08949011446409989,0.04357212953876349,100.0
2012-07-18,0.0,0.0,0.0,0.0,0.0,0,0.0,0,0.0,0.0,0.0,132.25,-0.08949011446409989,0.04357212953876349,100.0
2012-07-19,0.0,0.0,0.0,0.0,0.0,0,0.0,0,0.0,0.0,0.0,133.0,-0.08949011446409989,0.04357212953876349,100.0
2012-07-20,0.0,0.0,0.0,0.0,0.0,0,0.0,0,0.0,0.0,0.0,136.75,-0.08949011446409989,0.04357212953876349,100.0
2012-07-23,0.0,0.0,0.0,0.0,0.0,0,0.0,0,0.0,0.0,0.0,145.5,-0.08949011446409989,0.04357212953876349,100.0
2012-07-24,0.0,0.0,0.0,0.0,0.0,0,0.0,0,0.0,0.0,0.0,139.25,-0.08949011446409989,0.04357212953876349,100.0
2012-07-25,0.0,0.0,0.0,0.0,0.0,0,0.0,0,0.0,0.0,0.0,141.25,-0.08949011446409989,0.04357212953876349,100.0
2012-07-26,0.0,0.0,0.0,0.0,0.0,0,0.0,0,0.0,0.0,0.0,147.75,-0.08949011446409989,0.04357212953876349,100.0
2012-07-27,0.0,0.0,0.0,0.0,0.0,0,0.0,0,0.0,0.0,0.0,146.75,-0.08949011446409989,0.04357212953876349,100.0
2012-07-30,0.0,0.0,0.0,0.0,0.0,0,0.0,0,0.0,0.0,0.0,146.5,-0.08949011446409989,0.04357212953876349,100.0
2012-07-31,0.0,0.0,0.0,0.0,0.0,0,0.0,0,0.0,0.0,0.0,152.0,-0.08949011446409989,0.04357212953876349,100.0
2012-08-01,0.0,0.0,0.0,0.0,0.0,0,0.0,0,0.0,0.0,0.0,163.75,-0.08949011446409989,0.04357212953876349,100.0
2012-08-02,0.0,0.0,0.0,0.0,0.0,0,0.0,0,0.0,0.0,0.0,158.0,-0.08949011446409989,0.04357212953876349,100.0
2012-08-03,0.0,0.0,0.0,0.0,0.0,0,0.0,0,0.0,0.0,0.0,162.75,-0.08949011446409989,0.04357212953876349,100.0
2012-08-06,0.0,0.0,0.0,0.0,0.0,0,0.0,0,0.0,0.0,0.0,170.75,-0.08949011446409989,0.04357212953876349,100.0
2012-08-07,0.0,0.0,0.0,0.0,0.0,0,0.0,0,0.0,0.0,0.0,173.75,-0.08949011446409989,0.04357212953876349,100.0
2012-08-08,0.0,0.0,0.0,0.0,0.0,0,0.0,0,0.0,0.0,0.0,174.5,-0.08949011446409989,0.04357212953876349,100.0
2012-08-09,0.0,0.0,0.0,0.0,0.0,0,0.0,0,0.0,0.0,0.0,173.75,-0.08949011446409989,0.04357212953876349,100.0
2012-08-10,0.0,0.0,0.0,0.0,0.0,0,0.0,0,0.0,0.0,0.0,169.75,-0.08949011446409989,0.04357212953876349,100.0
2012-08-13,0.0,0.0,0.0,0.0,0.0,0,0.0,0,0.0,0.0,0.0,163.25,-0.08949011446409989,0.04357212953876349,100.0
2012-08-14,0.0,0.0,0.0,0.0,0.0,0,0.0,0,0.0,0.0,0.0,165.25,-0.08949011446409989,0.04357212953876349,100.0
2012-08-15,0.0,0.0,0.0,0.0,0.0,0,0.0,0,0.0,0.0,0.0,164.75,-0.08949011446409989,0.04357212953876349,100.0
2012-08-16,0.0,0.0,0.0,0.0,0.0,0,0.0,0,0.0,0.0,0.0,170.75,-0.08949011446409989,0.04357212953876349,100.0
2012-08-17,0.0,0.0,0.0,0.0,0.0,0,0.0,0,0.0,0.0,0.0,166.75,-0.08949011446409989,0.04357212953876349,100.0
2012-08-20,0.0,0.0,0.0,0.0,0.0,0,0.0,0,0.0,0.0,0.0,166.0,-0.08949011446409989,0.04357212953876349,100.0
2012-08-21,0.0,0.0,0.0,0.0,0.0,0,0.0,0,0.0,0.0,0.0,159.0,-0.08949011446409989,0.04357212953876349,100.0
2012-08-22,0.0,0.0,0.0,0.0,0.0,0,0.0,0,0.0,0.0,0.0,158.5,-0.08949011446409989,0.04357212953876349,100.0
2012-08-23,0.0,0.0,0.0,0.0,0.0,0,0.0,0,0.0,0.0,0.0,163.25,-0.08949011446409989,0.04357212953876349,100.0
2012-08-24,0.0,0.0,0.0,0.0,0.0,0,0.0,0,0.0,0.0,0.0,163.75,-0.08949011446409989,0.04357212953876349,100.0
2012-08-27,0.0,0.0,0.0,0.0,0.0,0,0.0,0,0.0,0.0,0.0,162.25,-0.08949011446409989,0.04357212953876349,100.0
2012-08-28,0.0,0.0,0.0,0.0,0.0,0,0.0,0,0.0,0.0,0.0,163.25,-0.08949011446409989,0.04357212953876349,100.0
2012-08-29,0.0,0.0,0.0,0.0,0.0,0,0.0,0,0.0,0.0,0.0,167.0,-0.08949011446409989,0.04357212953876349,100.0
2012-08-30,0.0,0.0,0.0,0.0,0.0,0,0.0,0,0.0,0.0,0.0,172.25,-0.08949011446409989,0.04357212953876349,100.0
2012-08-31,0.0,0.0,0.0,0.0,0.0,0,0.0,0,0.0,0.0,0.0,168.25,-0.08949011446409989,0.04357212953876349,100.0
2012-09-03,0.0,0.0,0.0,0.0,0.0,0,0.0,0,0.0,0.0,0.0,168.25,-0.08949011446409989,0.04357212953876349,100.0
2012-09-04,0.0,0.0,0.0,0.0,0.0,0,0.0,0,0.0,0.0,0.0,175.5,-0.08949011446409989,0.04357212953876349,100.0
2012-09-05,0.0,0.0,0.0,0.0,0.0,0,0.0,0,0.0,0.0,0.0,174.75,-0.08949011446409989,0.04357212953876349,100.0
2012-09-06,0.0,0.0,0.0,0.0,0.0,0,0.0,0,0.0,0.0,0.0,173.0,-0.08949011446409989,0.04357212953876349,100.0
2012-09-07,0.0,0.0,0.0,0.0,0.0,0,0.0,0,0.0,0.0,0.0,171.0,-0.08949011446409989,0.04357212953876349,100.0
2012-09-10,0.0,0.0,0.0,0.0,0.0,0,0.0,0,0.0,0.0,0.0,177.5,-0.08949011446409989,0.04357212953876349,100.0
2012-09-11,0.0,0.0,0.0,0.0,0.0,0,0.0,0,0.0,0.0,0.0,174.25,-0.08949011446409989,0.04357212953876349,100.0
2012-09-12,0.0,0.0,0.0,0.0,0.0,0,0.0,0,0.0,0.0,0.0,164.75,-0.08949011446409989,0.04357212953876349,100.0
2012-09-13,0.0,0.0,0.0,0.0,0.0,0,0.0,0,0.0,0.0,0.0,168.25,-0.08949011446409989,0.04357212953876349,100.0
2012-09-14,0.0,0.0,0.0,0.0,0.0,0,0.0,0,0.0,0.0,0.0,165.5,-0.08949011446409989,0.04357212953876349,100.0
2012-09-17,0.0,0.0,0.0,0.0,0.0,0,0.0,0,0.0,0.0,0.0,156.75,-0.08949011446409989,0.04357212953876349,100.0
2012-09-18,0.0,0.0,0.0,0.0,0.0,0,0.0,0,0.0,0.0,0.0,153.5,-0.08949011446409989,0.04357212953876349,100.0
2012-09-19,0.0,0.0,0.0,0.0,0.0,0,0.0,0,0.0,0.0,0.0,158.75,-0.08949011446409989,0.04357212953876349,100.0
2012-09-20,0.0,0.0,0.0,0.0,0.0,0,0.0,0,0.0,0.0,0.0,159.75,-0.08949011446409989,0.04357212953876349,100.0
2012-09-21,0.0,0.0,0.0,0.0,0.0,0,0.0,0,0.0,0.0,0.0,160.5,-0.08949011446409989,0.04357212953876349,100.0
2012-09-24,0.0,0.0,0.0,0.0,0.0,0,0.0,0,0.0,0.0,0.0,165.25,-0.08949011446409989,0.04357212953876349,100.0
2012-09-25,0.0,0.0,0.0,0.0,0.0,0,0.0,0,0.0,0.0,0.0,176.75,-0.08949011446409989,0.04357212953876349,100.0
2012-09-26,0.0,0.0,0.0,0.0,0.0,0,0.0,0,0.0,0.0,0.0,176.0,-0.08949011446409989,0.04357212953876349,100.0
2012-09-27,0.0,0.0,0.0,0.0,0.0,0,0.0,0,0.0,0.0,0.0,177.5,-0.08949011446409989,0.04357212953876349,100.0
2012-09-28,0.0,0.0,0.0,0.0,0.0,0,0.0,0,0.0,0.0,0.0,182.5,-0.08949011446409989,0.04357212953876349,100.0
2012-10-01,0.0,0.0,0.0,0.0,0.0,0,0.0,0,0.0,0.0,0.0,179.0,-0.08949011446409989,0.04357212953876349,100.0
2012-10-02,0.0,0.0,0.0,0.0,0.0,0,0.0,0,0.0,0.0,0.0,171.0,-0.08949011446409989,0.04357212953876349,100.0
2012-10-03,0.0,0.0,0.0,0.0,0.0,0,0.0,0,0.0,0.0,0.0,170.5,-0.08949011446409989,0.04357212953876349,100.0
2012-10-04,0.0,0.0,0.0,0.0,0.0,0,0.0,0,0.0,0.0,0.0,173.25,-0.08949011446409989,0.04357212953876349,100.0
2012-10-05,0.0,0.0,0.0,0.0,0.0,0,0.0,0,0.0,0.0,0.0,173.75,-0.08949011446409989,0.04357212953876349,100.0
2012-10-08,0.0,0.0,0.0,0.0,0.0,0,0.0,0,0.0,0.0,0.0,178.5,-0.08949011446409989,0.04357212953876349,100.0
2012-10-09,0.0,0.0,0.0,0.0,0.0,0,0.0,0,0.0,0.0,0.0,176.5,-0.08949011446409989,0.04357212953876349,100.0
2012-10-10,0.0,0.0,0.0,0.0,0.0,0,0.0,0,0.0,0.0,0.0,173.5,-0.08949011446409989,0.04357212953876349,100.0
2012-10-11,0.0,0.0,0.0,0.0,0.0,0,0.0,0,0.0,0.0,0.0,183.25,-0.08949011446409989,0.04357212953876349,100.0
2012-10-12,0.0,0.0,0.0,0.0,0.0,0,0.0,0,0.0,0.0,0.0,186.0,-0.08949011446409989,0.04357212953876349,100.0
2012-10-15,0.0,0.0,0.0,0.0,0.0,0,0.0,0,0.0,0.0,0.0,184.25,-0.08949011446409989,0.04357212953876349,100.0
2012-10-16,0.0,0.0,0.0,0.0,0.0,0,0.0,0,0.0,0.0,0.0,181.5,-0.08949011446409989,0.04357212953876349,100.0
2012-10-17,0.0,0.0,0.0,0.0,0.0,0,0.0,0,0.0,0.0,0.0,183.25,-0.08949011446409989,0.04357212953876349,100.0
2012-10-18,0.0,0.0,0.0,0.0,0.0,0,0.0,0,0.0,0.0,0.0,182.0,-0.08949011446409989,0.04357212953876349,100.0
2012-10-19,0.0,0.0,0.0,0.0,0.0,0,0.0,0,0.0,0.0,0.0,185.0,-0.08949011446409989,0.04357212953876349,100.0
2012-10-22,0.0,0.0,0.0,0.0,0.0,0,0.0,0,0.0,0.0,0.0,180.25,-0.08949011446409989,0.04357212953876349,100.0
2012-10-23,0.0,0.0,0.0,0.0,0.0,0,0.0,0,0.0,0.0,0.0,187.75,-0.08949011446409989,0.04357212953876349,100.0
2012-10-24,0.0,0.0,0.0,0.0,0.0,0,0.0,0,0.0,0.0,0.0,191.25,-0.08949011446409989,0.04357212953876349,100.0
2012-10-25,0.0,0.0,0.0,0.0,0.0,0,0.0,0,0.0,0.0,0.0,192.0,-0.08949011446409989,0.04357212953876349,100.0
2012-10-26,0.0,0.0,0.0,0.0,0.0,0,0.0,0,0.0,0.0,0.0,200.75,-0.08949011446409989,0.04357212953876349,100.0
2012-10-29,0.0,0.0,0.0,0.0,0.0,0,0.0,0,0.0,0.0,0.0,200.75,-0.08949011446409989,0.04357212953876349,100.0
2012-10-30,0.0,0.0,0.0,0.0,0.0,0,0.0,0,0.0,0.0,0.0,200.75,-0.08949011446409989,0.04357212953876349,100.0
2012-10-31,0.0,0.0,0.0,0.0,0.0,0,0.0,0,0.0,0.0,0.0,204.0,-0.08949011446409989,0.04357212953876349,100.0
2012-11-01,0.0,0.0,0.0,0.0,0.0,0,0.0,0,0.0,0.0,0.0,204.0,-0.08949011446409989,0.04357212953876349,100.0
2012-11-02,0.0,0.0,0.0,0.0,0.0,0,0.0,0,0.0,0.0,0.0,214.0,-0.08949011446409989,0.04357212953876349,100.0
2012-11-05,0.0,0.0,0.0,0.0,0.0,0,0.0,0,0.0,0.0,0.0,209.25,-0.08949011446409989,0.04357212953876349,100.0
2012-11-06,0.0,0.0,0.0,0.0,0.0,0,0.0,0,0.0,0.0,0.0,209.0,-0.08949011446409989,0.04357212953876349,100.0
2012-11-07,0.0,0.0,0.0,0.0,0.0,0,0.0,0,0.0,0.0,0.0,222.5,-0.08949011446409989,0.04357212953876349,100.0
2012-11-08,0.0,0.0,0.0,0.0,0.0,0,0.0,0,0.0,0.0,0.0,233.0,-0.08949011446409989,0.04357212953876349,100.0
2012-11-09,0.0,0.0,0.0,0.0,0.0,0,0.0,0,0.0,0.0,0.0,242.5,-0.08949011446409989,0.04357212953876349,100.0
2012-11-12,0.0,0.0,0.0,0.0,0.0,0,0.0,0,0.0,0.0,0.0,244.25,-0.08949011446409989,0.04357212953876349,100.0
2012-11-13,0.0,0.0,0.0,0.0,0.0,0,0.0,0,0.0,0.0,0.0,248.25,-0.08949011446409989,0.04357212953876349,100.0
2012-11-14,0.0,0.0,0.0,0.0,0.0,0,0.0,0,0.0,0.0,0.0,254.5,-0.08949011446409989,0.04357212953876349,100.0
2012-11-15,0.0,0.0,0.0,0.0,0.0,0,0.0,0,0.0,0.0,0.0,248.75,-0.08949011446409989,0.04357212953876349,100.0
2012-11-16,0.0,0.0,0.0,0.0,0.0,0,0.0,0,0.0,0.0,0.0,248.5,-0.08949011446409989,0.04357212953876349,100.0
2012-11-19,0.0,0.0,0.0,0.0,0.0,0,0.0,0,0.0,0.0,0.0,243.5,-0.08949011446409989,0.04357212953876349,100.0
2012-11-20,0.0,0.0,0.0,0.0,0.0,0,0.0,0,0.0,0.0,0.0,235.5,-0.08949011446409989,0.04357212953876349,100.0
2012-11-21,0.0,0.0,0.0,0.0,0.0,0,0.0,0,0.0,0.0,0.0,234.5,-0.08949011446409989,0.04357212953876349,100.0
2012-11-22,0.0,0.0,0.0,0.0,0.0,0,0.0,0,0.0,0.0,0.0,234.5,-0.08949011446409989,0.04357212953876349,100.0
2012-11-23,0.0,0.0,0.0,0.0,0.0,0,0.0,0,0.0,0.0,0.0,234.5,-0.08949011446409989,0.04357212953876349,100.0
2012-11-26,0.0,0.0,0.0,0.0,0.0,0,0.0,0,0.0,0.0,0.0,231.0,-0.08949011446409989,0.04357212953876349,100.0
2012-11-27,0.0,0.0,0.0,0.0,0.0,0,0.0,0,0.0,0.0,0.0,238.25,-0.08949011446409989,0.04357212953876349,100.0
2012-11-28,0.0,0.0,0.0,0.0,0.0,0,0.0,0,0.0,0.0,0.0,237.25,-0.08949011446409989,0.04357212953876349,100.0
2012-11-29,0.0,0.0,0.0,0.0,0.0,0,0.0,0,0.0,0.0,0.0,236.0,-0.08949011446409989,0.04357212953876349,100.0
2012-11-30,0.0,0.0,0.0,0.0,0.0,0,0.0,0,0.0,0.0,0.0,232.5,-0.08949011446409989,0.04357212953876349,100.0
2012-12-03,0.0,0.0,0.0,0.0,0.0,0,0.0,0,0.0,0.0,0.0,233.0,-0.08949011446409989,0.04357212953876349,100.0
2012-12-04,0.0,0.0,0.0,0.0,0.0,0,0.0,0,0.0,0.0,0.0,237.5,-0.08949011446409989,0.04357212953876349,100.0
2012-12-05,0.0,0.0,0.0,0.0,0.0,0,0.0,0,0.0,0.0,0.0,248.0,-0.08949011446409989,0.04357212953876349,100.0
2012-12-06,0.0,0.0,0.0,0.0,0.0,0,0.0,0,0.0,0.0,0.0,240.5,-0.08949011446409989,0.04357212953876349,100.0
2012-12-07,0.0,0.0,0.0,0.0,0.0,0,0.0,0,0.0,0.0,0.0,236.75,-0.08949011446409989,0.04357212953876349,100.0
2012-12-10,0.0,0.0,0.0,0.0,0.0,0,0.0,0,0.0,0.0,0.0,238.75,-0.08949011446409989,0.04357212953876349,100.0
2012-12-11,0.0,0.0,0.0,0.0,0.0,0,0.0,0,0.0,0.0,0.0,237.25,-0.08949011446409989,0.04357212953876349,100.0
2012-12-12,0.0,0.0,0.0,0.0,0.0,0,0.0,0,0.0,0.0,0.0,237.25,-0.08949011446409989,0.04357212953876349,100.0
2012-12-13,0.0,0.0,0.0,0.0,0.0,0,0.0,0,0.0,0.0,0.0,230.0,-0.08949011446409989,0.04357212953876349,100.0
2012-12-14,0.0,0.0,0.0,0.0,0.0,0,0.0,0,0.0,0.0,0.0,224.0,-0.08949011446409989,0.04357212953876349,100.0
2012-12-17,0.0,0.0,0.0,0.0,0.0,0,0.0,0,0.0,0.0,0.0,211.25,-0.08949011446409989,0.04357212953876349,100.0
2012-12-18,0.0,0.0,0.0,0.0,0.0,0,0.0,0,0.0,0.0,0.0,204.5,-0.08949011446409989,0.04357212953876349,100.0
2012-12-19,0.0,0.0,0.0,0.0,0.0,0,0.0,0,0.0,0.0,0.0,209.75,-0.08949011446409989,0.04357212953876349,100.0
2012-12-20,0.0,0.0,0.0,0.0,0.0,0,0.0,0,0.0,0.0,0.0,207.25,-0.08949011446409989,0.04357212953876349,100.0
2012-12-21,0.0,0.0,0.0,0.0,0.0,0,0.0,0,0.0,0.0,0.0,202.0,-0.08949011446409989,0.04357212953876349,100.0
2012-12-24,0.0,0.0,0.0,0.0,0.0,0,0.0,0,0.0,0.0,0.0,202.0,-0.08949011446409989,0.04357212953876349,100.0
2012-12-25,0.0,0.0,0.0,0.0,0.0,0,0.0,0,0.0,0.0,0.0,202.0,-0.08949011446409989,0.04357212953876349,100.0
2012-12-26,0.0,0.0,0.0,0.0,0.0,0,0.0,0,0.0,0.0,0.0,207.5,-0.08949011446409989,0.04357212953876349,100.0
2012-12-27,0.0,0.0,0.0,0.0,0.0,0,0.0,0,0.0,0.0,0.0,205.75,-0.08949011446409989,0.04357212953876349,100.0
2012-12-28,0.0,0.0,0.0,0.0,0.0,0,0.0,0,0.0,0.0,0.0,221.5,-0.08949011446409989,0.04357212953876349,100.0
2012-12-31,0.0,0.0,0.0,0.0,0.0,0,0.0,0,0.0,0.0,0.0,210.25,-0.08949011446409989,0.04357212953876349,100.0
2013-01-01,0.0,0.0,0.0,0.0,0.0,0,0.0,0,0.0,0.0,0.0,210.25,-0.08949011446409989,0.04357212953876349,100.0
2013-01-02,0.0,0.0,0.0,0.0,0.0,0,0.0,0,0.0,0.0,0.0,197.25,-0.08949011446409989,0.04357212953876349,100.0
2013-01-03,0.0,0.0,0.0,0.0,0.0,0,0.0,0,0.0,0.0,0.0,193.5,-0.08949011446409989,0.04357212953876349,100.0
2013-01-04,0.0,0.0,0.0,0.0,0.0,0,0.0,0,0.0,0.0,0.0,202.75,-0.08949011446409989,0.04357212953876349,100.0
2013-01-07,0.0,0.0,0.0,0.0,0.0,0,0.0,0,0.0,0.0,0.0,203.5,-0.08949011446409989,0.04357212953876349,100.0
2013-01-08,0.0,0.0,0.0,0.0,0.0,0,0.0,0,0.0,0.0,0.0,204.5,-0.08949011446409989,0.04357212953876349,100.0
2013-01-09,0.0,0.0,0.0,0.0,0.0,0,0.0,0,0.0,0.0,0.0,205.25,-0.08949011446409989,0.04357212953876349,100.0
2013-01-10,0.0,0.0,0.0,0.0,0.0,0,0.0,0,0.0,0.0,0.0,205.25,-0.08949011446409989,0.04357212953876349,100.0
2013-01-11,0.0,0.0,0.0,0.0,0.0,0,0.0,0,0.0,0.0,0.0,206.0,-0.08949011446409989,0.04357212953876349,100.0
2013-01-14,0.0,0.0,0.0,0.0,0.0,0,0.0,0,0.0,0.0,0.0,205.5,-0.08949011446409989,0.04357212953876349,100.0
2013-01-15,0.0,0.0,0.0,0.0,0.0,0,0.0,0,0.0,0.0,0.0,206.5,-0.08949011446409989,0.04357212953876349,100.0
2013-01-16,0.0,0.0,0.0,0.0,0.0,0,0.0,0,0.0,0.0,0.0,209.25,-0.08949011446409989,0.04357212953876349,100.0
2013-01-17,0.0,0.0,0.0,0.0,0.0,0,0.0,0,0.0,0.0,0.0,212.0,-0.08949011446409989,0.04357212953876349,100.0
2013-01-18,0.0,0.0,0.0,0.0,0.0,0,0.0,0,0.0,0.0,0.0,208.5,-0.08949011446409989,0.04357212953876349,100.0
2013-01-21,0.0,0.0,0.0,0.0,0.0,0,0.0,0,0.0,0.0,0.0,208.5,-0.08949011446409989,0.04357212953876349,100.0
2013-01-22,0.0,0.0,0.0,0.0,0.0,0,0.0,0,0.0,0.0,0.0,202.75,-0.08949011446409989,0.04357212953876349,100.0
2013-01-23,0.0,0.0,0.0,0.0,0.0,0,0.0,0,0.0,0.0,0.0,206.5,-0.08949011446409989,0.04357212953876349,100.0
2013-01-24,0.0,0.0,0.0,0.0,0.0,0,0.0,0,0.0,0.0,0.0,210.75,-0.08949011446409989,0.04357212953876349,100.0
2013-01-25,0.0,0.0,0.0,0.0,0.0,0,0.0,0,0.0,0.0,0.0,212.75,-0.08949011446409989,0.04357212953876349,100.0
2013-01-28,0.0,0.0,0.0,0.0,0.0,0,0.0,0,0.0,0.0,0.0,212.25,-0.08949011446409989,0.04357212953876349,100.0
2013-01-29,0.0,0.0,0.0,0.0,0.0,0,0.0,0,0.0,0.0,0.0,219.25,-0.08949011446409989,0.04357212953876349,100.0
2013-01-30,0.0,0.0,0.0,0.0,0.0,0,0.0,0,0.0,0.0,0.0,216.0,-0.08949011446409989,0.04357212953876349,100.0
2013-01-31,0.0,0.0,0.0,0.0,0.0,0,0.0,0,0.0,0.0,0.0,215.25,-0.08949011446409989,0.04357212953876349,100.0
2013-02-01,0.0,0.0,0.0,0.0,0.0,0,0.0,0,0.0,0.0,0.0,211.75,-0.08949011446409989,0.04357212953876349,100.0
2013-02-04,0.0,0.0,0.0,0.0,0.0,0,0.0,0,0.0,0.0,0.0,221.5,-0.08949011446409989,0.04357212953876349,100.0
2013-02-05,0.0,0.0,0.0,0.0,0.0,0,0.0,0,0.0,0.0,0.0,224.25,-0.08949011446409989,0.04357212953876349,100.0
2013-02-06,0.0,0.0,0.0,0.0,0.0,0,0.0,0,0.0,0.0,0.0,223.5,-0.08949011446409989,0.04357212953876349,100.0
2013-02-07,0.0,0.0,0.0,0.0,0.0,0,0.0,0,0.0,0.0,0.0,209.75,-0.08949011446409989,0.04357212953876349,100.0
2013-02-08,0.0,0.0,0.0,0.0,0.0,0,0.0,0,0.0,0.0,0.0,210.75,-0.08949011446409989,0.04357212953876349,100.0
2013-02-11,0.0,0.0,0.0,0.0,0.0,0,0.0,0,0.0,0.0,0.0,209.0,-0.08949011446409989,0.04357212953876349,100.0
2013-02-12,0.0,0.0,0.0,0.0,0.0,0,0.0,0,0.0,0.0,0.0,210.5,-0.08949011446409989,0.04357212953876349,100.0
2013-02-13,0.0,0.0,0.0,0.0,0.0,0,0.0,0,0.0,0.0,0.0,205.75,-0.08949011446409989,0.04357212953876349,100.0
2013-02-14,0.0,0.0,0.0,0.0,0.0,0,0.0,0,0.0,0.0,0.0,207.75,-0.08949011446409989,0.04357212953876349,100.0
2013-02-15,0.0,0.0,0.0,0.0,0.0,0,0.0,0,0.0,0.0,0.0,204.5,-0.08949011446409989,0.04357212953876349,100.0
2013-02-18,0.0,0.0,0.0,0.0,0.0,0,0.0,0,0.0,0.0,0.0,204.5,-0.08949011446409989,0.04357212953876349,100.0
2013-02-19,0.0,0.0,0.0,0.0,0.0,0,0.0,0,0.0,0.0,0.0,202.25,-0.08949011446409989,0.04357212953876349,100.0
2013-02-20,0.0,0.0,0.0,0.0,0.0,0,0.0,0,0.0,0.0,0.0,206.25,-0.08949011446409989,0.04357212953876349,100.0
2013-02-21,0.0,0.0,0.0,0.0,0.0,0,0.0,0,0.0,0.0,0.0,214.0,-0.08949011446409989,0.04357212953876349,100.0
2013-02-22,0.0,0.0,0.0,0.0,0.0,0,0.0,0,0.0,0.0,0.0,210.0,-0.08949011446409989,0.04357212953876349,100.0
2013-02-25,0.0,0.0,0.0,0.0,0.0,0,0.0,0,0.0,0.0,0.0,225.5,-0.08949011446409989,0.04357212953876349,100.0
2013-02-26,0.0,0.0,0.0,0.0,0.0,0,0.0,0,0.0,0.0,0.0,223.75,-0.08949011446409989,0.04357212953876349,100.0
2013-02-27,0.0,0.0,0.0,0.0,0.0,0,0.0,0,0.0,0.0,0.0,237.75,-0.08949011446409989,0.04357212953876349,100.0
2013-02-28,0.0,0.0,0.0,0.0,0.0,0,0.0,0,0.0,0.0,0.0,253.0,-0.08949011446409989,0.04357212953876349,100.0
2013-03-01,0.0,0.0,0.0,0.0,0.0,0,0.0,0,0.0,0.0,0.0,255.0,-0.08949011446409989,0.04357212953876349,100.0
2013-03-04,0.0,0.0,0.0,0.0,0.0,0,0.0,0,0.0,0.0,0.0,251.5,-0.08949011446409989,0.04357212953876349,100.0
2013-03-05,0.0,0.0,0.0,0.0,0.0,0,0.0,0,0.0,0.0,0.0,245.0,-0.08949011446409989,0.04357212953876349,100.0
2013-03-06,0.0,0.0,0.0,0.0,0.0,0,0.0,0,0.0,0.0,0.0,244.5,-0.08949011446409989,0.04357212953876349,100.0
2013-03-07,0.0,0.0,0.0,0.0,0.0,0,0.0,0,0.0,0.0,0.0,244.0,-0.08949011446409989,0.04357212953876349,100.0
2013-03-08,0.0,0.0,0.0,0.0,0.0,0,0.0,0,0.0,0.0,0.0,246.5,-0.08949011446409989,0.04357212953876349,100.0
2013-03-11,0.0,0.0,0.0,0.0,0.0,0,0.0,0,0.0,0.0,0.0,243.5,-0.08949011446409989,0.04357212953876349,100.0
2013-03-12,0.0,0.0,0.0,0.0,0.0,0,0.0,0,0.0,0.0,0.0,242.0,-0.08949011446409989,0.04357212953876349,100.0
2013-03-13,0.0,0.0,0.0,0.0,0.0,0,0.0,0,0.0,0.0,0.0,244.5,-0.08949011446409989,0.04357212953876349,100.0
2013-03-14,0.0,0.0,0.0,0.0,0.0,0,0.0,0,0.0,0.0,0.0,242.5,-0.08949011446409989,0.04357212953876349,100.0
2013-03-15,0.0,0.0,0.36621563370126164,0.0,0.0,0,14.0,0,0.0,0.0,14.127263045793397,253.0,-0.08949011446409989,0.04357212953876349,100.0
2013-03-18,0.0,0.0,0.5179071159333817,0.0,0.0,0,14.0,3,0.0,0.0,7.128525811601916,255.5,-0.08949011446409989,0.04357212953876349,100.0
2013-03-19,0.0,0.0,0.6343040840966184,0.0,0.0,0,14.0,4,0.0,0.0,4.7907358156028375,247.25,-0.08949011446409989,0.04357212953876349,100.0
2013-03-20,0.0,0.0,0.7324312674025232,0.0,0.0,0,14.0,5,0.0,0.0,3.624401913875598,248.0,-0.08949011446409989,0.04357212953876349,100.0
2013-03-21,0.0,0.0,0.8188830513791838,0.0,0.0,0,14.0,6,0.0,0.0,2.9271253985122208,253.25,-0.08949011446409989,0.04357212953876349,100.0
2013-03-22,0.0,0.0,0.8970414383980819,0.0,0.0,0,14.0,7,0.0,0.0,2.4568065144273326,246.5,-0.08949011446409989,0.04357212953876349,100.0
2013-03-25,0.0,0.0,0.9689154929974627,0.0,0.0,0,14.0,10,0.0,0.0,2.1192940552016983,238.75,-0.08949011446409989,0.04357212953876349,100.0
2013-03-26,0.0,0.0,1.0358142318667631,0.0,0.0,0,14.0,11,0.0,0.0,1.8683023872679045,237.0,-0.08949011446409989,0.04357212953876349,100.0
2013-03-27,0.0,0.0,1.098646901103785,0.0,0.0,0,14.0,12,0.0,0.0,1.6733975491928832,236.25,-0.08949011446409989,0.04357212953876349,100.0
2013-03-28,0.0,0.0,1.1580755172579058,0.0,0.0,0,14.0,13,0.0,0.0,1.5173820879703233,235.5,-0.08949011446409989,0.04357212953876349,100.0
2013-03-29,0.0,0.0,1.2145998493493169,0.0,0.0,0,14.0,14,0.0,0.0,1.39004718798151,235.5,-0.08949011446409989,0.04357212953876349,100.0
2013-04-01,0.0,0.0,1.2686081681932366,0.0,0.0,0,14.0,17,0.0,0.0,1.2804835009705313,229.0,-0.08949011446409989,0.04357212953876349,100.0
2013-04-02,0.0,0.0,1.320409245186437,0.0,0.0,0,14.0,18,0.0,0.0,1.1896214896214896,227.0,-0.08949011446409989,0.04357212953876349,100.0
2013-04-03,0.0,0.0,1.3702534309904257,0.0,0.0,0,14.0,19,0.0,0.0,1.1129032258064515,227.5,-0.08949011446409989,0.04357212953876349,100.0
2013-04-04,0.0,0.0,1.4183470504457818,0.0,0.0,0,14.0,20,0.0,0.0,1.0430056377730796,221.5,-0.08949011446409989,0.04357212953876349,100.0
2013-04-05,0.0,0.0,1.4648625348050464,0.0,0.0,0,14.0,21,0.0,0.0,0.9794638140517696,211.75,-0.08949011446409989,0.04357212953876349,100.0
2013-04-08,0.0,0.0,1.5099457395028082,0.0,0.0,0,14.0,24,0.0,0.0,0.9239781974035655,204.25,-0.08949011446409989,0.04357212953876349,100.0
2013-04-09,0.0,0.0,1.553721347800145,0.0,0.0,0,14.0,25,0.0,0.0,0.8817355614189387,211.0,-0.08949011446409989,0.04357212953876349,100.0
2013-04-10,0.0,0.0,1.5962969388485075,0.0,0.0,0,14.0,26,0.0,0.0,0.8399539196091494,209.5,-0.08949011446409989,0.04357212953876349,100.0
2013-04-11,0.0,0.0,1.6377661027583676,0.0,0.0,0,14.0,27,0.0,0.0,0.8039799683711122,211.25,-0.08949011446409989,0.04357212953876349,100.0
2013-04-12,0.0,0.0,1.6782108621122522,0.0,0.0,0,14.0,28,0.0,0.0,0.7699332630839479,210.0,-0.08949011446409989,0.04357212953876349,100.0
2013-04-15,0.0,0.0,1.7177035798061218,0.0,0.0,0,14.0,31,0.0,0.0,0.7419455215663746,214.5,-0.08949011446409989,0.04357212953876349,100.0
2013-04-16,0.0,0.0,1.7563084804344544,0.0,0.0,0,14.0,32,0.0,0.0,0.7136956521739131,213.5,-0.08949011446409989,0.04357212953876349,100.0
2013-04-17,0.0,0.0,1.7940828767961636,0.0,0.0,0,14.0,33,0.0,0.0,0.6884096089777311,213.75,-0.08949011446409989,0.04357212953876349,100.0
2013-04-18,0.0,0.0,1.8310781685063082,0.0,0.0,0,14.0,34,0.0,0.0,0.6618664563617246,207.75,-0.08949011446409989,0.04357212953876349,100.0
2013-04-19,0.0,0.0,1.8673406624254805,0.0,0.0,0,14.0,35,0.0,0.0,0.6410626945309026,209.25,-0.08949011446409989,0.04357212953876349,100.0
2013-04-22,0.0,0.0,1.902912252289855,0.0,0.0,0,14.0,38,0.0,0.0,0.6246109554933084,216.0,-0.08949011446409989,0.04357212953876349,100.0
2013-04-23,0.0,0.0,1.9378309859949254,0.0,0.0,0,14.0,39,0.0,0.0,0.6072178477690289,218.25,-0.08949011446409989,0.04357212953876349,100.0
2013-04-24,0.0,0.0,1.9721315424304948,0.0,0.0,0,14.0,40,0.0,0.0,0.5922811810254369,222.75,-0.08949011446409989,0.04357212953876349,100.0
2013-04-25,0.0,0.0,2.005845634892301,0.0,0.0,0,14.0,41,0.0,0.0,0.574820835518266,220.25,-0.08949011446409989,0.04357212953876349,100.0
2013-04-26,0.0,0.0,2.0390023544330975,0.0,0.0,0,14.0,42,0.0,0.0,0.5637722323662676,228.0,-0.08949011446409989,0.04357212953876349,100.0
2013-04-29,0.0,0.0,2.0716284637335263,0.0,0.0,0,14.0,45,0.0,0.0,0.5510411210057622,230.75,-0.08949011446409989,0.04357212953876349,100.0
2013-04-30,0.0,0.0,2.1037486499385207,0.0,0.0,0,14.0,46,0.0,0.0,0.5356298587973981,226.75,-0.08949011446409989,0.04357212953876349,100.0
2013-05-01,0.0,0.0,2.1026743834968897,0.0,0.0,0,29.0,47,0.006813932637594059,0.0,0.9623080001231261,238.0,-0.08949011446409989,0.04357212953876349,100.0
2013-05-02,0.0,0.0,2.1083900193388017,0.0,0.0,0,29.0,48,0.006885794531840012,0.0,0.9395808427973701,241.25,-0.08949011446409989,0.04357212953876349,100.0
2013-05-03,0.0,0.0,2.118942169598206,0.0,0.0,0,29.0,49,0.0022009179122351816,0.0,0.9178137886972179,243.75,-0.08949011446409989,0.04357212953876349,100.0
2013-05-06,0.0,0.0,2.1330202100565328,0.0,0.0,0,29.0,52,-0.002684763964501443,0.0,0.8961139823208788,244.0,-0.08949011446409989,0.04357212953876349,100.0
2013-05-07,0.0,0.0,2.1497141024440403,0.0,0.0,0,29.0,53,-0.007304842031090696,0.0,0.875429435206816,244.0,-0.08949011446409989,0.04357212953876349,100.0
2013-05-08,0.0,0.0,2.1683740314904485,0.0,0.0,0,29.0,54,-0.01428380599946302,0.0,0.8565855682243991,245.5,-0.08949011446409989,0.04357212953876349,100.0
2013-05-09,0.5263157894736842,0.05263157894736842,2.198945224298989,0.5263157894736842,1.0,1,19.0,55,-0.016505223127233255,0.0,0.5892410015649452,238.0,-0.08949011446409989,0.04357212953876349,1.9
2013-05-10,0.5263157894736842,0.10526315789473684,2.2291014013067936,0.5263157894736842,1.0,2,19.0,56,-0.017109167662339067,0.0,0.5752498791932654,233.5,-0.08949011446409989,0.04357212953876349,1.9
2013-05-13,0.5263157894736842,0.15789473684210525,2.2588588264242646,0.5263157894736842,1.0,3,19.0,59,-0.016311823835555957,0.0,0.562073500583141,229.5,-0.08949011446409989,0.04357212953876349,1.9
2013-05-14,0.5263157894736842,0.21052631578947367,2.2882327426543507,0.5263157894736842,1.0,4,19.0,60,-0.014154751503497784,0.0,0.5494125484496124,225.5,-0.08949011446409989,0.04357212953876349,1.9
2013-05-15,0.5263157894736842,0.2631578947368421,2.317237458139198,0.5263157894736842,1.0,5,19.0,61,-0.008809819563298581,0.0,0.5343689366333823,216.0,-0.08949011446409989,0.04357212953876349,1.9
2013-05-16,-8.25,-1.5,2.3022666607305093,-8.25,6.0,6,-4.0,62,-0.03361829480875473,0.0,0.01660018499248468,198.75,-0.08949011446409989,0.04357212953876349,-0.12121212121212122
2013-05-17,-8.25,-1.75,2.2873278548519203,-8.25,6.0,7,-4.0,63,-0.06333512085200735,0.0,0.017047638427276218,196.0,-0.08949011446409989,0.04357212953876349,-0.12121212121212122
2013-05-20,-8.25,-2.0,2.2724208945623086,-8.25,6.0,8,-4.0,66,-0.0891653161539183,0.0,0.019233533861193433,196.75,-0.08949011446409989,0.04357212953876349,-0.12121212121212122
2013-05-21,-8.25,-2.25,2.2575456348932055,-8.25,6.0,9,-4.0,67,-0.10526403260551308,0.0,0.022900432900432907,200.5,-0.08949011446409989,0.04357212953876349,-0.12121212121212122
2013-05-22,-8.25,-2.5,2.2427019318403456,-8.25,6.0,10,-4.0,68,-0.14731532970092806,-0.15660442814307907,0.01675779346006316,185.5,-0.08949011446409989,0.04357212953876349,-0.12121212121212122
2013-05-23,-8.25,-2.75,2.227889642355302,-8.25,6.0,11,-4.0,69,-0.18170378261666,-0.15660442814307907,0.01911779968863518,187.0,-0.08949011446409989,0.04357212953876349,-0.12121212121212122
2013-05-24,-8.25,-3.0,2.2131086243372167,-8.25,6.0,12,-4.0,70,-0.2186740170595192,-0.24303065007082367,0.01648563989911317,179.0,-0.08949011446409989,0.04357212953876349,-0.12121212121212122
2013-05-27,-8.25,-3.25,2.1983587366246184,-8.25,6.0,13,-4.0,73,-0.24919129957607286,-0.2893516036128061,0.017944730230888856,179.0,-0.08949011446409989,0.04357212953876349,-0.12121212121212122
2013-05-28,-8.25,-3.5,2.1836398389873173,-8.25,6.0,14,-4.0,74,-0.2749881300425952,-0.31771723896939497,0.018958353700263955,178.25,-0.08949011446409989,0.04357212953876349,-0.12121212121212122
2013-05-29,-8.25,-3.75,2.168951792118402,-8.25,6.0,15,-4.0,75,-0.2949197760234233,-0.31771723896939497,0.02380267372499377,185.0,-0.08949011446409989,0.04357212953876349,-0.12121212121212122
2013-05-30,-8.25,-4.0,2.1542944576263086,-8.25,6.0,16,-4.0,76,-0.3088890711190821,-0.31771723896939497,0.028722002635046123,192.0,-0.08949011446409989,0.04357212953876349,-0.12121212121212122
2013-05-31,-8.25,-4.25,2.139667698026977,-8.25,6.0,17,-4.0,77,-0.29451040315011895,-0.31771723896939497,0.04096149582440323,213.25,-0.08949011446409989,0.04357212953876349,-0.12121212121212122
2013-06-03,-8.25,-4.5,2.1250713767360905,-8.25,6.0,18,-4.0,80,-0.2974925761058402,-0.31771723896939497,0.036468822003301954,202.25,-0.08949011446409989,0.04357212953876349,-0.12121212121212122
2013-06-04,-8.25,-4.75,2.110505358061399,-8.25,6.0,19,-4.0,81,-0.3051099657382079,-0.31771723896939497,0.03542724761650183,198.0,-0.08949011446409989,0.04357212953876349,-0.12121212121212122
2013-06-05,-8.25,-5.0,2.0959695071951163,-8.25,6.0,20,-4.0,82,-0.30256497269981664,-0.31771723896939497,0.04080359644207872,206.25,-0.08949011446409989,0.04357212953876349,-0.12121212121212122
2013-06-06,-8.25,-5.25,2.081463690206405,-8.25,6.0,21,-4.0,83,-0.30748851073474104,-0.31771723896939497,0.03877990018929617,200.25,-0.08949011446409989,0.04357212953876349,-0.12121212121212122
2013-06-07,-8.25,-5.5,2.0669877740339344,-8.25,6.0,22,-4.0,84,-0.3164212203419023,-0.31771723896939497,0.03749640494679321,195.75,-0.08949011446409989,0.04357212953876349,-0.12121212121212122
2013-06-10,-8.25,-5.75,2.052541626478517,-8.25,6.0,23,-4.0,87,-0.32476573456539864,-0.31771723896939497,0.03862982248914472,196.0,-0.08949011446409989,0.04357212953876349,-0.12121212121212122
2013-06-11,-8.25,-6.0,2.0381251161958223,-8.25,6.0,24,-4.0,88,-0.3236125299715994,-0.31771723896939497,0.044239895270823115,205.0,-0.08949011446409989,0.04357212953876349,-0.12121212121212122
2013-06-12,-8.25,-6.25,2.0237381126891694,-8.25,6.0,25,-4.0,89,-0.32090050878153975,-0.31771723896939497,0.04582045337454921,206.25,-0.08949011446409989,0.04357212953876349,-0.12121212121212122
2013-06-13,-8.25,-6.5,2.009380486302387,-8.25,6.0,26,-4.0,90,-0.32132843840916375,-0.31771723896939497,0.04543888140695555,203.75,-0.08949011446409989,0.04357212953876349,-0.12121212121212122
2013-06-14,-8.25,-6.75,1.9950521082127546,-8.25,6.0,27,-4.0,91,-0.31504612006060473,-0.31771723896939497,0.04901823172538561,209.0,-0.08949011446409989,0.04357212953876349,-0.12121212121212122
2013-06-17,-8.25,-7.0,1.9807528504240113,-8.25,6.0,28,-4.0,94,-0.31553682150485013,-0.31771723896939497,0.047165791413303855,203.75,-0.08949011446409989,0.04357212953876349,-0.12121212121212122
2013-06-18,-8.25,-7.25,1.9664825857594408,-8.25,6.0,29,-4.0,95,-0.30953629328243953,-0.31771723896939497,0.05068803871162861,209.0,-0.08949011446409989,0.04357212953876349,-0.12121212121212122
2013-06-19,-8.25,-7.5,1.9522411878550248,-8.25,6.0,30,-4.0,96,-0.27729572361048405,-0.31771723896939497,0.05957780359563281,224.75,-0.08949011446409989,0.04357212953876349,-0.12121212121212122
2013-06-20,-8.25,-7.75,1.9380285311526684,-8.25,6.0,31,-4.0,97,-0.2523782312010486,-0.31771723896939497,0.059061559909017534,222.25,-0.08949011446409989,0.04357212953876349,-0.12121212121212122
2013-06-21,-8.25,-8.0,1.9238444908934913,-8.25,6.0,32,-4.0,98,-0.2239793418001518,-0.31771723896939497,0.06147511351476415,225.5,-0.08949011446409989,0.04357212953876349,-0.12121212121212122
2013-06-24,-8.25,-8.25,1.9096889431111954,-8.25,6.0,33,-4.0,101,-0.19021400342397374,-0.31771723896939497,0.06476255629667636,230.5,-0.08949011446409989,0.04357212953876349,-0.12121212121212122
2013-06-25,-8.25,-8.5,1.8955617646254899,-8.25,6.0,34,-4.0,102,-0.1584682859994631,-0.31771723896939497,0.0661029153494907,231.75,-0.08949011446409989,0.04357212953876349,-0.12121212121212122
2013-06-26,-8.25,-8.75,1.881462833035593,-8.25,6.0,35,-4.0,103,-0.12939862299132587,-0.31771723896939497,0.06716583318326014,232.5,-0.08949011446409989,0.04357212953876349,-0.12121212121212122
2013-06-27,-8.25,-9.0,1.8673920267137913,-8.25,6.0,36,-4.0,104,-0.09912027017058202,-0.31771723896939497,0.0698736338797814,236.5,-0.08949011446409989,0.04357212953876349,-0.12121212121212122
2013-06-28,-8.25,-9.25,1.8533492247990746,-8.25,6.0,37,-4.0,105,-0.06746206648493482,-0.31771723896939497,0.07332848249656398,242.0,-0.08949011446409989,0.04357212953876349,-0.12121212121212122
2013-07-01,-8.25,-9.5,1.8393343071908215,-8.25,6.0,38,-4.0,108,-0.03542230504695209,-0.31771723896939497,0.07740199922902073,248.75,-0.08949011446409989,0.04357212953876349,-0.12121212121212122
2013-07-02,-8.25,-9.75,1.8253471545425637,-8.25,6.0,39,-4.0,109,-0.01472325315494271,-0.31771723896939497,0.07352613286117123,240.0,-0.08949011446409989,0.04357212953876349,-0.12121212121212122
2013-07-03,-8.25,-10.0,1.8113876482558011,-8.25,6.0,40,-4.0,110,0.0034832263874138435,-0.31771723896939497,0.07411146488571355,240.0,-0.08949011446409989,0.04357212953876349,-0.12121212121212122
2013-07-04,-8.25,-10.25,1.7974556704738875,-8.25,6.0,41,-4.0,111,0.019621796683916653,-0.31771723896939497,0.07468063362289218,240.0,-0.08949011446409989,0.04357212953876349,-0.12121212121212122
2013-07-05,-8.25,-10.5,1.783551104075974,-8.25,6.0,42,-4.0,112,0.03058866893647572,-0.31771723896939497,0.07102075688218011,231.75,-0.08949011446409989,0.04357212953876349,-0.12121212121212122
2013-07-08,-8.25,-10.75,1.769673832671012,-8.25,6.0,43,-4.0,115,0.0398947484812937,-0.31771723896939497,0.07041297824923119,229.5,-0.08949011446409989,0.04357212953876349,-0.12121212121212122
2013-07-09,-8.25,-11.0,1.7558237405918204,-8.25,6.0,44,-4.0,116,0.050065950671116737,-0.31771723896939497,0.07285314728300958,233.25,-0.08949011446409989,0.04357212953876349,-0.12121212121212122
2013-07-10,-8.25,-11.25,1.7420007128892085,-8.25,6.0,45,-4.0,117,0.06026806870559341,-0.31771723896939497,0.07451251790874433,235.5,-0.08949011446409989,0.04357212953876349,-0.12121212121212122
2013-07-11,-8.25,-11.5,1.7282046353261586,-8.25,6.0,46,-4.0,118,0.06918963200054855,-0.31771723896939497,0.07411854650116928,233.75,-0.08949011446409989,0.04357212953876349,-0.12121212121212122
2013-07-12,-8.25,-11.75,1.714435394372068,-8.25,6.0,47,-4.0,119,0.07574646796494995,-0.31771723896939497,0.0715474653176794,227.75,-0.08949011446409989,0.04357212953876349,-0.12121212121212122
2013-07-15,-8.25,-12.0,1.7006928771970466,-8.25,6.0,48,-4.0,122,0.08237066151670115,-0.31771723896939497,0.07265842638762085,229.0,-0.08949011446409989,0.04357212953876349,-0.12121212121212122
2013-07-16,3.6666666666666665,5.444444444444445,1.7229183808064372,2.2222222222222223,6.0,49,9.0,123,0.08013652163302329,-0.31771723896939497,0.21919384686560262,238.75,-0.08949011446409989,0.04357212953876349,0.2727272727272727
2013-07-17,3.6666666666666665,5.555555555555555,1.7450270952624871,2.2222222222222223,6.0,50,9.0,124,0.07839694390750701,-0.31771723896939497,0.21684078777418359,236.5,-0.08949011446409989,0.04357212953876349,0.2727272727272727
2013-07-18,5.5,8.5,1.760679470209877,3.8333333333333335,6.0,51,6.0,125,0.07811208756579816,-0.31771723896939497,0.1827063209625487,234.25,-0.08949011446409989,0.04357212953876349,0.18181818181818182
2013-07-19,1.064516129032258,1.6451612903225807,1.794557824858948,0.0,6.0,51,31.0,126,0.07150870655169425,-0.31771723896939497,0.45346421870812115,253.0,-0.08949011446409989,0.04357212953876349,0.9393939393939394
2013-07-22,1.064516129032258,1.6451612903225807,1.8281031813184454,0.0,6.0,51,31.0,129,0.06266989326076768,-0.31771723896939497,0.450973789387683,255.5,-0.08949011446409989,0.04357212953876349,0.9393939393939394
2013-07-23,1.064516129032258,1.6451612903225807,1.8612846703696733,0.0,6.0,51,31.0,130,0.04692113163287825,-0.31771723896939497,0.4510998307952623,263.0,-0.08949011446409989,0.04357212953876349,0.9393939393939394
2013-07-24,1.064516129032258,1.6451612903225807,1.8940836208904406,0.0,6.0,51,31.0,131,0.030672866969843293,-0.31771723896939497,0.4481281777259626,264.25,-0.08949011446409989,0.04357212953876349,0.9393939393939394
2013-07-25,1.064516129032258,1.6451612903225807,1.926489929650385,0.0,6.0,51,31.0,132,0.015574197327236828,-0.31771723896939497,0.4443431728408242,263.75,-0.08949011446409989,0.04357212953876349,0.9393939393939394
2013-07-26,1.064516129032258,1.6451612903225807,1.9584995443731383,0.0,6.0,51,31.0,133,0.005994516417058784,-0.31771723896939497,0.43796988511572904,258.0,-0.08949011446409989,0.04357212953876349,0.9393939393939394
2013-07-29,1.064516129032258,1.6451612903225807,1.990112694289505,0.0,6.0,51,31.0,136,-0.00538400329226926,-0.31771723896939497,0.43584902704227113,260.5,-0.08949011446409989,0.04357212953876349,0.9393939393939394
2013-07-30,1.064516129032258,1.6451612903225807,2.0213326314890585,0.0,6.0,51,31.0,137,-0.01918505062531152,-0.31771723896939497,0.4343012141565487,264.0,-0.08949011446409989,0.04357212953876349,0.9393939393939394
2013-07-31,1.064516129032258,1.6451612903225807,2.0521647267842167,0.0,6.0,51,31.0,138,-0.04107876879413988,-0.31771723896939497,0.43699264916370184,275.75,-0.08949011446409989,0.04357212953876349,0.9393939393939394
2013-08-01,1.064516129032258,1.6451612903225807,2.0826158150164984,0.0,6.0,51,31.0,139,-0.06006678339079044,-0.31771723896939497,0.4327870510875063,273.75,-0.08949011446409989,0.04357212953876349,0.9393939393939394
2013-08-02,1.064516129032258,1.6451612903225807,2.1126937180166516,0.0,6.0,51,31.0,140,-0.07568382770951515,-0.31771723896939497,0.42788620368609154,270.25,-0.08949011446409989,0.04357212953876349,0.9393939393939394
2013-08-05,1.064516129032258,1.6451612903225807,2.1424068954523547,0.0,6.0,51,31.0,143,-0.09004621954540715,-0.31771723896939497,0.42443698045160455,269.5,-0.08949011446409989,0.04357212953876349,0.9393939393939394
2013-08-06,0.8918918918918919,1.3783783783783783,2.16841181290885,0.0,6.0,51,37.0,144,-0.10673161403235457,-0.31771723896939497,0.4789202706678435,274.0,-0.08949011446409989,0.04357212953876349,1.121212121212121
2013-08-07,0.8918918918918919,1.3783783783783783,2.194486926643454,0.0,6.0,51,37.0,145,-0.12394514418044109,-0.31771723896939497,0.4762891701937638,275.75,-0.08949011446409989,0.04357212953876349,1.121212121212121
2013-08-08,0.8918918918918919,1.3783783783783783,2.2205782489000767,0.0,6.0,51,37.0,146,-0.14101408104270824,-0.31771723896939497,0.47334462543847006,276.75,-0.08949011446409989,0.04357212953876349,1.121212121212121
2013-08-09,0.9428571428571428,1.457142857142857,2.2477829132468696,0.05714285714285714,6.0,51,35.0,147,-0.15616655644746705,-0.31771723896939497,0.45134349518073436,275.25,-0.08949011446409989,0.04357212953876349,1.0606060606060606
2013-08-12,0.9428571428571428,1.457142857142857,2.2747930663412586,0.05714285714285714,6.0,51,35.0,150,-0.17122572252750914,-0.31771723896939497,0.44882659406089837,276.5,-0.08949011446409989,0.04357212953876349,1.0606060606060606
2013-08-13,0.9428571428571428,1.457142857142857,2.3016013696947977,0.05714285714285714,6.0,51,35.0,151,-0.18804453142708966,-0.31771723896939497,0.44863326802873404,282.25,-0.08949011446409989,0.04357212953876349,1.0606060606060606
2013-08-14,1.65,2.55,2.3270138665438096,0.85,6.0,51,20.0,152,-0.19091471691731834,-0.31771723896939497,0.3098709313820598,271.0,-0.08949011446409989,0.04357212953876349,0.6060606060606061
2013-08-15,1.65,2.55,2.352208337125106,0.85,6.0,51,20.0,153,-0.1937361571802293,-0.31771723896939497,0.3071327263576886,269.0,-0.08949011446409989,0.04357212953876349,0.6060606060606061
2013-08-16,1.65,2.55,2.3771897736472676,0.85,6.0,51,20.0,154,-0.19585979953003377,-0.31771723896939497,0.3079467797777657,274.0,-0.08949011446409989,0.04357212953876349,0.6060606060606061
2013-08-19,1.65,2.55,2.4019629908555946,0.85,6.0,51,20.0,157,-0.19722885343063856,-0.31771723896939497,0.3082848524024995,278.0,-0.08949011446409989,0.04357212953876349,0.6060606060606061
2013-08-20,1.65,2.55,2.426532634436353,0.85,6.0,51,20.0,158,-0.19718096413068115,-0.31771723896939497,0.310031351447503,284.75,-0.08949011446409989,0.04357212953876349,0.6060606060606061
2013-08-21,1.65,2.55,2.450903188928331,0.85,6.0,51,20.0,159,-0.19365301499184298,-0.31771723896939497,0.3150669239648594,298.0,-0.08949011446409989,0.04357212953876349,0.6060606060606061
2013-08-22,1.65,2.55,2.475078985175976,0.85,6.0,51,20.0,160,-0.19162268508735378,-0.31771723896939497,0.31171424829753797,294.5,-0.08949011446409989,0.04357212953876349,0.6060606060606061
2013-08-23,1.65,2.55,2.4990642073555738,0.85,6.0,51,20.0,161,-0.1898007856708026,-0.31771723896939497,0.3102712943578386,294.75,-0.08949011446409989,0.04357212953876349,0.6060606060606061
2013-08-26,1.65,2.55,2.522862899603482,0.85,6.0,51,20.0,164,-0.1882060051321959,-0.31771723896939497,0.3087285360354568,294.75,-0.08949011446409989,0.04357212953876349,0.6060606060606061
2013-08-27,1.65,2.55,2.546478972273134,0.85,6.0,51,20.0,165,-0.18684938169412432,-0.31771723896939497,0.30708551038613485,294.5,-0.08949011446409989,0.04357212953876349,0.6060606060606061
2013-08-28,1.65,2.55,2.5699162078454996,0.85,6.0,51,20.0,166,-0.18352419691992983,-0.31771723896939497,0.3104770465300349,304.25,-0.08949011446409989,0.04357212953876349,0.6060606060606061
2013-08-29,1.65,2.55,2.5931782665157437,0.85,6.0,51,20.0,167,-0.18031319058717873,-0.31771723896939497,0.3097563011183442,305.75,-0.08949011446409989,0.04357212953876349,0.6060606060606061
2013-08-30,1.65,2.55,2.6162686914771647,0.85,6.0,51,20.0,168,-0.17693602120128016,-0.31771723896939497,0.3096836505927415,308.5,-0.08949011446409989,0.04357212953876349,0.6060606060606061
2013-09-02,1.65,2.55,2.6391909139218614,0.85,6.0,51,20.0,171,-0.17400621628663604,-0.31771723896939497,0.30825658731004846,308.5,-0.08949011446409989,0.04357212953876349,0.6060606060606061
2013-09-03,1.65,2.55,2.661948257776167,0.85,6.0,51,20.0,172,-0.1708217367777942,-0.31771723896939497,0.30847662601626014,311.75,-0.08949011446409989,0.04357212953876349,0.6060606060606061
2013-09-04,1.65,2.55,2.6845439441875545,0.85,6.0,51,20.0,173,-0.16847710220739565,-0.31771723896939497,0.3058430462188261,309.25,-0.08949011446409989,0.04357212953876349,0.6060606060606061
2013-09-05,1.65,2.55,2.706981095778505,0.85,6.0,51,20.0,174,-0.16586397613079457,-0.31771723896939497,0.3061038961038961,312.5,-0.08949011446409989,0.04357212953876349,0.6060606060606061
2013-09-06,1.65,2.55,2.729262740681713,0.85,6.0,51,20.0,175,-0.1623369999162411,-0.31771723896939497,0.3083806829438382,319.75,-0.08949011446409989,0.04357212953876349,0.6060606060606061
2013-09-09,1.65,2.55,2.7513918163699884,0.85,6.0,51,20.0,178,-0.15892824530860516,-0.31771723896939497,0.30805416725603907,321.75,-0.08949011446409989,0.04357212953876349,0.6060606060606061
2013-09-10,1.65,2.55,2.773371173293272,0.85,6.0,51,20.0,179,-0.1557512673970982,-0.31771723896939497,0.3073721945137157,323.0,-0.08949011446409989,0.04357212953876349,0.6060606060606061
2013-09-11,0.717391304347826,1.108695652173913,2.7841306419553544,0.0,6.0,51,46.0,180,-0.17073723992712309,-0.31771723896939497,0.504395727546044,342.5,-0.08949011446409989,0.04357212953876349,1.393939393939394
2013-09-12,0.7021276595744681,1.0851063829787233,2.794800375654165,0.0,6.0,51,47.0,181,-0.18483946470025064,-0.31771723896939497,0.5091468322410027,343.25,-0.08949011446409989,0.04357212953876349,1.4242424242424243
2013-09-13,0.6,0.9272727272727272,2.795722898810559,0.0,6.0,51,55.0,182,-0.20204865855887333,-0.31771723896939497,0.5663861728657887,349.25,-0.08949011446409989,0.04357212953876349,1.6666666666666667
2013-09-16,0.6,0.9272727272727272,2.7992288252861304,0.0,6.0,51,55.0,185,-0.21732772016111168,-0.31771723896939497,0.5612659698025552,345.5,-0.08949011446409989,0.04357212953876349,1.6666666666666667
2013-09-17,0.6,0.9272727272727272,2.80487987710669,0.0,6.0,51,55.0,186,-0.23162611963086724,-0.31771723896939497,0.5588074664272622,347.0,-0.08949011446409989,0.04357212953876349,1.6666666666666667
2013-09-18,0.6,0.9272727272727272,2.8123254686932575,0.0,6.0,51,55.0,187,-0.24489845986448538,-0.31771723896939497,0.555897786057282,347.5,-0.08949011446409989,0.04357212953876349,1.6666666666666667
2013-09-19,0.6,0.9272727272727272,2.821281992281144,0.0,6.0,51,55.0,188,-0.25746886132738306,-0.31771723896939497,0.5548974670495546,351.75,-0.08949011446409989,0.04357212953876349,1.6666666666666667
2013-09-20,0.5892857142857143,0.9107142857142857,2.8304511386754494,0.0,6.0,51,56.0,189,-0.269535152687272,-0.31771723896939497,0.5590573039946232,352.5,-0.08949011446409989,0.04357212953876349,1.696969696969697
2013-09-23,0.4647887323943662,0.7183098591549296,2.8213354859639335,0.0,6.0,51,71.0,192,-0.28715758918538375,-0.31771723896939497,0.6636056726998601,363.75,-0.08949011446409989,0.04357212953876349,2.1515151515151514
2013-09-24,0.4647887323943662,0.7183098591549296,2.816555847827463,0.0,6.0,51,71.0,193,-0.3041582848705143,-0.31771723896939497,0.6618872945661164,368.0,-0.08949011446409989,0.04357212953876349,2.1515151515151514
2013-09-25,0.4714285714285714,0.7285714285714285,2.816566102177053,0.014285714285714285,6.0,51,70.0,194,-0.31954602709132063,-0.31771723896939497,0.6510425588100948,367.25,-0.08949011446409989,0.04357212953876349,2.121212121212121
2013-09-26,0.4714285714285714,0.7285714285714285,2.8192408287577537,0.014285714285714285,6.0,51,70.0,195,-0.3332921386539539,-0.31771723896939497,0.6441497273177987,360.75,-0.08949011446409989,0.04357212953876349,2.121212121212121
2013-09-27,0.4714285714285714,0.7285714285714285,2.824129885862714,0.014285714285714285,6.0,51,70.0,196,-0.34587954673444565,-0.31771723896939497,0.6386739205308254,357.0,-0.08949011446409989,0.04357212953876349,2.121212121212121
2013-09-30,0.4714285714285714,0.7285714285714285,2.830873131296484,0.014285714285714285,6.0,51,70.0,199,-0.35708999930270885,-0.31771723896939497,0.6318879099261243,350.5,-0.08949011446409989,0.04357212953876349,2.121212121212121
2013-10-01,0.4714285714285714,0.7285714285714285,2.8391791610611112,0.014285714285714285,6.0,51,70.0,200,-0.36612267089369865,-0.31771723896939497,0.6226788063421727,339.0,-0.08949011446409989,0.04357212953876349,2.121212121212121
2013-10-02,0.4714285714285714,0.7285714285714285,2.848809811051355,0.014285714285714285,6.0,51,70.0,201,-0.3742188927817414,-0.31771723896939497,0.6173580185826598,335.25,-0.08949011446409989,0.04357212953876349,2.121212121212121
2013-10-03,0.4714285714285714,0.7285714285714285,2.859568673008054,0.014285714285714285,6.0,51,70.0,202,-0.3825102611031332,-0.31771723896939497,0.6150533783553327,337.5,-0.08949011446409989,0.04357212953876349,2.121212121212121
2013-10-04,0.4714285714285714,0.7285714285714285,2.871292458933771,0.014285714285714285,6.0,51,70.0,203,-0.39078374094561535,-0.31771723896939497,0.6122993113441992,338.75,-0.08949011446409989,0.04357212953876349,2.121212121212121
2013-10-07,0.4714285714285714,0.7285714285714285,2.8838444207117115,0.014285714285714285,6.0,51,70.0,206,-0.3998789481093753,-0.31771723896939497,0.6128011481272351,346.5,-0.08949011446409989,0.04357212953876349,2.121212121212121
2013-10-08,0.4714285714285714,0.7285714285714285,2.8971092751015157,0.014285714285714285,6.0,51,70.0,207,-0.40959359295341,-0.31771723896939497,0.6153186519853187,358.25,-0.08949011446409989,0.04357212953876349,2.121212121212121
2013-10-09,0.4714285714285714,0.7285714285714285,2.9109892465868255,0.014285714285714285,6.0,51,70.0,208,-0.4190337658239538,-0.31771723896939497,0.6160227445888019,366.25,-0.08949011446409989,0.04357212953876349,2.121212121212121
2013-10-10,0.4714285714285714,0.7285714285714285,2.9254009507516288,0.014285714285714285,6.0,51,70.0,209,-0.4278594033089249,-0.31771723896939497,0.6154086498931097,371.5,-0.08949011446409989,0.04357212953876349,2.121212121212121
2013-10-11,0.4714285714285714,0.7285714285714285,2.940272916944525,0.014285714285714285,6.0,51,70.0,210,-0.4362237245220278,-0.31771723896939497,0.6110120563762947,369.0,-0.08949011446409989,0.04357212953876349,2.121212121212121
2013-10-14,0.4714285714285714,0.7285714285714285,2.95554360232217,0.014285714285714285,6.0,51,70.0,213,-0.44415996856250034,-0.31771723896939497,0.6071502684755259,367.5,-0.08949011446409989,0.04357212953876349,2.121212121212121
2013-10-15,0.4714285714285714,0.7285714285714285,2.971159787274874,0.014285714285714285,6.0,51,70.0,214,-0.4513368534118869,-0.31771723896939497,0.6078857979973599,375.25,-0.08949011446409989,0.04357212953876349,2.121212121212121
2013-10-16,0.4714285714285714,0.7285714285714285,2.9870752695373426,0.014285714285714285,6.0,51,70.0,215,-0.4583265346382857,-0.31771723896939497,0.6026252182086747,370.75,-0.08949011446409989,0.04357212953876349,2.121212121212121
2013-10-17,0.4714285714285714,0.7285714285714285,3.0032497941823113,0.014285714285714285,6.0,51,70.0,216,-0.46506500053848926,-0.31771723896939497,0.5981434150368301,367.75,-0.08949011446409989,0.04357212953876349,2.121212121212121
2013-10-18,0.4714285714285714,0.7285714285714285,3.0196481713545853,0.014285714285714285,6.0,51,70.0,217,-0.471570008509266,-0.31771723896939497,0.5935777618020609,364.5,-0.08949011446409989,0.04357212953876349,2.121212121212121
2013-10-21,0.4714285714285714,0.7285714285714285,3.036239544517197,0.014285714285714285,6.0,51,70.0,220,-0.4778489192539861,-0.31771723896939497,0.5883131666134316,359.75,-0.08949011446409989,0.04357212953876349,2.121212121212121
2013-10-22,0.4714285714285714,0.7285714285714285,3.052996780185578,0.014285714285714285,6.0,51,70.0,221,-0.4837450570822147,-0.31771723896939497,0.5888610705066402,366.75,-0.08949011446409989,0.04357212953876349,2.121212121212121
2013-10-23,0.38823529411764707,0.6,3.062352135516349,0.0,6.0,51,85.0,222,-0.49343524603801375,-0.31771723896939497,0.6785008216876104,378.0,-0.08949011446409989,0.04357212953876349,2.5757575757575757
2013-10-24,0.38823529411764707,0.6,3.072569282986415,0.0,6.0,51,85.0,223,-0.5028673724621596,-0.31771723896939497,0.6768071919489446,381.5,-0.08949011446409989,0.04357212953876349,2.5757575757575757
2013-10-25,0.38823529411764707,0.6,3.0835398926126825,0.0,6.0,51,85.0,224,-0.511613834671884,-0.31771723896939497,0.6698786716973771,374.25,-0.08949011446409989,0.04357212953876349,2.5757575757575757
2013-10-28,0.38823529411764707,0.6,3.0951709303399753,0.0,6.0,51,85.0,227,-0.5197517433070836,-0.31771723896939497,0.6642205389957556,369.5,-0.08949011446409989,0.04357212953876349,2.5757575757575757
2013-10-29,0.38823529411764707,0.6,3.107382106474695,0.0,6.0,51,85.0,228,-0.5275320594534212,-0.31771723896939497,0.6601978828341153,368.0,-0.08949011446409989,0.04357212953876349,2.5757575757575757
2013-10-30,0.3626373626373626,0.5604395604395604,3.116987244821776,0.0,6.0,51,91.0,229,-0.5361024791773241,-0.31771723896939497,0.6928006357476608,372.5,-0.08949011446409989,0.04357212953876349,2.757575757575758
2013-10-31,0.3626373626373626,0.5604395604395604,3.1273626087839155,0.0,6.0,51,91.0,230,-0.544889734811732,-0.31771723896939497,0.6916963464221055,377.25,-0.08949011446409989,0.04357212953876349,2.757575757575758
2013-11-01,0.3235294117647059,0.5,3.132101583992002,0.0,6.0,51,102.0,231,-0.5552920368870023,-0.31771723896939497,0.7532243511490897,385.5,-0.08949011446409989,0.04357212953876349,3.090909090909091
2013-11-04,0.2682926829268293,0.4146341463414634,3.122850275833901,0.0,6.0,51,123.0,234,-0.5681006378423941,-0.31771723896939497,0.8726570830940859,401.25,-0.08949011446409989,0.04357212953876349,3.727272727272727
2013-11-05,0.2682926829268293,0.4146341463414634,3.1169791184529667,0.0,6.0,51,123.0,235,-0.5807320224808198,-0.31771723896939497,0.8684509256025148,401.75,-0.08949011446409989,0.04357212953876349,3.727272727272727
2013-11-06,0.2682926829268293,0.4146341463414634,3.1139505637287725,0.0,6.0,51,123.0,236,-0.5930649186197962,-0.31771723896939497,0.8640520976128917,401.75,-0.08949011446409989,0.04357212953876349,3.727272727272727
2013-11-07,0.2682926829268293,0.4146341463414634,3.1133310953114046,0.0,6.0,51,123.0,237,-0.6056791610358753,-0.31771723896939497,0.8609256013103824,404.25,-0.08949011446409989,0.04357212953876349,3.727272727272727
2013-11-08,0.2682926829268293,0.4146341463414634,3.1147672521908745,0.0,6.0,51,123.0,238,-0.616089902446439,-0.31771723896939497,0.8527210971765351,396.25,-0.08949011446409989,0.04357212953876349,3.727272727272727
2013-11-11,0.2682926829268293,0.4146341463414634,3.1179680157563827,0.0,6.0,51,123.0,241,-0.6274937280665165,-0.31771723896939497,0.8509142292893868,401.25,-0.08949011446409989,0.04357212953876349,3.727272727272727
2013-11-12,0.2682926829268293,0.4146341463414634,3.1226916655136443,0.0,6.0,51,123.0,242,-0.638135476708904,-0.31771723896939497,0.845616805301001,399.0,-0.08949011446409989,0.04357212953876349,3.727272727272727
2013-11-13,0.2682926829268293,0.4146341463414634,3.1287358293964598,0.0,6.0,51,123.0,243,-0.6444166530607648,-0.31771723896939497,0.8340296575261856,383.75,-0.08949011446409989,0.04357212953876349,3.727272727272727
2013-11-14,0.2682926829268293,0.4146341463414634,3.1359298549180115,0.0,6.0,51,123.0,244,-0.6507655583740732,-0.31771723896939497,0.8301719576719577,384.25,-0.08949011446409989,0.04357212953876349,3.727272727272727
2013-11-15,0.2682926829268293,0.4146341463414634,3.1441288911577456,0.0,6.0,51,123.0,245,-0.6566372883480662,-0.31771723896939497,0.8255075720674844,383.0,-0.08949011446409989,0.04357212953876349,3.727272727272727
2013-11-18,0.2682926829268293,0.4146341463414634,3.1532092487660117,0.0,6.0,51,123.0,248,-0.6615512828486093,-0.31771723896939497,0.8201586816959054,380.25,-0.08949011446409989,0.04357212953876349,3.727272727272727
2013-11-19,0.2682926829268293,0.4146341463414634,3.1630647263227423,0.0,6.0,51,123.0,249,-0.6683154547890325,-0.31771723896939497,0.8192350802372946,386.5,-0.08949011446409989,0.04357212953876349,3.727272727272727
2013-11-20,0.2682926829268293,0.4146341463414634,3.173603675574616,0.0,6.0,51,123.0,250,-0.6740262004592775,-0.31771723896939497,0.8137315772884377,383.25,-0.08949011446409989,0.04357212953876349,3.727272727272727
2013-11-21,0.2682926829268293,0.4146341463414634,3.1847466374474984,0.0,6.0,51,123.0,251,-0.6803222746499822,-0.31771723896939497,0.8109463620158808,385.5,-0.08949011446409989,0.04357212953876349,3.727272727272727
2013-11-22,0.2682926829268293,0.4146341463414634,3.1964244231761065,0.0,6.0,51,123.0,252,-0.6860971259458146,-0.31771723896939497,0.8063801684841261,384.0,-0.08949011446409989,0.04357212953876349,3.727272727272727
2013-11-25,0.2682926829268293,0.4146341463414634,3.208576545620307,0.0,6.0,51,123.0,255,-0.6912008997019659,-0.31771723896939497,0.8016133938911987,382.0,-0.08949011446409989,0.04357212953876349,3.727272727272727
2013-11-26,0.2682926829268293,0.4146341463414634,3.2211499283424994,0.0,6.0,51,123.0,256,-0.6982543724124582,-0.31771723896939497,0.8013787203565176,389.25,-0.08949011446409989,0.04357212953876349,3.727272727272727
2013-11-27,0.2682926829268293,0.4146341463414634,3.2340978366825515,0.0,6.0,51,123.0,257,-0.7049469066482904,-0.31771723896939497,0.7971779212286142,388.25,-0.08949011446409989,0.04357212953876349,3.727272727272727
2013-11-28,0.2682926829268293,0.4146341463414634,3.2473789875276,0.0,6.0,51,123.0,258,-0.7115424179840245,-0.31771723896939497,0.7935021102576874,388.25,-0.08949011446409989,0.04357212953876349,3.727272727272727
2013-11-29,0.2682926829268293,0.4146341463414634,3.260956803880991,0.0,6.0,51,123.0,259,-0.7180430010746114,-0.31771723896939497,0.7898652135161759,388.25,-0.08949011446409989,0.04357212953876349,3.727272727272727
2013-12-02,0.2682926829268293,0.4146341463414634,3.2747987874989417,0.0,6.0,51,123.0,262,-0.724635996929114,-0.31771723896939497,0.7866299796874352,389.0,-0.08949011446409989,0.04357212953876349,3.727272727272727
2013-12-03,0.2682926829268293,0.4146341463414634,3.2888759883650134,0.0,6.0,51,123.0,263,-0.7289944103155127,-0.31771723896939497,0.7791947864612849,381.0,-0.08949011446409989,0.04357212953876349,3.727272727272727
2013-12-04,0.2682926829268293,0.4146341463414634,3.3031625540299463,0.0,6.0,51,123.0,264,-0.7334449832263344,-0.31771723896939497,0.7759146575700303,381.5,-0.08949011446409989,0.04357212953876349,3.727272727272727
2013-12-05,0.2682926829268293,0.4146341463414634,3.3176353451634304,0.0,6.0,51,123.0,265,-0.7378418273295347,-0.31771723896939497,0.7724288951697095,381.5,-0.08949011446409989,0.04357212953876349,3.727272727272727
2013-12-06,0.2682926829268293,0.4146341463414634,3.3322736062694918,0.0,6.0,51,123.0,266,-0.7420435328489092,-0.31771723896939497,0.7687372780945243,381.0,-0.08949011446409989,0.04357212953876349,3.727272727272727
2013-12-09,0.2682926829268293,0.4146341463414634,3.3470586825754927,0.0,6.0,51,123.0,269,-0.7455395702257992,-0.31771723896939497,0.764235439826003,378.75,-0.08949011446409989,0.04357212953876349,3.727272727272727
2013-12-10,0.2682926829268293,0.4146341463414634,3.361973775740927,0.0,6.0,51,123.0,270,-0.7502658214458607,-0.31771723896939497,0.7630303371630247,383.25,-0.08949011446409989,0.04357212953876349,3.727272727272727
2013-12-11,0.2682926829268293,0.4146341463414634,3.377003732340467,0.0,6.0,51,123.0,271,-0.7553247121955816,-0.31771723896939497,0.7604088368087532,384.75,-0.08949011446409989,0.04357212953876349,3.727272727272727
2013-12-12,0.2682926829268293,0.4146341463414634,3.3921348601276895,0.0,6.0,51,123.0,272,-0.7628339004903067,-0.31771723896939497,0.7627673002673002,396.5,-0.08949011446409989,0.04357212953876349,3.727272727272727
2013-12-13,0.2682926829268293,0.4146341463414634,3.407354767936113,0.0,6.0,51,123.0,273,-0.7713454958573598,-0.31771723896939497,0.763223958179509,404.25,-0.08949011446409989,0.04357212953876349,3.727272727272727
2013-12-16,0.2682926829268293,0.4146341463414634,3.422652225764888,0.0,6.0,51,123.0,276,-0.7798463657976905,-0.31771723896939497,0.7606962440464244,405.75,-0.08949011446409989,0.04357212953876349,3.727272727272727
2013-12-17,0.2682926829268293,0.4146341463414634,3.4380170421602285,0.0,6.0,51,123.0,277,-0.7887900967157111,-0.31771723896939497,0.7615735669952537,414.25,-0.08949011446409989,0.04357212953876349,3.727272727272727
2013-12-18,0.2682926829268293,0.4146341463414634,3.4534399564659206,0.0,6.0,51,123.0,278,-0.7959715514841748,-0.31771723896939497,0.7506771574636186,398.25,-0.08949011446409989,0.04357212953876349,3.727272727272727
2013-12-19,0.2682926829268293,0.4146341463414634,3.4689125438969075,0.0,6.0,51,123.0,279,-0.8025620458725764,-0.31771723896939497,0.7460784785748675,395.25,-0.08949011446409989,0.04357212953876349,3.727272727272727
2013-12-20,0.2682926829268293,0.4146341463414634,3.4844271317047415,0.0,6.0,51,123.0,280,-0.8096852941070039,-0.31771723896939497,0.7450009337336417,399.5,-0.08949011446409989,0.04357212953876349,3.727272727272727
2013-12-23,0.2682926829268293,0.4146341463414634,3.499976724965042,0.0,6.0,51,123.0,283,-0.8157701735123459,-0.31771723896939497,0.7390215211997391,393.5,-0.08949011446409989,0.04357212953876349,3.727272727272727
2013-12-24,0.2682926829268293,0.4146341463414634,3.5155549407348947,0.0,6.0,51,123.0,284,-0.8217666856364624,-0.31771723896939497,0.7359594069723381,393.5,-0.08949011446409989,0.04357212953876349,3.727272727272727
2013-12-25,0.2682926829268293,0.4146341463414634,3.5311559495103126,0.0,6.0,51,123.0,285,-0.8276767415650311,-0.31771723896939497,0.7329267603245047,393.5,-0.08949011446409989,0.04357212953876349,3.727272727272727
2013-12-26,0.2682926829268293,0.4146341463414634,3.5467744230668146,0.0,6.0,51,123.0,286,-0.8338580015236895,-0.31771723896939497,0.7310038424591738,395.75,-0.08949011446409989,0.04357212953876349,3.727272727272727
2013-12-27,0.2682926829268293,0.4146341463414634,3.562405487894914,0.0,6.0,51,123.0,287,-0.8395954310023197,-0.31771723896939497,0.7269481563652126,393.5,-0.08949011446409989,0.04357212953876349,3.727272727272727
2013-12-30,0.2682926829268293,0.4146341463414634,3.5780446835511936,0.0,6.0,51,123.0,290,-0.8451703579600184,-0.31771723896939497,0.7237614398175192,393.0,-0.08949011446409989,0.04357212953876349,3.727272727272727
2013-12-31,0.2682926829268293,0.4146341463414634,3.5936879253377993,0.0,6.0,51,123.0,291,-0.8488611179336755,-0.31771723896939497,0.7164061058845231,383.75,-0.08949011446409989,0.04357212953876349,3.727272727272727
2014-01-01,0.2682926829268293,0.4146341463414634,3.6093314708016386,0.0,6.0,51,123.0,292,-0.8525111689746171,-0.31771723896939497,0.7135167464114832,383.75,-0.08949011446409989,0.04357212953876349,3.727272727272727
2014-01-02,0.2682926829268293,0.4146341463414634,3.624971889611354,0.0,6.0,51,123.0,293,-0.8552288005642413,-0.31771723896939497,0.7088575535628723,380.0,-0.08949011446409989,0.04357212953876349,3.727272727272727
2014-01-03,0.2682926829268293,0.4146341463414634,3.6406060364273274,0.0,6.0,51,123.0,294,-0.8603207038023267,-0.31771723896939497,0.711530342648581,391.5,-0.08949011446409989,0.04357212953876349,3.727272727272727
2014-01-06,0.2682926829268293,0.4146341463414634,3.6562310264289257,0.0,6.0,51,123.0,297,-0.8666487204085792,-0.31771723896939497,0.713506055980563,401.5,-0.08949011446409989,0.04357212953876349,3.727272727272727
2014-01-07,0.2682926829268293,0.4146341463414634,3.671844213205276,0.0,6.0,51,123.0,298,-0.8731304097719585,-0.31771723896939497,0.7122734011725858,404.75,-0.08949011446409989,0.04357212953876349,3.727272727272727
2014-01-08,0.2682926829268293,0.4146341463414634,3.687443168752157,0.0,6.0,51,123.0,299,-0.8784330476697432,-0.31771723896939497,0.7046085359149359,394.5,-0.08949011446409989,0.04357212953876349,3.727272727272727
2014-01-09,0.2682926829268293,0.4146341463414634,3.7030256653488696,0.0,6.0,51,123.0,300,-0.8836280079385468,-0.31771723896939497,0.7017536351104984,394.25,-0.08949011446409989,0.04357212953876349,3.727272727272727
2014-01-10,0.2682926829268293,0.4146341463414634,3.7185896591160987,0.0,6.0,51,123.0,301,-0.887748260790775,-0.31771723896939497,0.6960569623613102,388.0,-0.08949011446409989,0.04357212953876349,3.727272727272727
2014-01-13,0.2682926829268293,0.4146341463414634,3.734133275079266,0.0,6.0,51,123.0,304,-0.8909299919037738,-0.31771723896939497,0.6912233328491763,383.5,-0.08949011446409989,0.04357212953876349,3.727272727272727
2014-01-14,0.2682926829268293,0.4146341463414634,3.749654793582335,0.0,6.0,51,123.0,305,-0.8943899353885767,-0.31771723896939497,0.6892798493573602,385.0,-0.08949011446409989,0.04357212953876349,3.727272727272727
2014-01-15,0.2682926829268293,0.4146341463414634,3.765152637914849,0.0,6.0,51,123.0,306,-0.8985569722516793,-0.31771723896939497,0.6885522325630032,389.0,-0.08949011446409989,0.04357212953876349,3.727272727272727
2014-01-16,0.2682926829268293,0.4146341463414634,3.7806253630305307,0.0,6.0,51,123.0,307,-0.9022283994239662,-0.31771723896939497,0.6847466077079811,386.5,-0.08949011446409989,0.04357212953876349,3.727272727272727
2014-01-17,0.2682926829268293,0.4146341463414634,3.796071645249392,0.0,6.0,51,123.0,308,-0.9051083583739243,-0.31771723896939497,0.6803694749147001,382.75,-0.08949011446409989,0.04357212953876349,3.727272727272727
2014-01-20,0.2682926829268293,0.4146341463414634,3.8114902728472178,0.0,6.0,51,123.0,311,-0.9079594606809707,-0.31771723896939497,0.6778034585323771,382.75,-0.08949011446409989,0.04357212953876349,3.727272727272727
2014-01-21,0.2682926829268293,0.4146341463414634,3.8268801374467545,0.0,6.0,51,123.0,312,-0.9096941095101551,-0.31771723896939497,0.6729980781550289,378.0,-0.08949011446409989,0.04357212953876349,3.727272727272727
2014-01-22,0.2682926829268293,0.4146341463414634,3.842240226134186,0.0,6.0,51,123.0,313,-0.9122807937645031,-0.31771723896939497,0.6722627830284899,381.75,-0.08949011446409989,0.04357212953876349,3.727272727272727
2014-01-23,0.2682926829268293,0.4146341463414634,3.857569614232549,0.0,6.0,51,123.0,314,-0.912524589551725,-0.31771723896939497,0.6653631462099587,372.5,-0.08949011446409989,0.04357212953876349,3.727272727272727
2014-01-24,0.2682926829268293,0.4146341463414634,3.8728674586709357,0.0,6.0,51,123.0,315,-0.9144527190278282,-0.31771723896939497,0.6659786482858453,379.0,-0.08949011446409989,0.04357212953876349,3.727272727272727
2014-01-27,0.2682926829268293,0.4146341463414634,3.8881329918946683,0.0,6.0,51,123.0,318,-0.9193766608982109,-0.31771723896939497,0.6720783571464465,397.0,-0.08949011446409989,0.04357212953876349,3.727272727272727
2014-01-28,0.2682926829268293,0.4146341463414634,3.9033655162672414,0.0,6.0,51,123.0,319,-0.9235408598998383,-0.31771723896939497,0.6669083635454431,391.25,-0.08949011446409989,0.04357212953876349,3.727272727272727
2014-01-29,0.2682926829268293,0.4146341463414634,3.9185643989197962,0.0,6.0,51,123.0,320,-0.92732177013036,-0.31771723896939497,0.6634236969025906,389.0,-0.08949011446409989,0.04357212953876349,3.727272727272727
2014-01-30,0.2682926829268293,0.4146341463414634,3.9337290670083176,0.0,6.0,51,123.0,321,-0.9323015657264039,-0.31771723896939497,0.6661304966880585,399.75,-0.08949011446409989,0.04357212953876349,3.727272727272727
2014-01-31,0.2682926829268293,0.4146341463414634,3.9488590033427022,0.0,6.0,51,123.0,322,-0.9372080065628164,-0.31771723896939497,0.6637531112151605,399.75,-0.08949011446409989,0.04357212953876349,3.727272727272727
2014-02-03,0.2682926829268293,0.4146341463414634,3.96395374235531,0.0,6.0,51,123.0,325,-0.9420604420133961,-0.31771723896939497,0.6615142819770768,400.0,-0.08949011446409989,0.04357212953876349,3.727272727272727
2014-02-04,0.2682926829268293,0.4146341463414634,3.979012866379783,0.0,6.0,51,123.0,326,-0.9464829285812633,-0.31771723896939497,0.6571623985517564,395.75,-0.08949011446409989,0.04357212953876349,3.727272727272727
2014-02-05,0.2682926829268293,0.4146341463414634,3.9940360022136665,0.0,6.0,51,123.0,327,-0.9513894185405832,-0.31771723896939497,0.6585164401365254,403.5,-0.08949011446409989,0.04357212953876349,3.727272727272727
2014-02-06,0.2682926829268293,0.4146341463414634,4.009022817940913,0.0,6.0,51,123.0,328,-0.9562359348493437,-0.31771723896939497,0.6564534977433913,404.0,-0.08949011446409989,0.04357212953876349,3.727272727272727
2014-02-07,0.2682926829268293,0.4146341463414634,4.023973019992557,0.0,6.0,51,123.0,329,-0.9608961465714652,-0.31771723896939497,0.6529895641990262,401.5,-0.08949011446409989,0.04357212953876349,3.727272727272727
2014-02-10,0.2682926829268293,0.4146341463414634,4.038886350425864,0.0,6.0,51,123.0,332,-0.9652008302539501,-0.31771723896939497,0.6487177107409314,397.25,-0.08949011446409989,0.04357212953876349,3.727272727272727
2014-02-11,0.2682926829268293,0.4146341463414634,4.0537625844040654,0.0,6.0,51,123.0,333,-0.9696617461065004,-0.31771723896939497,0.6478941931382483,400.25,-0.08949011446409989,0.04357212953876349,3.727272727272727
2014-02-12,0.2682926829268293,0.4146341463414634,4.068601527860413,0.0,6.0,51,123.0,334,-0.9737217323577269,-0.31771723896939497,0.6435432172489342,395.75,-0.08949011446409989,0.04357212953876349,3.727272727272727
2014-02-13,0.2682926829268293,0.4146341463414634,4.083403015331749,0.0,6.0,51,123.0,335,-0.9776370369214967,-0.31771723896939497,0.6408656117146906,394.75,-0.08949011446409989,0.04357212953876349,3.727272727272727
2014-02-14,0.2682926829268293,0.4146341463414634,4.098166907948092,0.0,6.0,51,123.0,336,-0.9817253230189205,-0.31771723896939497,0.6398588075339218,397.25,-0.08949011446409989,0.04357212953876349,3.727272727272727
2014-02-17,0.2682926829268293,0.4146341463414634,4.112893091565935,0.0,6.0,51,123.0,339,-0.9857617786997559,-0.31771723896939497,0.6376887195347876,397.25,-0.08949011446409989,0.04357212953876349,3.727272727272727
2014-02-18,0.2682926829268293,0.4146341463414634,4.127581475034027,0.0,6.0,51,123.0,340,-0.9900642142106699,-0.31771723896939497,0.638366235732588,403.25,-0.08949011446409989,0.04357212953876349,3.727272727272727
2014-02-19,0.2426470588235294,0.375,4.141129676404603,0.0,6.0,51,136.0,341,-0.9954911854296088,-0.31771723896939497,0.6879758233434584,413.0,-0.08949011446409989,0.04357212953876349,4.121212121212121
2014-02-20,0.2426470588235294,0.375,4.154677948889808,0.0,6.0,51,136.0,342,-1.0012400516667432,-0.31771723896939497,0.6878777241339514,417.75,-0.08949011446409989,0.04357212953876349,4.121212121212121
2014-02-21,0.308411214953271,0.4766355140186916,4.16987870006648,0.27102803738317754,6.0,51,107.0,343,-1.002932550732753,-0.31771723896939497,0.571087470177575,396.0,-0.08949011446409989,0.04357212953876349,3.242424242424242
2014-02-24,0.308411214953271,0.4766355140186916,4.185024647510522,0.27102803738317754,6.0,51,107.0,346,-1.0042543945996487,-0.31771723896939497,0.5706748400771594,399.0,-0.08949011446409989,0.04357212953876349,3.242424242424242
2014-02-25,0.2391304347826087,0.3695652173913043,4.198274227705429,0.0,6.0,51,138.0,347,-1.0101521103195286,-0.31771723896939497,0.6902163187855788,422.25,-0.08949011446409989,0.04357212953876349,4.181818181818182
2014-02-26,0.20245398773006135,0.3128834355828221,4.208013746800316,0.0,6.0,51,163.0,348,-1.0180138563771877,-0.31771723896939497,0.7853804682511798,441.0,-0.08949011446409989,0.04357212953876349,4.9393939393939394
2014-02-27,0.20245398773006135,0.3128834355828221,4.217912084878755,0.0,6.0,51,163.0,349,-1.0247359890067447,-0.31771723896939497,0.7803497884344147,436.0,-0.08949011446409989,0.04357212953876349,4.9393939393939394
2014-02-28,0.15348837209302327,0.2372093023255814,4.2154604264897415,0.0,6.0,51,215.0,350,-1.0294841361569993,-0.31771723896939497,0.9787541563071024,475.0,-0.08949011446409989,0.04357212953876349,6.515151515151516
2014-03-03,0.15348837209302327,0.2372093023255814,4.214004159715845,0.0,6.0,51,215.0,353,-1.0277251077017462,-0.31771723896939497,0.9698960686513528,463.5,-0.08949011446409989,0.04357212953876349,6.515151515151516
2014-03-04,0.15348837209302327,0.2372093023255814,4.2134601760535615,0.0,6.0,51,215.0,354,-1.0290468994265338,-0.31771723896939497,0.968933826940563,468.75,-0.08949011446409989,0.04357212953876349,6.515151515151516
2014-03-05,0.15348837209302327,0.2372093023255814,4.213753903871655,0.0,6.0,51,215.0,355,-1.0302175783974985,-0.31771723896939497,0.9654149284835407,468.5,-0.08949011446409989,0.04357212953876349,6.515151515151516
2014-03-06,0.15,0.2318181818181818,4.213470534115203,0.0,6.0,51,220.0,356,-1.0306861292039948,-0.31771723896939497,0.9810612331236435,472.25,-0.08949011446409989,0.04357212953876349,6.666666666666667
2014-03-07,0.13043478260869565,0.2015810276679842,4.2040045432828235,0.0,6.0,51,253.0,357,-1.0251186528262033,-0.31771723896939497,1.1026741238865447,497.0,-0.08949011446409989,0.04357212953876349,7.666666666666667
2014-03-10,0.12043795620437957,0.18613138686131386,4.188912475998746,0.0,6.0,51,274.0,360,-1.0144466024629646,-0.31771723896939497,1.178026960203341,512.75,-0.08949011446409989,0.04357212953876349,8.303030303030303
2014-03-11,0.12043795620437957,0.18613138686131386,4.176086907276741,0.0,6.0,51,274.0,361,-0.9991274381907683,-0.31771723896939497,1.1713831853747982,507.5,-0.08949011446409989,0.04357212953876349,8.303030303030303
2014-03-12,0.12043795620437957,0.18613138686131386,4.165288388394826,0.0,6.0,51,274.0,362,-0.9754356939662165,-0.31771723896939497,1.1630180541697397,498.5,-0.08949011446409989,0.04357212953876349,8.303030303030303
2014-03-13,0.12043795620437957,0.18613138686131386,4.156309312411084,0.0,6.0,51,274.0,363,-0.9430730063219733,-0.31771723896939497,1.154688456139088,489.5,-0.08949011446409989,0.04357212953876349,8.303030303030303
2014-03-14,0.12043795620437957,0.18613138686131386,4.148968770108385,0.0,6.0,51,274.0,364,-0.9159869791056481,-0.31771723896939497,1.1528252672852848,494.25,-0.08949011446409989,0.04357212953876349,8.303030303030303
2014-03-17,0.12043795620437957,0.18613138686131386,4.143108378336528,0.0,6.0,51,274.0,367,-0.8982020082003002,-0.31771723896939497,1.1532115313926392,503.75,-0.08949011446409989,0.04357212953876349,8.303030303030303
2014-03-18,0.12043795620437957,0.18613138686131386,4.138588871628912,0.0,6.0,51,274.0,368,-0.8819536550860905,-0.31771723896939497,1.1498858427205856,505.25,-0.08949011446409989,0.04357212953876349,8.303030303030303
2014-03-19,0.12043795620437957,0.18613138686131386,4.13528729807785,0.0,6.0,51,274.0,369,-0.8567341971027191,-0.31771723896939497,1.1412183488316137,495.25,-0.08949011446409989,0.04357212953876349,8.303030303030303
2014-03-20,0.12043795620437957,0.18613138686131386,4.133094697394494,0.0,6.0,51,274.0,370,-0.8273742542024742,-0.31771723896939497,1.1350360269894122,490.5,-0.08949011446409989,0.04357212953876349,8.303030303030303
2014-03-21,0.12043795620437957,0.18613138686131386,4.131914166602279,0.0,6.0,51,274.0,371,-0.8022151555642547,-0.31771723896939497,1.1329683284272276,494.5,-0.08949011446409989,0.04357212953876349,8.303030303030303
2014-03-24,0.12043795620437957,0.18613138686131386,4.131659239519981,0.0,6.0,51,274.0,374,-0.7832136483832441,-0.31771723896939497,1.1320940941360613,501.0,-0.08949011446409989,0.04357212953876349,8.303030303030303
2014-03-25,0.12043795620437957,0.18613138686131386,4.132252521912665,0.0,6.0,51,274.0,375,-0.7646458063115573,-0.31771723896939497,1.1283321156455484,501.25,-0.08949011446409989,0.04357212953876349,8.303030303030303
2014-03-26,0.12043795620437957,0.18613138686131386,4.13362453622893,0.0,6.0,51,274.0,376,-0.7585723727842221,-0.31771723896939497,1.1314717967550938,516.25,-0.08949011446409989,0.04357212953876349,8.303030303030303
2014-03-27,0.12043795620437957,0.18613138686131386,4.135712739137597,0.0,6.0,51,274.0,377,-0.7515730396148819,-0.31771723896939497,1.1270644654901758,515.0,-0.08949011446409989,0.04357212953876349,8.303030303030303
2014-03-28,0.12043795620437957,0.18613138686131386,4.138460682306841,0.0,6.0,51,274.0,378,-0.7444348141075284,-0.31771723896939497,1.1231511162876993,514.75,-0.08949011446409989,0.04357212953876349,8.303030303030303
2014-03-31,0.12043795620437957,0.18613138686131386,4.141817292532713,0.0,6.0,51,274.0,381,-0.7452134629317279,-0.31771723896939497,1.1242677852900118,525.25,-0.08949011446409989,0.04357212953876349,8.303030303030303
2014-04-01,0.12043795620437957,0.18613138686131386,4.145736251791141,0.0,6.0,51,274.0,382,-0.7410189294726929,-0.31771723896939497,1.1173839338955618,518.5,-0.08949011446409989,0.04357212953876349,8.303030303030303
2014-04-02,0.12043795620437957,0.18613138686131386,4.1501754613332285,0.0,6.0,51,274.0,383,-0.7364798203516822,-0.31771723896939497,1.113435611343561,518.0,-0.08949011446409989,0.04357212953876349,8.303030303030303
2014-04-03,0.12043795620437957,0.18613138686131386,4.15509657677503,0.0,6.0,51,274.0,384,-0.7285443122665793,-0.31771723896939497,1.1076554579249747,513.5,-0.08949011446409989,0.04357212953876349,8.303030303030303
2014-04-04,0.12043795620437957,0.18613138686131386,4.160464603406898,0.0,6.0,51,274.0,385,-0.729011296626467,-0.31771723896939497,1.1092190203087031,524.75,-0.08949011446409989,0.04357212953876349,8.303030303030303
2014-04-07,0.12043795620437957,0.18613138686131386,4.166247542783606,0.0,6.0,51,274.0,388,-0.7428769638991579,-0.31771723896939497,1.1150981801970308,545.25,-0.08949011446409989,0.04357212953876349,8.303030303030303
2014-04-08,0.12043795620437957,0.18613138686131386,4.172416083146771,0.0,6.0,51,274.0,389,-0.7565984376149779,-0.31771723896939497,1.1114815803969353,545.25,-0.08949011446409989,0.04357212953876349,8.303030303030303
2014-04-09,0.12043795620437957,0.18613138686131386,4.178943327446679,0.0,6.0,51,274.0,390,-0.7659277583845847,-0.31771723896939497,1.10464378811153,538.25,-0.08949011446409989,0.04357212953876349,8.303030303030303
2014-04-10,0.12043795620437957,0.18613138686131386,4.185804553726764,0.0,6.0,51,274.0,391,-0.7732811327125084,-0.31771723896939497,1.099688721107358,535.25,-0.08949011446409989,0.04357212953876349,8.303030303030303
2014-04-11,0.12043795620437957,0.18613138686131386,4.1929770034540175,0.0,6.0,51,274.0,392,-0.783386294142315,-0.31771723896939497,1.0982353998529018,539.75,-0.08949011446409989,0.04357212953876349,8.303030303030303
2014-04-14,0.12043795620437957,0.18613138686131386,4.200439694056412,0.0,6.0,51,274.0,395,-0.7791843377010547,-0.31771723896939497,1.0848780792263295,518.5,-0.08949011446409989,0.04357212953876349,8.303030303030303
2014-04-15,0.12043795620437957,0.18613138686131386,4.208173252491211,0.0,6.0,51,274.0,396,-0.7799624712404586,-0.31771723896939497,1.0846330650438425,525.5,-0.08949011446409989,0.04357212953876349,8.303030303030303
2014-04-16,0.12043795620437957,0.18613138686131386,4.216159767136835,0.0,6.0,51,274.0,397,-0.7748930915044028,-0.31771723896939497,1.0773523603443893,517.25,-0.08949011446409989,0.04357212953876349,8.303030303030303
2014-04-17,0.12043795620437957,0.18613138686131386,4.224382655693224,0.0,6.0,51,274.0,398,-0.7783642464764771,-0.31771723896939497,1.0795811220929288,529.5,-0.08949011446409989,0.04357212953876349,8.303030303030303
2014-04-18,0.12043795620437957,0.18613138686131386,4.2328265471048585,0.0,6.0,51,274.0,399,-0.7818104700579198,-0.31771723896939497,1.0761649353882363,529.5,-0.08949011446409989,0.04357212953876349,8.303030303030303
2014-04-21,0.12043795620437957,0.18613138686131386,4.241477175797962,0.0,6.0,51,274.0,402,-0.7808557983720932,-0.31771723896939497,1.0697685277618554,523.0,-0.08949011446409989,0.04357212953876349,8.303030303030303
2014-04-22,0.12043795620437957,0.18613138686131386,4.250321286757779,0.0,6.0,51,274.0,403,-0.7805941997305402,-0.31771723896939497,1.0668623299974338,524.0,-0.08949011446409989,0.04357212953876349,8.303030303030303
2014-04-23,0.12043795620437957,0.18613138686131386,4.2593465501705845,0.0,6.0,51,274.0,404,-0.7828493532809524,-0.31771723896939497,1.0652483170227518,527.75,-0.08949011446409989,0.04357212953876349,8.303030303030303
2014-04-24,0.12043795620437957,0.18613138686131386,4.2685414845240865,0.0,6.0,51,274.0,405,-0.7857435802866151,-0.31771723896939497,1.062386423308881,528.75,-0.08949011446409989,0.04357212953876349,8.303030303030303
2014-04-25,0.12043795620437957,0.18613138686131386,4.277895387204065,0.0,6.0,51,274.0,406,-0.7899051871176876,-0.31771723896939497,1.0600078777849633,530.75,-0.08949011446409989,0.04357212953876349,8.303030303030303
2014-04-28,0.12043795620437957,0.18613138686131386,4.287398271748384,0.0,6.0,51,274.0,409,-0.7946698068770014,-0.31771723896939497,1.0571897282378724,531.75,-0.08949011446409989,0.04357212953876349,8.303030303030303
2014-04-29,0.12043795620437957,0.18613138686131386,4.297040811025325,0.0,6.0,51,274.0,410,-0.8030583171153816,-0.31771723896939497,1.0566973624195908,537.75,-0.08949011446409989,0.04357212953876349,8.303030303030303
2014-04-30,0.12043795620437957,0.18613138686131386,4.306814285694139,0.0,6.0,51,274.0,411,-0.8094339302127581,-0.31771723896939497,1.0519635767711046,534.5,-0.08949011446409989,0.04357212953876349,8.303030303030303
2014-05-01,0.12043795620437957,0.18613138686131386,4.316710537384167,0.0,6.0,51,274.0,412,-0.813762572044218,-0.31771723896939497,1.047252785841371,531.25,-0.08949011446409989,0.04357212953876349,8.303030303030303
2014-05-02,0.12043795620437957,0.18613138686131386,4.3267219260966625,0.0,6.0,51,274.0,413,-0.820352472223069,-0.31771723896939497,1.0457861220631584,535.0,-0.08949011446409989,0.04357212953876349,8.303030303030303
2014-05-05,0.12043795620437957,0.18613138686131386,4.336841291392224,0.0,6.0,51,274.0,416,-0.826743380630011,-0.31771723896939497,1.0424991249508269,534.75,-0.08949011446409989,0.04357212953876349,8.303030303030303
2014-05-06,0.12043795620437957,0.18613138686131386,4.3470619169777,0.0,6.0,51,274.0,417,-0.8380674955882291,-0.31771723896939497,1.0433711332253337,543.5,-0.08949011446409989,0.04357212953876349,8.303030303030303
2014-05-07,0.12043795620437957,0.18613138686131386,4.357377498350902,0.0,6.0,51,274.0,418,-0.8398810504930193,-0.31771723896939497,1.0328861216309266,527.5,-0.08949011446409989,0.04357212953876349,8.303030303030303
2014-05-08,0.12043795620437957,0.18613138686131386,4.367782113200128,0.0,6.0,51,274.0,419,-0.840238727764909,-0.31771723896939497,1.028744449548308,525.25,-0.08949011446409989,0.04357212953876349,8.303030303030303
2014-05-09,0.12043795620437957,0.18613138686131386,4.378270194289366,0.0,6.0,51,274.0,420,-0.8371178123363672,-0.31771723896939497,1.0232466617244629,520.0,-0.08949011446409989,0.04357212953876349,8.303030303030303
2014-05-12,0.12043795620437957,0.18613138686131386,4.388836504589729,0.0,6.0,51,274.0,423,-0.832310731320102,-0.31771723896939497,1.0190332767020536,517.5,-0.08949011446409989,0.04357212953876349,8.303030303030303
2014-05-13,0.12043795620437957,0.18613138686131386,4.3994761144436305,0.0,6.0,51,274.0,424,-0.8270197248681211,-0.31771723896939497,1.0156436400520785,516.75,-0.08949011446409989,0.04357212953876349,8.303030303030303
2014-05-14,0.12043795620437957,0.18613138686131386,4.41018438057113,0.0,6.0,51,274.0,425,-0.8224523406848762,-0.31771723896939497,1.013076449721277,517.75,-0.08949011446409989,0.04357212953876349,8.303030303030303
2014-05-15,0.12043795620437957,0.18613138686131386,4.4209569267480235,0.0,6.0,51,274.0,426,-0.8174041010908182,-0.31771723896939497,1.0097263752610781,517.0,-0.08949011446409989,0.04357212953876349,8.303030303030303
2014-05-16,0.12043795620437957,0.18613138686131386,4.431789626003008,0.0,6.0,51,274.0,427,-0.8094377731297588,-0.31771723896939497,1.004792679019997,512.75,-0.08949011446409989,0.04357212953876349,8.303030303030303
2014-05-19,0.12043795620437957,0.18613138686131386,4.442678584197013,0.0,6.0,51,274.0,430,-0.8013551872228982,-0.31771723896939497,1.0017114400257723,512.5,-0.08949011446409989,0.04357212953876349,8.303030303030303
2014-05-20,0.12043795620437957,0.18613138686131386,4.4536201248616685,0.0,6.0,51,274.0,431,-0.7912031297249048,-0.31771723896939497,0.9973907099765223,509.5,-0.08949011446409989,0.04357212953876349,8.303030303030303
2014-05-21,0.12043795620437957,0.18613138686131386,4.464610775186259,0.0,6.0,51,274.0,432,-0.7813114710532629,-0.31771723896939497,0.9945767712746901,509.75,-0.08949011446409989,0.04357212953876349,8.303030303030303
2014-05-22,0.12043795620437957,0.18613138686131386,4.475647253053464,0.0,6.0,51,274.0,433,-0.7769987386423205,-0.31771723896939497,0.9953250143811674,517.75,-0.08949011446409989,0.04357212953876349,8.303030303030303
2014-05-23,0.12043795620437957,0.18613138686131386,4.486726455033935,0.0,6.0,51,274.0,434,-0.7725491388725761,-0.31771723896939497,0.9923177871700065,517.5,-0.08949011446409989,0.04357212953876349,8.303030303030303
2014-05-26,0.12043795620437957,0.18613138686131386,4.497845445258494,0.0,6.0,51,274.0,437,-0.7681295635827246,-0.31771723896939497,0.989443136428061,517.5,-0.08949011446409989,0.04357212953876349,8.303030303030303
2014-05-27,0.12043795620437957,0.18613138686131386,4.509001445094465,0.0,6.0,51,274.0,438,-0.7584662463409569,-0.31771723896939497,0.9830477628488483,509.75,-0.08949011446409989,0.04357212953876349,8.303030303030303
2014-05-28,0.15611814345991562,0.21518987341772153,4.522001320102784,0.15611814345991562,1.0,51,237.0,439,-0.7558069589179924,-0.31771723896939497,0.8665981563256752,482.0,-0.08949011446409989,0.04357212953876349,6.405405405405405
2014-05-29,0.15611814345991562,0.21518987341772153,4.534976896633834,0.15611814345991562,1.0,51,237.0,440,-0.7517311312835834,-0.31771723896939497,0.8628964633298575,479.25,-0.08949011446409989,0.04357212953876349,6.405405405405405
2014-05-30,0.13962264150943396,0.19245283018867926,4.546685160997305,0.033962264150943396,1.0,51,265.0,441,-0.7423626642778149,-0.31771723896939497,0.9458807367515744,500.25,-0.08949011446409989,0.04357212953876349,7.162162162162162
2014-06-02,0.12802768166089964,0.17647058823529413,4.556883342534937,0.0,1.0,51,289.0,444,-0.7272197753691263,-0.31771723896939497,1.0161614411543958,518.25,-0.08949011446409989,0.04357212953876349,7.8108108108108105
2014-06-03,0.12758620689655173,0.17586206896551723,4.567073782446614,0.0,1.0,51,290.0,445,-0.7119511009055255,-0.31771723896939497,1.016277703757826,519.0,-0.08949011446409989,0.04357212953876349,7.837837837837838
2014-06-04,0.12758620689655173,0.17586206896551723,4.577326922604718,0.0,1.0,51,290.0,446,-0.6968263362043786,-0.31771723896939497,1.013371419109124,519.0,-0.08949011446409989,0.04357212953876349,7.837837837837838
2014-06-05,0.12758620689655173,0.17586206896551723,4.587639071854492,0.0,1.0,51,290.0,447,-0.6803085281494303,-0.31771723896939497,1.0095727127901684,517.0,-0.08949011446409989,0.04357212953876349,7.837837837837838
2014-06-06,0.12758620689655173,0.17586206896551723,4.598006734722833,0.0,1.0,51,290.0,448,-0.6610530925453234,-0.31771723896939497,1.0049964000124725,513.25,-0.08949011446409989,0.04357212953876349,7.837837837837838
2014-06-09,0.12758620689655173,0.17586206896551723,4.608426599396919,0.0,1.0,51,290.0,451,-0.6427854758686169,-0.31771723896939497,1.0025992899087388,514.25,-0.08949011446409989,0.04357212953876349,7.837837837837838
2014-06-10,0.12758620689655173,0.17586206896551723,4.618895526563476,0.0,1.0,51,290.0,452,-0.6233740245322598,-0.31771723896939497,0.998969180973825,512.5,-0.08949011446409989,0.04357212953876349,7.837837837837838
2014-06-11,0.12333333333333334,0.17,4.628731956870827,0.0,1.0,51,300.0,453,-0.6012219316311763,-0.31771723896939497,1.0258804920322413,520.0,-0.08949011446409989,0.04357212953876349,8.108108108108109
2014-06-12,0.11144578313253012,0.1536144578313253,4.636038778967386,0.0,1.0,51,332.0,454,-0.5686358241698207,-0.31771723896939497,1.117814574163348,544.0,-0.08949011446409989,0.04357212953876349,8.972972972972974
2014-06-13,0.09946236559139784,0.13709677419354838,4.63936818102467,0.0,1.0,51,372.0,455,-0.5205978464052679,-0.31771723896939497,1.2327974401889226,574.0,-0.08949011446409989,0.04357212953876349,10.054054054054054
2014-06-16,0.09585492227979274,0.13212435233160622,4.641410750450523,0.0,1.0,51,386.0,458,-0.46740903499976894,-0.31771723896939497,1.2704916554277184,584.5,-0.08949011446409989,0.04357212953876349,10.432432432432432
2014-06-17,0.1,0.13783783783783785,4.645728360856057,0.043243243243243246,1.0,51,370.0,459,-0.42235961942158284,-0.31771723896939497,1.2198855151816823,572.5,-0.08949011446409989,0.04357212953876349,10.0
2014-06-18,0.1,0.13783783783783785,4.650362429787246,0.043243243243243246,1.0,51,370.0,460,-0.3729648690059854,-0.31771723896939497,1.2140352919779436,567.25,-0.08949011446409989,0.04357212953876349,10.0
2014-06-19,0.09919571045576407,0.13672922252010725,4.65498169801757,0.03485254691689008,1.0,51,373.0,461,-0.3234867833539138,-0.31771723896939497,1.219337919292609,569.5,-0.08949011446409989,0.04357212953876349,10.08108108108108
2014-06-20,0.09919571045576407,0.13672922252010725,4.659898698285119,0.03485254691689008,1.0,51,373.0,462,-0.2715796137063005,-0.31771723896939497,1.2141844131748325,565.75,-0.08949011446409989,0.04357212953876349,10.08108108108108
2014-06-23,0.09919571045576407,0.13672922252010725,4.6650966037800075,0.03485254691689008,1.0,51,373.0,465,-0.21776106547667648,-0.31771723896939497,1.209166225790441,562.25,-0.08949011446409989,0.04357212953876349,10.08108108108108
2014-06-24,0.09919571045576407,0.13672922252010725,4.670559703589701,0.03485254691689008,1.0,51,373.0,466,-0.16253712554155725,-0.31771723896939497,1.2042830160477218,559.0,-0.08949011446409989,0.04357212953876349,10.08108108108108
2014-06-25,0.09919571045576407,0.13672922252010725,4.676273313153368,0.03485254691689008,1.0,51,373.0,467,-0.11053240459879293,-0.31771723896939497,1.2016827945195092,560.75,-0.08949011446409989,0.04357212953876349,10.08108108108108
2014-06-26,0.0925,0.1275,4.679510646206477,0.0,1.0,51,400.0,468,-0.04865601283075778,1.3367091321819056,1.275856252192923,581.0,-0.08949011446409989,0.04357212953876349,10.81081081081081
2014-06-27,0.0925,0.1275,4.683112227744516,0.0,1.0,51,400.0,469,0.01465179537249306,2.6155112028961858,1.2704581154648935,577.0,-0.08949011446409989,0.04357212953876349,10.81081081081081
2014-06-30,0.0925,0.1275,4.687056942056641,0.0,1.0,51,400.0,472,0.0723105654985044,2.6155112028961858,1.26869610436955,581.0,-0.08949011446409989,0.04357212953876349,10.81081081081081
2014-07-01,0.0925,0.1275,4.691325134541119,0.0,1.0,51,400.0,473,0.12466868134000648,2.6155112028961858,1.2670662641751373,585.25,-0.08949011446409989,0.04357212953876349,10.81081081081081
2014-07-02,0.0925,0.1275,4.695898488967384,0.0,1.0,51,400.0,474,0.17668311676646145,2.6155112028961858,1.2628606780401053,583.75,-0.08949011446409989,0.04357212953876349,10.81081081081081
2014-07-03,0.0925,0.1275,4.700759916915161,0.0,1.0,51,400.0,475,0.22716304649200939,2.6155112028961858,1.2593528615776486,583.75,-0.08949011446409989,0.04357212953876349,10.81081081081081
2014-07-04,0.0925,0.1275,4.705893457999432,0.0,1.0,51,400.0,476,0.2761753888312136,2.6155112028961858,1.2558654331793457,583.75,-0.08949011446409989,0.04357212953876349,10.81081081081081
2014-07-07,0.0880952380952381,0.12142857142857143,4.709382345990082,0.0,1.0,51,420.0,479,0.3311172534363055,2.6155112028961858,1.3086244791790203,598.75,-0.08949011446409989,0.04357212953876349,11.35135135135135
2014-07-08,0.0880952380952381,0.12142857142857143,4.71321200363172,0.0,1.0,51,420.0,480,0.38570564953829106,3.5917181203898765,1.3041069130354845,596.75,-0.08949011446409989,0.04357212953876349,11.35135135135135
2014-07-09,0.0880952380952381,0.12142857142857143,4.7173631112563985,0.0,1.0,51,420.0,481,0.43866665364452,4.3193681941097095,1.3003989403474236,596.5,-0.08949011446409989,0.04357212953876349,11.35135135135135
2014-07-10,0.08851674641148326,0.12200956937799043,4.722001680886895,0.004784688995215311,1.0,51,418.0,482,0.48920711675584705,4.3193681941097095,1.2912521686951304,595.0,-0.08949011446409989,0.04357212953876349,11.297297297297296
2014-07-11,0.08851674641148326,0.12200956937799043,4.726917537704249,0.004784688995215311,1.0,51,418.0,483,0.5391948619056196,4.880909002777954,1.2869273933314092,593.25,-0.08949011446409989,0.04357212953876349,11.297297297297296
2014-07-14,0.08851674641148326,0.12200956937799043,4.732095552156732,0.004784688995215311,1.0,51,418.0,486,0.5879868737917326,5.322531471038918,1.283073181224473,592.5,-0.08949011446409989,0.04357212953876349,11.297297297297296
2014-07-15,0.08624708624708624,0.11888111888111888,4.736559556655587,0.0,1.0,51,429.0,487,0.6388108282218349,5.697724569870766,1.3099496319256103,600.75,-0.08949011446409989,0.04357212953876349,11.594594594594595
2014-07-16,0.08624708624708624,0.11888111888111888,4.741305643915786,0.0,1.0,51,429.0,488,0.6835717946390812,5.697724569870766,1.3099765856496677,608.75,-0.08949011446409989,0.04357212953876349,11.594594594594595
2014-07-17,0.08624708624708624,0.11888111888111888,4.746318462088548,0.0,1.0,51,429.0,489,0.7260089775768345,5.697724569870766,1.3073263198409135,610.75,-0.08949011446409989,0.04357212953876349,11.594594594594595
2014-07-18,0.08624708624708624,0.11888111888111888,4.75158364107479,0.0,1.0,51,429.0,490,0.7679885419629116,5.697724569870766,1.303236584879314,609.5,-0.08949011446409989,0.04357212953876349,11.594594594594595
2014-07-21,0.08624708624708624,0.11888111888111888,4.757087716496596,0.0,1.0,51,429.0,493,0.806046541037425,5.697724569870766,1.3021954912516824,615.0,-0.08949011446409989,0.04357212953876349,11.594594594594595
2014-07-22,0.08624708624708624,0.11888111888111888,4.7628180606216795,0.0,1.0,51,429.0,494,0.8432324978831935,5.697724569870766,1.2987055221738082,615.0,-0.08949011446409989,0.04357212953876349,11.594594594594595
2014-07-23,0.08624708624708624,0.11888111888111888,4.768762819508152,0.0,1.0,51,429.0,495,0.8780879095907478,5.697724569870766,1.2965797810512882,618.0,-0.08949011446409989,0.04357212953876349,11.594594594594595
2014-07-24,0.08665105386416862,0.11943793911007025,4.775061880353035,0.00468384074941452,1.0,51,427.0,496,0.9117032432685038,5.697724569870766,1.2877183351002068,616.5,-0.08949011446409989,0.04357212953876349,11.54054054054054
2014-07-25,0.08258928571428571,0.11383928571428571,4.779913479990296,0.0,1.0,51,448.0,497,0.9501443888079352,5.697724569870766,1.3409392815630707,632.25,-0.08949011446409989,0.04357212953876349,12.108108108108109
2014-07-28,0.08258928571428571,0.11383928571428571,4.7850170260856215,0.0,1.0,51,448.0,500,0.9866098574132037,5.697724569870766,1.3383845033089332,634.5,-0.08949011446409989,0.04357212953876349,12.108108108108109
2014-07-29,0.08726415094339622,0.12028301886792453,4.7921210882608065,0.05660377358490566,1.0,51,424.0,501,1.0163518019365387,5.697724569870766,1.2704872958144302,616.5,-0.08949011446409989,0.04357212953876349,11.45945945945946
2014-07-30,0.08726415094339622,0.12028301886792453,4.7993731944481475,0.05660377358490566,1.0,51,424.0,502,1.0459910810819908,5.697724569870766,1.266702502977362,615.5,-0.08949011446409989,0.04357212953876349,11.45945945945946
2014-07-31,0.08726415094339622,0.12028301886792453,4.806765978410493,0.05660377358490566,1.0,51,424.0,503,1.0759181545427388,5.697724569870766,1.26248944518949,613.5,-0.08949011446409989,0.04357212953876349,11.45945945945946
2014-08-01,0.08726415094339622,0.12028301886792453,4.8142924781868714,0.05660377358490566,1.0,51,424.0,504,1.1045591465617874,5.697724569870766,1.2599709995321309,615.25,-0.08949011446409989,0.04357212953876349,11.45945945945946
2014-08-04,0.08726415094339622,0.12028301886792453,4.821946109526172,0.05660377358490566,1.0,51,424.0,507,1.128291931468271,5.697724569870766,1.261266251952455,625.5,-0.08949011446409989,0.04357212953876349,11.45945945945946
2014-08-05,0.08726415094339622,0.12028301886792453,4.829720641376953,0.05660377358490566,1.0,51,424.0,508,1.15696347039811,5.697724569870766,1.252307469992129,612.75,-0.08949011446409989,0.04357212953876349,11.45945945945946
2014-08-06,0.08726415094339622,0.12028301886792453,4.837610173250033,0.05660377358490566,1.0,51,424.0,509,1.1836726344605957,5.697724569870766,1.2507343169993774,616.5,-0.08949011446409989,0.04357212953876349,11.45945945945946
2014-08-07,0.08726415094339622,0.12028301886792453,4.845609114288942,0.05660377358490566,1.0,51,424.0,510,1.2127610651366456,5.697724569870766,1.2439364315129593,608.5,-0.08949011446409989,0.04357212953876349,11.45945945945946
2014-08-08,0.08726415094339622,0.12028301886792453,4.853712163899831,0.05660377358490566,1.0,51,424.0,511,1.239387856453807,5.697724569870766,1.2431779257386062,614.0,-0.08949011446409989,0.04357212953876349,11.45945945945946
2014-08-11,0.08726415094339622,0.12028301886792453,4.861914293806906,0.05660377358490566,1.0,51,424.0,514,1.2646575070108748,5.697724569870766,1.2410976652241277,616.5,-0.08949011446409989,0.04357212953876349,11.45945945945946
2014-08-12,0.08726415094339622,0.12028301886792453,4.8702107314125875,0.05660377358490566,1.0,51,424.0,515,1.2923329716683472,5.697724569870766,1.2340224653820084,607.75,-0.08949011446409989,0.04357212953876349,11.45945945945946
2014-08-13,0.08726415094339622,0.12028301886792453,4.878596944353064,0.05660377358490566,1.0,51,424.0,516,1.3196464254778775,5.697724569870766,1.230529673952127,607.0,-0.08949011446409989,0.04357212953876349,11.45945945945946
2014-08-14,0.08726415094339622,0.12028301886792453,4.887068626150344,0.05660377358490566,1.0,51,424.0,517,1.3469190081916778,5.697724569870766,1.226497792852933,605.0,-0.08949011446409989,0.04357212953876349,11.45945945945946
2014-08-15,0.08726415094339622,0.12028301886792453,4.895621682871131,0.05660377358490566,1.0,51,424.0,518,1.3755909554267167,5.697724569870766,1.219369598373157,596.0,-0.08949011446409989,0.04357212953876349,11.45945945945946
2014-08-18,0.08726415094339622,0.12028301886792453,4.904252220711157,0.05660377358490566,1.0,51,424.0,521,1.4038104486612502,5.980285391454615,1.2154852574860033,594.25,-0.08949011446409989,0.04357212953876349,11.45945945945946
2014-08-19,0.08726415094339622,0.12028301886792453,4.91295653443103,0.05660377358490566,1.0,51,424.0,522,1.431096724784956,5.980285391454615,1.2128403336312183,595.25,-0.08949011446409989,0.04357212953876349,11.45945945945946
2014-08-20,0.08726415094339622,0.12028301886792453,4.92173109657637,0.05660377358490566,1.0,51,424.0,523,1.4567068956817555,5.980285391454615,1.2122104970577545,600.75,-0.08949011446409989,0.04357212953876349,11.45945945945946
2014-08-21,0.08726415094339622,0.12028301886792453,4.93057254742096,0.05660377358490566,1.0,51,424.0,524,1.4817758279299207,5.980285391454615,1.2090414446417999,600.5,-0.08949011446409989,0.04357212953876349,11.45945945945946
2014-08-22,0.08726415094339622,0.12028301886792453,4.939477685577099,0.05660377358490566,1.0,51,424.0,525,1.5056794672638905,5.980285391454615,1.2074420866740327,603.75,-0.08949011446409989,0.04357212953876349,11.45945945945946
2014-08-25,0.08726415094339622,0.12028301886792453,4.948443459222207,0.05660377358490566,1.0,51,424.0,528,1.5291763813349653,5.980285391454615,1.2041937233894826,603.25,-0.08949011446409989,0.04357212953876349,11.45945945945946
2014-08-26,0.08726415094339622,0.12028301886792453,4.9574669578951065,0.05660377358490566,1.0,51,424.0,529,1.5520048500674908,5.980285391454615,1.2016266028461149,604.25,-0.08949011446409989,0.04357212953876349,11.45945945945946
2014-08-27,0.083710407239819,0.11538461538461539,4.965656563391794,0.013574660633484163,1.0,51,442.0,530,1.5774871721040389,5.980285391454615,1.2441302817230862,617.75,-0.08949011446409989,0.04357212953876349,11.945945945945946
2014-08-28,0.083710407239819,0.11538461538461539,4.973928216843056,0.013574660633484163,1.0,51,442.0,531,1.6024030626855152,5.980285391454615,1.2410267471958585,617.75,-0.08949011446409989,0.04357212953876349,11.945945945945946
2014-08-29,0.07838983050847458,0.10805084745762712,4.980618598384608,0.0,1.0,51,472.0,532,1.6321703406261685,6.301049802385475,1.3133579875810475,640.25,-0.08949011446409989,0.04357212953876349,12.756756756756756
2014-09-01,0.07838983050847458,0.10805084745762712,4.987444240140737,0.0,1.0,51,472.0,535,1.6611715272618772,6.561522233030858,1.3100819525852379,640.25,-0.08949011446409989,0.04357212953876349,12.756756756756756
2014-09-02,0.07838983050847458,0.10805084745762712,4.99439891446902,0.0,1.0,51,472.0,536,1.6901420461586023,6.739158014069513,1.3044998729175812,635.0,-0.08949011446409989,0.04357212953876349,12.756756756756756
2014-09-03,0.07708333333333334,0.10625,5.001013206679873,0.0,1.0,51,480.0,537,1.7197279258137674,6.879821904328812,1.3212074303405572,641.0,-0.08949011446409989,0.04357212953876349,12.972972972972974
2014-09-04,0.07551020408163266,0.10408163265306122,5.00716720818832,0.0,1.0,51,490.0,538,1.7502452794507715,6.988000920446953,1.34279800659111,648.5,-0.08949011446409989,0.04357212953876349,13.243243243243244
2014-09-05,0.07551020408163266,0.10408163265306122,5.013473399908169,0.0,1.0,51,490.0,539,1.7802978972121586,6.994435871780588,1.3364870557904933,641.75,-0.08949011446409989,0.04357212953876349,13.243243243243244
2014-09-08,0.07551020408163266,0.10408163265306122,5.01992478473236,0.0,1.0,51,490.0,542,1.8094103530022236,6.95899993866124,1.3318521676208217,638.75,-0.08949011446409989,0.04357212953876349,13.243243243243244
2014-09-09,0.07551020408163266,0.10408163265306122,5.026514728316235,0.0,1.0,51,490.0,543,1.8374975846769068,6.95899993866124,1.329111763501058,640.0,-0.08949011446409989,0.04357212953876349,13.243243243243244
2014-09-10,0.07551020408163266,0.10408163265306122,5.033236936445777,0.0,1.0,51,490.0,544,1.8646425657607728,6.95899993866124,1.3253947365435623,639.0,-0.08949011446409989,0.04357212953876349,13.243243243243244
2014-09-11,0.07551020408163266,0.10408163265306122,5.040085434072577,0.0,1.0,51,490.0,545,1.890761779932498,6.875915376591077,1.3202611606890389,634.75,-0.08949011446409989,0.04357212953876349,13.243243243243244
2014-09-12,0.07551020408163266,0.10408163265306122,5.047054545873832,0.0,1.0,51,490.0,546,1.915737482128333,6.762103024748354,1.3154764723924997,631.25,-0.08949011446409989,0.04357212953876349,13.243243243243244
2014-09-15,0.07551020408163266,0.10408163265306122,5.054138878209424,0.0,1.0,51,490.0,549,1.9398398815828064,6.762103024748354,1.3125826355222565,632.0,-0.08949011446409989,0.04357212953876349,13.243243243243244
2014-09-16,0.07551020408163266,0.10408163265306122,5.061333302360217,0.0,1.0,51,490.0,550,1.9632673585963336,6.762103024748354,1.3105858582461802,634.75,-0.08949011446409989,0.04357212953876349,13.243243243243244
2014-09-17,0.07551020408163266,0.10408163265306122,5.068632938942578,0.0,1.0,51,490.0,551,1.9862302328294297,6.762103024748354,1.3128974467295653,647.25,-0.08949011446409989,0.04357212953876349,13.243243243243244
2014-09-18,0.07551020408163266,0.10408163265306122,5.07603314340394,0.0,1.0,51,490.0,552,2.00858193038432,6.762103024748354,1.3081779840435015,643.75,-0.08949011446409989,0.04357212953876349,13.243243243243244
2014-09-19,0.07551020408163266,0.10408163265306122,5.083529492512868,0.0,1.0,51,490.0,553,2.0303418426303343,6.762103024748354,1.3062254751652025,646.5,-0.08949011446409989,0.04357212953876349,13.243243243243244
2014-09-22,0.07551020408163266,0.10408163265306122,5.091117771764978,0.0,1.0,51,490.0,556,2.051509742432754,6.762103024748354,1.3021988794587374,644.5,-0.08949011446409989,0.04357212953876349,13.243243243243244
2014-09-23,0.07551020408163266,0.10408163265306122,5.098793963633088,0.0,1.0,51,490.0,557,2.072021695908382,6.762103024748354,1.3035733613120546,654.75,-0.08949011446409989,0.04357212953876349,13.243243243243244
2014-09-24,0.07551020408163266,0.10408163265306122,5.10655423659633,0.0,1.0,51,490.0,558,2.092113325306215,6.762103024748354,1.3002362562821819,654.25,-0.08949011446409989,0.04357212953876349,13.243243243243244
2014-09-25,0.07551020408163266,0.10408163265306122,5.114394934888646,0.0,1.0,51,490.0,559,2.1117324600282164,6.762103024748354,1.297683355292051,655.5,-0.08949011446409989,0.04357212953876349,13.243243243243244
2014-09-26,0.07551020408163266,0.10408163265306122,5.122312568912279,0.0,1.0,51,490.0,560,2.1308997086400963,6.762103024748354,1.2951453127497323,656.75,-0.08949011446409989,0.04357212953876349,13.243243243243244
2014-09-29,0.07551020408163266,0.10408163265306122,5.130303806266511,0.0,1.0,51,490.0,563,2.149143399737914,6.762103024748354,1.2956935375775793,665.0,-0.08949011446409989,0.04357212953876349,13.243243243243244
2014-09-30,0.07551020408163266,0.10408163265306122,5.13836546334611,0.0,1.0,51,490.0,564,2.166760610319322,6.762103024748354,1.2940607178616517,668.25,-0.08949011446409989,0.04357212953876349,13.243243243243244
2014-10-01,0.07551020408163266,0.10408163265306122,5.146494497467771,0.0,1.0,51,490.0,565,2.184619302277179,6.762103024748354,1.2884960131260823,662.5,-0.08949011446409989,0.04357212953876349,13.243243243243244
2014-10-02,0.07551020408163266,0.10408163265306122,5.154687999486306,0.0,1.0,51,490.0,566,2.2020869773439986,6.762103024748354,1.2860158946559765,663.75,-0.08949011446409989,0.04357212953876349,13.243243243243244
2014-10-03,0.07551020408163266,0.10408163265306122,5.162943186865458,0.0,1.0,51,490.0,567,2.2177460953182737,6.762103024748354,1.288806319573459,677.0,-0.08949011446409989,0.04357212953876349,13.243243243243244
2014-10-06,0.07551020408163266,0.10408163265306122,5.171257397171061,0.0,1.0,51,490.0,570,2.2325342147440232,6.762103024748354,1.2875564228453897,681.0,-0.08949011446409989,0.04357212953876349,13.243243243243244
2014-10-07,0.07551020408163266,0.10408163265306122,5.179628081956901,0.0,1.0,51,490.0,571,2.2454269741465187,6.762103024748354,1.2881795168833396,689.25,-0.08949011446409989,0.04357212953876349,13.243243243243244
2014-10-08,0.07551020408163266,0.10408163265306122,5.188052801015942,0.0,1.0,51,490.0,572,2.2563084634713846,6.762103024748354,1.288376468222646,696.5,-0.08949011446409989,0.04357212953876349,13.243243243243244
2014-10-09,0.07551020408163266,0.10408163265306122,5.19652921697177,0.0,1.0,51,490.0,573,2.264348042014676,6.762103024748354,1.2892408843196432,705.25,-0.08949011446409989,0.04357212953876349,13.243243243243244
2014-10-10,0.07551020408163266,0.10408163265306122,5.205055090187042,0.0,1.0,51,490.0,574,2.2658152384858576,6.762103024748354,1.2933941818522112,721.5,-0.08949011446409989,0.04357212953876349,13.243243243243244
2014-10-13,0.07551020408163266,0.10408163265306122,5.2136282739675535,0.0,1.0,51,490.0,577,2.249120068211318,6.762103024748354,1.3044361594285883,753.5,-0.08949011446409989,0.04357212953876349,13.243243243243244
2014-10-14,0.07551020408163266,0.10408163265306122,5.222246710042144,0.0,1.0,51,490.0,578,2.2320415202320167,6.762103024748354,1.3018336910665382,754.25,-0.08949011446409989,0.04357212953876349,13.243243243243244
2014-10-15,0.07551020408163266,0.10408163265306122,5.2309084243001545,0.0,1.0,51,490.0,579,2.219013293009579,6.762103024748354,1.296298580667472,748.25,-0.08949011446409989,0.04357212953876349,13.243243243243244
2014-10-16,0.07551020408163266,0.10408163265306122,5.239611522769558,0.0,1.0,51,490.0,580,2.1980244214386624,6.762103024748354,1.298633013730314,760.25,-0.08949011446409989,0.04357212953876349,13.243243243243244
2014-10-17,0.07551020408163266,0.10408163265306122,5.248354187820095,0.0,1.0,51,490.0,581,2.17042284445516,6.762103024748354,1.2997773323492905,769.5,-0.08949011446409989,0.04357212953876349,13.243243243243244
2014-10-20,0.07551020408163266,0.10408163265306122,5.257134674576946,0.0,1.0,51,490.0,584,2.1468212355359126,6.762103024748354,1.2947199346015776,764.5,-0.08949011446409989,0.04357212953876349,13.243243243243244
2014-10-21,0.07551020408163266,0.10408163265306122,5.265951307531465,0.0,1.0,51,490.0,585,2.124867512870631,6.762103024748354,1.290985187270017,762.5,-0.08949011446409989,0.04357212953876349,13.243243243243244
2014-10-22,0.07551020408163266,0.10408163265306122,5.27480247733655,0.0,1.0,51,490.0,586,2.0948417510347226,6.762103024748354,1.2930355687591994,773.75,-0.08949011446409989,0.04357212953876349,13.243243243243244
2014-10-23,0.07551020408163266,0.10408163265306122,5.283686637775043,0.0,1.0,51,490.0,587,2.0663041320809254,6.762103024748354,1.2895443331882166,772.25,-0.08949011446409989,0.04357212953876349,13.243243243243244
2014-10-24,0.07551020408163266,0.10408163265306122,5.292602302890427,0.0,1.0,51,490.0,588,2.045055726003362,6.762103024748354,1.2824768620446574,762.5,-0.08949011446409989,0.04357212953876349,13.243243243243244
2014-10-27,0.07551020408163266,0.10408163265306122,5.301548044269818,0.0,1.0,51,490.0,591,2.0263391997372935,6.762103024748354,1.27814483527765,759.0,-0.08949011446409989,0.04357212953876349,13.243243243243244
2014-10-28,0.07551020408163266,0.10408163265306122,5.3105224884699505,0.0,1.0,51,490.0,592,2.0132789910491193,6.762103024748354,1.271544608901223,750.25,-0.08949011446409989,0.04357212953876349,13.243243243243244
2014-10-29,0.07142857142857142,0.09845559845559845,5.318527982431917,0.0,1.0,51,518.0,593,2.0036261858754623,6.762103024748354,1.3317589563192376,771.25,-0.08949011446409989,0.04357212953876349,14.0
2014-10-30,0.07142857142857142,0.09845559845559845,5.3265868343695955,0.0,1.0,51,518.0,594,2.001310380349674,6.762103024748354,1.3231892983083764,758.25,-0.08949011446409989,0.04357212953876349,14.0
2014-10-31,0.07142857142857142,0.09845559845559845,5.33469687496554,0.0,1.0,51,518.0,595,2.0023817041593337,6.762103024748354,1.3173519332815535,751.5,-0.08949011446409989,0.04357212953876349,14.0
2014-11-03,0.07142857142857142,0.09845559845559845,5.34285602157797,0.0,1.0,51,518.0,598,2.0070867138086386,6.762103024748354,1.3109880179872495,743.5,-0.08949011446409989,0.04357212953876349,14.0
2014-11-04,0.07142857142857142,0.09845559845559845,5.351062274164919,0.0,1.0,51,518.0,599,2.0117682865265785,6.762103024748354,1.3081111764348126,743.5,-0.08949011446409989,0.04357212953876349,14.0
2014-11-05,0.06666666666666667,0.0918918918918919,5.357842766788267,0.0,1.0,51,555.0,600,2.0212011823948113,6.762103024748354,1.3874833969153137,771.25,-0.08949011446409989,0.04357212953876349,15.0
2014-11-06,0.06666666666666667,0.0918918918918919,5.364710179599773,0.0,1.0,51,555.0,601,2.0332175103591394,6.762103024748354,1.3816166167679762,764.75,-0.08949011446409989,0.04357212953876349,15.0
2014-11-07,0.06208053691275168,0.08557046979865772,5.369761295401964,0.0,1.0,51,596.0,602,2.050963495989856,6.762103024748354,1.4692691013201333,795.5,-0.08949011446409989,0.04357212953876349,16.10810810810811
2014-11-10,0.06208053691275168,0.08557046979865772,5.374956263982299,0.0,1.0,51,596.0,605,2.0686535848530294,6.762103024748354,1.4659223970614181,795.25,-0.08949011446409989,0.04357212953876349,16.10810810810811
2014-11-11,0.06208053691275168,0.08557046979865772,5.380289265610718,0.0,1.0,51,596.0,606,2.0893743740504056,6.762103024748354,1.458694500264939,786.0,-0.08949011446409989,0.04357212953876349,16.10810810810811
2014-11-12,0.06208053691275168,0.08557046979865772,5.385754751485279,0.0,1.0,51,596.0,607,2.109796762091872,6.762103024748354,1.4555955588081047,786.25,-0.08949011446409989,0.04357212953876349,16.10810810810811
2014-11-13,0.06208053691275168,0.08557046979865772,5.391347428474849,0.0,1.0,51,596.0,608,2.132068130694819,6.762103024748354,1.4492671916636837,779.0,-0.08949011446409989,0.04357212953876349,16.10810810810811
2014-11-14,0.06208053691275168,0.08557046979865772,5.397062244878783,0.0,1.0,51,596.0,609,2.154978577048105,6.762103024748354,1.444469234522067,775.25,-0.08949011446409989,0.04357212953876349,16.10810810810811
2014-11-17,0.06208053691275168,0.08557046979865772,5.402894377125255,0.0,1.0,51,596.0,612,2.1782312163876503,6.762103024748354,1.44001120431005,772.25,-0.08949011446409989,0.04357212953876349,16.10810810810811
2014-11-18,0.06208053691275168,0.08557046979865772,5.4088392173367,0.0,1.0,51,596.0,613,2.2003979127228517,6.762103024748354,1.438376381944239,775.75,-0.08949011446409989,0.04357212953876349,16.10810810810811
2014-11-19,0.06115702479338843,0.08429752066115702,5.414489564437601,0.0,1.0,51,605.0,614,2.2234931050077744,6.762103024748354,1.4547728783819405,782.5,-0.08949011446409989,0.04357212953876349,16.35135135135135
2014-11-20,0.06115702479338843,0.08429752066115702,5.420257344337161,0.0,1.0,51,605.0,615,2.246975159516857,6.762103024748354,1.4500971083297367,779.0,-0.08949011446409989,0.04357212953876349,16.35135135135135
2014-11-21,0.06115702479338843,0.08429752066115702,5.426137972193201,0.0,1.0,51,605.0,616,2.270013207290609,6.762103024748354,1.4471625003179298,779.5,-0.08949011446409989,0.04357212953876349,16.35135135135135
2014-11-24,0.06115702479338843,0.08429752066115702,5.432127065290308,0.0,1.0,51,605.0,619,2.293109412932321,6.762103024748354,1.4430559864507053,777.25,-0.08949011446409989,0.04357212953876349,16.35135135135135
2014-11-25,0.06115702479338843,0.08429752066115702,5.438220432297196,0.0,1.0,51,605.0,620,2.3153783563828836,6.762103024748354,1.441119522067409,780.0,-0.08949011446409989,0.04357212953876349,16.35135135135135
2014-11-26,0.06115702479338843,0.08429752066115702,5.44441406319932,0.0,1.0,51,605.0,621,2.3380562884602596,6.762103024748354,1.436072328252423,775.5,-0.08949011446409989,0.04357212953876349,16.35135135135135
2014-11-27,0.06115702479338843,0.08429752066115702,5.450704119857642,0.0,1.0,51,605.0,622,2.3603785443556644,6.762103024748354,1.4329786410397856,775.5,-0.08949011446409989,0.04357212953876349,16.35135135135135
2014-11-28,0.06115702479338843,0.08429752066115702,5.457086927148547,0.0,1.0,51,605.0,623,2.382353426494178,6.762103024748354,1.4298987122342572,775.5,-0.08949011446409989,0.04357212953876349,16.35135135135135
2014-12-01,0.06281833616298811,0.0865874363327674,5.464177258270825,0.027164685908319185,1.0,51,589.0,626,2.402101632536781,6.762103024748354,1.392759436595856,763.5,-0.08949011446409989,0.04357212953876349,15.91891891891892
2014-12-02,0.06281833616298811,0.0865874363327674,5.4713349570635,0.027164685908319185,1.0,51,589.0,627,2.421606226120022,6.762103024748354,1.3896783794162826,763.25,-0.08949011446409989,0.04357212953876349,15.91891891891892
2014-12-03,0.06281833616298811,0.0865874363327674,5.4785574891407745,0.027164685908319185,1.0,51,589.0,628,2.4403532080237955,6.762103024748354,1.3882227535346534,766.75,-0.08949011446409989,0.04357212953876349,15.91891891891892
2014-12-04,0.06016260162601626,0.08292682926829269,5.484857957357579,0.0,1.0,51,615.0,629,2.461865154253953,6.762103024748354,1.4402592751754764,786.25,-0.08949011446409989,0.04357212953876349,16.62162162162162
2014-12-05,0.06085526315789474,0.08388157894736842,5.491519476044197,0.011513157894736841,1.0,51,608.0,630,2.4822457800801945,6.762103024748354,1.4224280141114438,781.0,-0.08949011446409989,0.04357212953876349,16.43243243243243
2014-12-08,0.06085526315789474,0.08388157894736842,5.498258595581536,0.011513157894736841,1.0,51,608.0,633,2.502886883647392,6.762103024748354,1.4173740486440685,776.25,-0.08949011446409989,0.04357212953876349,16.43243243243243
2014-12-09,0.06085526315789474,0.08388157894736842,5.505072429450667,0.011513157894736841,1.0,51,608.0,634,2.5236259203945144,6.762103024748354,1.4120131408161138,770.75,-0.08949011446409989,0.04357212953876349,16.43243243243243
2014-12-10,0.06085526315789474,0.08388157894736842,5.511958206562193,0.011513157894736841,1.0,51,608.0,635,2.5427375667568644,6.762103024748354,1.414603873854975,783.75,-0.08949011446409989,0.04357212953876349,16.43243243243243
2014-12-11,0.06085526315789474,0.08388157894736842,5.5189132657396955,0.011513157894736841,1.0,51,608.0,636,2.5562372707504215,6.762103024748354,1.4220270295741992,808.0,-0.08949011446409989,0.04357212953876349,16.43243243243243
2014-12-12,0.06085526315789474,0.08388157894736842,5.525935050514257,0.011513157894736841,1.0,51,608.0,637,2.5592150406777256,6.762103024748354,1.4304186312330331,834.5,-0.08949011446409989,0.04357212953876349,16.43243243243243
2014-12-15,0.06085526315789474,0.08388157894736842,5.533021104209715,0.011513157894736841,1.0,51,608.0,640,2.5621795040668833,6.762103024748354,1.4274594567228993,834.5,-0.08949011446409989,0.04357212953876349,16.43243243243243
2014-12-16,0.06085526315789474,0.08388157894736842,5.540169065299966,0.011513157894736841,1.0,51,608.0,641,2.5486258917677076,6.762103024748354,1.4367186258100109,863.0,-0.08949011446409989,0.04357212953876349,16.43243243243243
2014-12-17,0.06085526315789474,0.08388157894736842,5.547376663020856,0.011513157894736841,1.0,51,608.0,642,2.535149679965937,6.762103024748354,1.433779695287552,863.0,-0.08949011446409989,0.04357212953876349,16.43243243243243
2014-12-18,0.06085526315789474,0.08388157894736842,5.55464171322057,0.011513157894736841,1.0,51,608.0,643,2.5325934957754397,6.762103024748354,1.4232581719409871,845.25,-0.08949011446409989,0.04357212953876349,16.43243243243243
2014-12-19,0.06085526315789474,0.08388157894736842,5.561962114433541,0.011513157894736841,1.0,51,608.0,644,2.5213665889425614,6.762103024748354,1.4265495194921594,859.75,-0.08949011446409989,0.04357212953876349,16.43243243243243
2014-12-22,0.06085526315789474,0.08388157894736842,5.569335844163971,0.011513157894736841,1.0,51,608.0,647,2.5095511653666533,6.762103024748354,1.4240763155897829,860.75,-0.08949011446409989,0.04357212953876349,16.43243243243243
2014-12-23,0.06085526315789474,0.08388157894736842,5.576760955366035,0.011513157894736841,1.0,51,608.0,648,2.492921792818709,6.762103024748354,1.4242860571154308,868.0,-0.08949011446409989,0.04357212953876349,16.43243243243243
2014-12-24,0.06085526315789474,0.08388157894736842,5.5842355731087645,0.011513157894736841,1.0,51,608.0,649,2.476397083382844,6.762103024748354,1.4214084755998762,868.0,-0.08949011446409989,0.04357212953876349,16.43243243243243
2014-12-25,0.06085526315789474,0.08388157894736842,5.591757891414399,0.011513157894736841,1.0,51,608.0,650,2.4599760520547465,6.762103024748354,1.4185431071687649,868.0,-0.08949011446409989,0.04357212953876349,16.43243243243243
2014-12-26,0.06085526315789474,0.08388157894736842,5.599326170259826,0.011513157894736841,1.0,51,608.0,651,2.4364762777167988,6.762103024748354,1.4199579058431744,878.0,-0.08949011446409989,0.04357212953876349,16.43243243243243
2014-12-29,0.06085526315789474,0.08388157894736842,5.606938732731352,0.011513157894736841,1.0,51,608.0,654,2.411471832835463,6.762103024748354,1.4180748057823154,880.25,-0.08949011446409989,0.04357212953876349,16.43243243243243
2014-12-30,0.06085526315789474,0.08388157894736842,5.61459396232379,0.011513157894736841,1.0,51,608.0,655,2.3872388469129717,6.762103024748354,1.4149235507444464,879.5,-0.08949011446409989,0.04357212953876349,16.43243243243243
2014-12-31,0.06085526315789474,0.08388157894736842,5.622290300375408,0.011513157894736841,1.0,51,608.0,656,2.3497080574666307,6.762103024748354,1.419350543591869,896.5,-0.08949011446409989,0.04357212953876349,16.43243243243243
2015-01-01,0.06085526315789474,0.08388157894736842,5.630026243630831,0.011513157894736841,1.0,51,608.0,657,2.312637339534756,6.762103024748354,1.4165399015492843,896.5,-0.08949011446409989,0.04357212953876349,16.43243243243243
2015-01-02,0.06085526315789474,0.08388157894736842,5.637800341924573,0.011513157894736841,1.0,51,608.0,658,2.275812178237345,6.762103024748354,1.4138474900262952,896.75,-0.08949011446409989,0.04357212953876349,16.43243243243243
2015-01-05,0.06085526315789474,0.08388157894736842,5.645611195978257,0.011513157894736841,1.0,51,608.0,661,2.237173597652369,6.762103024748354,1.4122309529478825,899.5,-0.08949011446409989,0.04357212953876349,16.43243243243243
2015-01-06,0.06085526315789474,0.08388157894736842,5.653457455305141,0.011513157894736841,1.0,51,608.0,662,2.161768763606779,6.762103024748354,1.4265824749224056,939.75,-0.08949011446409989,0.04357212953876349,16.43243243243243
2015-01-07,0.06085526315789474,0.08388157894736842,5.661337816215873,0.011513157894736841,1.0,51,608.0,663,2.0904968541057967,6.762103024748354,1.4229598859987762,937.75,-0.08949011446409989,0.04357212953876349,16.43243243243243
2015-01-08,0.06085526315789474,0.08388157894736842,5.669251019919871,0.011513157894736841,1.0,51,608.0,664,2.0155800427889727,6.762103024748354,1.4226445578231293,943.5,-0.08949011446409989,0.04357212953876349,16.43243243243243
2015-01-09,0.06085526315789474,0.08388157894736842,5.677195850717015,0.011513157894736841,1.0,51,608.0,665,1.932404953932692,6.762103024748354,1.4244634955554683,954.25,-0.08949011446409989,0.04357212953876349,16.43243243243243
2015-01-12,0.06085526315789474,0.08388157894736842,5.68517113427471,0.011513157894736841,1.0,51,608.0,668,1.8551882219320461,6.762103024748354,1.4203425544458872,951.0,-0.08949011446409989,0.04357212953876349,16.43243243243243
2015-01-13,0.06085526315789474,0.08388157894736842,5.693175735985682,0.011513157894736841,1.0,51,608.0,669,1.7941076289906701,6.762103024748354,1.4110323446064192,935.5,-0.08949011446409989,0.04357212953876349,16.43243243243243
2015-01-14,0.06085526315789474,0.08388157894736842,5.7012085594021125,0.011513157894736841,1.0,51,608.0,670,1.7324482320903103,6.762103024748354,1.4093789764329336,938.0,-0.08949011446409989,0.04357212953876349,16.43243243243243
2015-01-15,0.06085526315789474,0.08388157894736842,5.709268544742071,0.011513157894736841,1.0,51,608.0,671,1.6599876426927898,6.762103024748354,1.4129331070569933,952.75,-0.08949011446409989,0.04357212953876349,16.43243243243243
2015-01-16,0.06085526315789474,0.08388157894736842,5.717354667464343,0.011513157894736841,1.0,51,608.0,672,1.6033122044069035,6.762103024748354,1.4031341970273268,936.0,-0.08949011446409989,0.04357212953876349,16.43243243243243
2015-01-19,0.06085526315789474,0.08388157894736842,5.725465936908094,0.011513157894736841,1.0,51,608.0,675,1.5479848969697274,6.762103024748354,1.4004527553168846,936.0,-0.08949011446409989,0.04357212953876349,16.43243243243243
2015-01-20,0.06085526315789474,0.08388157894736842,5.73360139499395,0.011513157894736841,1.0,51,608.0,676,1.4889225762497025,6.762103024748354,1.4006423921816331,942.75,-0.08949011446409989,0.04357212953876349,16.43243243243243
2015-01-21,0.06085526315789474,0.08388157894736842,5.741760114983274,0.011513157894736841,1.0,51,608.0,677,1.4335876157587408,6.762103024748354,1.3967108418130714,939.75,-0.08949011446409989,0.04357212953876349,16.43243243243243
2015-01-22,0.06085526315789474,0.08388157894736842,5.749941200292695,0.011513157894736841,1.0,51,608.0,678,1.380309615082826,6.762103024748354,1.3936378833244585,938.75,-0.08949011446409989,0.04357212953876349,16.43243243243243
2015-01-23,0.06085526315789474,0.08388157894736842,5.758143783360997,0.011513157894736841,1.0,51,608.0,679,1.327784701210998,6.762103024748354,1.391316576368535,939.5,-0.08949011446409989,0.04357212953876349,16.43243243243243
2015-01-26,0.06085526315789474,0.08388157894736842,5.766367024565744,0.011513157894736841,1.0,51,608.0,682,1.2804592600163582,6.762103024748354,1.3861503142621876,933.5,-0.08949011446409989,0.04357212953876349,16.43243243243243
2015-01-27,0.06085526315789474,0.08388157894736842,5.7746101111871,0.011513157894736841,1.0,51,608.0,683,1.2255115745085898,6.762103024748354,1.389136311648702,946.75,-0.08949011446409989,0.04357212953876349,16.43243243243243
2015-01-28,0.06085526315789474,0.08388157894736842,5.782872256416507,0.011513157894736841,1.0,51,608.0,684,1.1565664575093981,6.762103024748354,1.3962489649724195,969.75,-0.08949011446409989,0.04357212953876349,16.43243243243243
2015-01-29,0.06085526315789474,0.08388157894736842,5.791152698407951,0.011513157894736841,1.0,51,608.0,685,1.0916294134198086,6.762103024748354,1.3926963434296407,967.5,-0.08949011446409989,0.04357212953876349,16.43243243243243
2015-01-30,0.06085526315789474,0.08388157894736842,5.799450699369744,0.011513157894736841,1.0,51,608.0,686,1.0172463377804528,6.762103024748354,1.3977064354323774,985.5,-0.08949011446409989,0.04357212953876349,16.43243243243243
2015-02-02,0.06085526315789474,0.08388157894736842,5.807765544694808,0.011513157894736841,1.0,51,608.0,689,0.9621054991016916,6.762103024748354,1.3840416696695461,959.25,-0.08949011446409989,0.04357212953876349,16.43243243243243
2015-02-03,0.06085526315789474,0.08388157894736842,5.816096542127588,0.011513157894736841,1.0,51,608.0,690,0.9128180672018286,6.762103024748354,1.378307914173963,951.75,-0.08949011446409989,0.04357212953876349,16.43243243243243
2015-02-04,0.06085526315789474,0.08388157894736842,5.824443020965831,0.011513157894736841,1.0,51,608.0,691,0.8501654904146346,6.762103024748354,1.386821529377413,978.0,-0.08949011446409989,0.04357212953876349,16.43243243243243
2015-02-05,0.06085526315789474,0.08388157894736842,5.832804331295532,0.011513157894736841,1.0,51,608.0,692,0.7916421131256643,6.762103024748354,1.382899185787044,974.75,-0.08949011446409989,0.04357212953876349,16.43243243243243
2015-02-06,0.06085526315789474,0.08388157894736842,5.84117984325749,0.011513157894736841,1.0,51,608.0,693,0.7406081569866749,6.762103024748354,1.3759328738632193,964.25,-0.08949011446409989,0.04357212953876349,16.43243243243243
2015-02-09,0.06085526315789474,0.08388157894736842,5.8495689463439415,0.011513157894736841,1.0,51,608.0,696,0.6890000917858493,6.762103024748354,1.3751934522043805,968.5,-0.08949011446409989,0.04357212953876349,16.43243243243243
2015-02-10,0.06085526315789474,0.08388157894736842,5.857971048723878,0.011513157894736841,1.0,51,608.0,697,0.6372098224474899,6.762103024748354,1.3742519551891779,972.25,-0.08949011446409989,0.04357212953876349,16.43243243243243
2015-02-11,0.06085526315789474,0.08388157894736842,5.866385576595686,0.011513157894736841,1.0,51,608.0,698,0.5837281742487076,6.762103024748354,1.374792092602714,979.5,-0.08949011446409989,0.04357212953876349,16.43243243243243
2015-02-12,0.06085526315789474,0.08388157894736842,5.874811973565858,0.011513157894736841,1.0,51,608.0,699,0.5330222535985625,6.762103024748354,1.3714480437526293,977.5,-0.08949011446409989,0.04357212953876349,16.43243243243243
2015-02-13,0.06085526315789474,0.08388157894736842,5.8832497000525406,0.011513157894736841,1.0,51,608.0,700,0.4875291022909665,6.762103024748354,1.365486226873419,969.25,-0.08949011446409989,0.04357212953876349,16.43243243243243
2015-02-16,0.06085526315789474,0.08552631578947369,5.89169823271281,0.011513157894736841,1.0,52,608.0,703,0.44338375859543494,6.762103024748354,1.3630048950896707,969.25,-0.08949011446409989,0.04357212953876349,16.43243243243243
2015-02-17,0.06085526315789474,0.08717105263157894,5.900157063892557,0.011513157894736841,1.0,53,608.0,704,0.40130928358205054,6.762103024748354,1.359692893061797,967.25,-0.08949011446409989,0.04357212953876349,16.43243243243243
2015-02-18,0.06085526315789474,0.08881578947368421,5.90862570109799,0.011513157894736841,1.0,54,608.0,705,0.3597520312484986,6.762103024748354,1.357966174009853,969.0,-0.08949011446409989,0.04357212953876349,16.43243243243243
2015-02-19,0.06085526315789474,0.09046052631578948,5.917103666487767,0.011513157894736841,1.0,55,608.0,706,0.31891461097099705,6.762103024748354,1.3560384816819213,970.25,-0.08949011446409989,0.04357212953876349,16.43243243243243
2015-02-20,0.06085526315789474,0.09210526315789473,5.9255904963848085,0.011513157894736841,1.0,56,608.0,707,0.27941148666189036,6.762103024748354,1.353385475842554,969.75,-0.08949011446409989,0.04357212953876349,16.43243243243243
2015-02-23,0.06085526315789474,0.09375,5.934085740806964,0.011513157894736841,1.0,57,608.0,710,0.24454747062780433,6.762103024748354,1.3465474547608647,959.25,-0.08949011446409989,0.04357212953876349,16.43243243243243
2015-02-24,0.06085526315789474,0.09539473684210527,5.9425889630156545,0.011513157894736841,1.0,58,608.0,711,0.20944512897364853,6.762103024748354,1.3454877102626324,962.5,-0.08949011446409989,0.04357212953876349,16.43243243243243
2015-02-25,0.05736434108527132,0.08992248062015504,5.950303234169668,0.0,1.0,58,645.0,712,0.1750217953196188,6.762103024748354,1.411888809476366,990.25,-0.08949011446409989,0.04357212953876349,17.43243243243243
2015-02-26,0.05736434108527132,0.08992248062015504,5.958040309171027,0.0,1.0,58,645.0,713,0.1429111243158418,6.762103024748354,1.4073535572586806,985.5,-0.08949011446409989,0.04357212953876349,17.43243243243243
2015-02-27,0.057902973395931145,0.09076682316118936,5.96593643991621,0.009389671361502348,1.0,58,639.0,714,0.11140797929383432,6.762103024748354,1.3937053171926168,981.0,-0.08949011446409989,0.04357212953876349,17.27027027027027
2015-03-02,0.057902973395931145,0.09076682316118936,5.973851019442735,0.009389671361502348,1.0,58,639.0,717,0.08193226628104883,6.762103024748354,1.389319373953537,976.5,-0.08949011446409989,0.04357212953876349,17.27027027027027
2015-03-03,0.05727554179566564,0.08978328173374613,5.981626257244497,0.0,1.0,58,646.0,718,0.053012049698695475,6.762103024748354,1.3997404308073764,981.75,-0.08949011446409989,0.04357212953876349,17.45945945945946
2015-03-04,0.058084772370486655,0.09105180533751962,5.989620688533635,0.0141287284144427,1.0,58,637.0,719,0.024577098072320776,6.762103024748354,1.380663057151738,975.0,-0.08949011446409989,0.04357212953876349,17.216216216216218
2015-03-05,0.058084772370486655,0.09105180533751962,5.997630723135136,0.0141287284144427,1.0,58,637.0,720,-0.004004313967111948,6.762103024748354,1.3791381871610873,977.25,-0.08949011446409989,0.04357212953876349,17.216216216216218
2015-03-06,0.058084772370486655,0.09105180533751962,6.005655766039693,0.0141287284144427,1.0,58,637.0,721,-0.030923805220680063,6.762103024748354,1.3750101231952367,973.25,-0.08949011446409989,0.04357212953876349,17.216216216216218
2015-03-09,0.058084772370486655,0.09105180533751962,6.013695239603711,0.0141287284144427,1.0,58,637.0,724,-0.057036029257876646,6.762103024748354,1.372041483463656,972.0,-0.08949011446409989,0.04357212953876349,17.216216216216218
2015-03-10,0.058084772370486655,0.09105180533751962,6.021748582970637,0.0141287284144427,1.0,58,637.0,725,-0.0849580409318711,6.762103024748354,1.3730491451785816,980.25,-0.08949011446409989,0.04357212953876349,17.216216216216218
2015-03-11,0.058084772370486655,0.09105180533751962,6.029815251514736,0.0141287284144427,1.0,58,637.0,726,-0.11288418289719128,6.762103024748354,1.3714546321582857,982.25,-0.08949011446409989,0.04357212953876349,17.216216216216218
2015-03-12,0.058084772370486655,0.09105180533751962,6.037894716306334,0.0141287284144427,1.0,58,637.0,727,-0.14008175544405924,6.762103024748354,1.36872131831456,981.5,-0.08949011446409989,0.04357212953876349,17.216216216216218
2015-03-13,0.058084772370486655,0.09105180533751962,6.045986463597523,0.0141287284144427,1.0,58,637.0,728,-0.16456044893289484,6.762103024748354,1.3626612628245867,972.75,-0.08949011446409989,0.04357212953876349,17.216216216216218
2015-03-16,0.058084772370486655,0.09105180533751962,6.0540899943275,0.0141287284144427,1.0,58,637.0,731,-0.1879586797238031,6.762103024748354,1.3591143500085445,970.0,-0.08949011446409989,0.04357212953876349,17.216216216216218
2015-03-17,0.058084772370486655,0.09105180533751962,6.06220482364661,0.0141287284144427,1.0,58,637.0,732,-0.21221589726922663,6.762103024748354,1.358806564690886,975.0,-0.08949011446409989,0.04357212953876349,17.216216216216218
2015-03-18,0.058084772370486655,0.09105180533751962,6.070330480458334,0.0141287284144427,1.0,58,637.0,733,-0.2384837131124357,6.762103024748354,1.3606925867402577,985.25,-0.08949011446409989,0.04357212953876349,17.216216216216218
2015-03-19,0.058084772370486655,0.09105180533751962,6.078466506978393,0.0141287284144427,1.0,58,637.0,734,-0.2646426300982756,6.762103024748354,1.359045240077713,987.0,-0.08949011446409989,0.04357212953876349,17.216216216216218
2015-03-20,0.058084772370486655,0.09105180533751962,6.086612458310295,0.0141287284144427,1.0,58,637.0,735,-0.29165625242011983,6.762103024748354,1.3592788007386205,993.25,-0.08949011446409989,0.04357212953876349,17.216216216216218
2015-03-23,0.058084772370486655,0.09105180533751962,6.09476790203655,0.0141287284144427,1.0,58,637.0,738,-0.3196612347326155,6.762103024748354,1.3600389688911902,1000.75,-0.08949011446409989,0.04357212953876349,17.216216216216218
2015-03-24,0.058084772370486655,0.09105180533751962,6.102932417824946,0.0141287284144427,1.0,58,637.0,739,-0.34745935245762255,6.762103024748354,1.3586223461223463,1003.0,-0.08949011446409989,0.04357212953876349,17.216216216216218
2015-03-25,0.058084772370486655,0.09105180533751962,6.1111055970492245,0.0141287284144427,1.0,58,637.0,740,-0.37624957099998557,6.762103024748354,1.3599152323978962,1011.75,-0.08949011446409989,0.04357212953876349,17.216216216216218
2015-03-26,0.058084772370486655,0.09105180533751962,6.1192870424235375,0.0141287284144427,1.0,58,637.0,741,-0.4048121667990178,6.762103024748354,1.3588248896692823,1014.75,-0.08949011446409989,0.04357212953876349,17.216216216216218
2015-03-27,0.058084772370486655,0.09105180533751962,6.127476367650153,0.0141287284144427,1.0,58,637.0,742,-0.4306017164222789,6.762103024748354,1.3517205282454594,1003.25,-0.08949011446409989,0.04357212953876349,17.216216216216218
2015-03-30,0.058084772370486655,0.09105180533751962,6.1356731970797975,0.0141287284144427,1.0,58,637.0,745,-0.45414039332229766,6.762103024748354,1.3454589150335365,993.75,-0.08949011446409989,0.04357212953876349,17.216216216216218
2015-03-31,0.058084772370486655,0.09105180533751962,6.143877165384187,0.0141287284144427,1.0,58,637.0,746,-0.4781481189803074,6.762103024748354,1.3454331545390141,999.25,-0.08949011446409989,0.04357212953876349,17.216216216216218
2015-04-01,0.058084772370486655,0.09105180533751962,6.1520879172401655,0.0141287284144427,1.0,58,637.0,747,-0.4993750844669605,6.762103024748354,1.33753341815058,985.75,-0.08949011446409989,0.04357212953876349,17.216216216216218
2015-04-02,0.058084772370486655,0.09105180533751962,6.160305107025052,0.0141287284144427,1.0,58,637.0,748,-0.5203182555668756,6.762103024748354,1.3354510546953706,986.25,-0.08949011446409989,0.04357212953876349,17.216216216216218
2015-04-03,0.058084772370486655,0.09105180533751962,6.168528398522695,0.0141287284144427,1.0,58,637.0,749,-0.5408987547426352,6.762103024748354,1.3331696779261586,986.25,-0.08949011446409989,0.04357212953876349,17.216216216216218
2015-04-06,0.058084772370486655,0.09105180533751962,6.176757464639807,0.0141287284144427,1.0,58,637.0,752,-0.5620715216130266,6.762103024748354,1.333382125373558,992.25,-0.08949011446409989,0.04357212953876349,17.216216216216218
2015-04-07,0.058084772370486655,0.09105180533751962,6.184991987132188,0.0141287284144427,1.0,58,637.0,753,-0.5850258328523238,6.762103024748354,1.3373274992880617,1007.25,-0.08949011446409989,0.04357212953876349,17.216216216216218
2015-04-08,0.058084772370486655,0.09105180533751962,6.193231656340425,0.0141287284144427,1.0,58,637.0,754,-0.6058990648227587,6.762103024748354,1.33041089704997,996.0,-0.08949011446409989,0.04357212953876349,17.216216216216218
2015-04-09,0.058084772370486655,0.09105180533751962,6.201476170934692,0.0141287284144427,1.0,58,637.0,755,-0.6265435940752374,6.762103024748354,1.3286780367458895,997.25,-0.08949011446409989,0.04357212953876349,17.216216216216218
2015-04-10,0.058084772370486655,0.09105180533751962,6.209725237668296,0.0141287284144427,1.0,58,637.0,756,-0.6464845991586294,6.762103024748354,1.3255054130374624,995.0,-0.08949011446409989,0.04357212953876349,17.216216216216218
2015-04-13,0.058084772370486655,0.09105180533751962,6.217978571139635,0.0141287284144427,1.0,58,637.0,759,-0.6662836226208835,6.762103024748354,1.3239952314777383,996.75,-0.08949011446409989,0.04357212953876349,17.216216216216218
2015-04-14,0.058084772370486655,0.09105180533751962,6.22623589356221,0.0141287284144427,1.0,58,637.0,760,-0.6851637664926523,6.762103024748354,1.3200131653044762,992.5,-0.08949011446409989,0.04357212953876349,17.216216216216218
2015-04-15,0.058084772370486655,0.09105180533751962,6.234496934542415,0.0141287284144427,1.0,58,637.0,761,-0.7043931856673101,6.762103024748354,1.3200678195689677,998.0,-0.08949011446409989,0.04357212953876349,17.216216216216218
2015-04-16,0.058084772370486655,0.09105180533751962,6.242761430864776,0.0141287284144427,1.0,58,637.0,762,-0.7230815138597978,6.762103024748354,1.3172383881696073,996.5,-0.08949011446409989,0.04357212953876349,17.216216216216218
2015-04-17,0.058084772370486655,0.09105180533751962,6.251029126284367,0.0141287284144427,1.0,58,637.0,763,-0.7408376662722586,6.762103024748354,1.312972898610538,991.5,-0.08949011446409989,0.04357212953876349,17.216216216216218
2015-04-20,0.058084772370486655,0.09105180533751962,6.259299771326125,0.0141287284144427,1.0,58,637.0,766,-0.7587545190152117,6.762103024748354,1.312429860444911,995.5,-0.08949011446409989,0.04357212953876349,17.216216216216218
2015-04-21,0.058084772370486655,0.09105180533751962,6.267573123090805,0.0141287284144427,1.0,58,637.0,767,-0.7765984078127218,6.762103024748354,1.311171645722026,997.75,-0.08949011446409989,0.04357212953876349,17.216216216216218
2015-04-22,0.058084772370486655,0.09105180533751962,6.275848945067303,0.0141287284144427,1.0,58,637.0,768,-0.7946289459527602,6.762103024748354,1.3110540111151656,1002.75,-0.08949011446409989,0.04357212953876349,17.216216216216218
2015-04-23,0.058084772370486655,0.09105180533751962,6.28412700695115,0.0141287284144427,1.0,58,637.0,769,-0.813440098857269,6.762103024748354,1.3140326628460126,1015.25,-0.08949011446409989,0.04357212953876349,17.216216216216218
2015-04-24,0.058084772370486655,0.09105180533751962,6.292407084468898,0.0141287284144427,1.0,58,637.0,770,-0.8317046068596461,6.762103024748354,1.3112487180713812,1013.75,-0.08949011446409989,0.04357212953876349,17.216216216216218
2015-04-27,0.058084772370486655,0.09105180533751962,6.3006889592082205,0.0141287284144427,1.0,58,637.0,773,-0.8491849118465695,6.762103024748354,1.3071349514621033,1009.0,-0.08949011446409989,0.04357212953876349,17.216216216216218
2015-04-28,0.05701078582434515,0.08936825885978428,6.308781011841085,0.0,1.0,58,649.0,774,-0.8668732717096154,6.762103024748354,1.3254504051972407,1018.0,-0.08949011446409989,0.04357212953876349,17.54054054054054
2015-04-29,0.0583596214511041,0.0914826498422713,6.317112604434874,0.02365930599369085,1.0,58,634.0,775,-0.8835047638188039,6.762103024748354,1.2977362942854556,1006.75,-0.08949011446409989,0.04357212953876349,17.135135135135137
2015-04-30,0.0583596214511041,0.0914826498422713,6.32544466703102,0.02365930599369085,1.0,58,634.0,776,-0.8985038552573908,6.762103024748354,1.288929513394974,990.5,-0.08949011446409989,0.04357212953876349,17.135135135135137
2015-05-01,0.0583596214511041,0.0914826498422713,6.333777016902641,0.02365930599369085,1.0,58,634.0,777,-0.9123786698738641,6.762103024748354,1.282807293006532,980.75,-0.08949011446409989,0.04357212953876349,17.135135135135137
2015-05-04,0.0583596214511041,0.0914826498422713,6.342109476074651,0.02365930599369085,1.0,58,634.0,780,-0.9266945153298309,6.762103024748354,1.2835774685079269,987.75,-0.08949011446409989,0.04357212953876349,17.135135135135137
2015-05-05,0.0583596214511041,0.0914826498422713,6.3504418711937936,0.02365930599369085,1.0,58,634.0,781,-0.9413962074380193,6.762103024748354,1.2845580063735988,995.25,-0.08949011446409989,0.04357212953876349,17.135135135135137
2015-05-06,0.0583596214511041,0.0914826498422713,6.358774033402748,0.02365930599369085,1.0,58,634.0,782,-0.9547359952018711,6.762103024748354,1.276820045765515,981.5,-0.08949011446409989,0.04357212953876349,17.135135135135137
2015-05-07,0.0583596214511041,0.0914826498422713,6.367105798218124,0.02365930599369085,1.0,58,634.0,783,-0.9676979839608993,6.762103024748354,1.2738129433143794,979.25,-0.08949011446409989,0.04357212953876349,17.135135135135137
2015-05-08,0.0583596214511041,0.0914826498422713,6.375437005412228,0.02365930599369085,1.0,58,634.0,784,-0.9804918472134573,6.762103024748354,1.2717367542139535,979.25,-0.08949011446409989,0.04357212953876349,17.135135135135137
2015-05-11,0.0583596214511041,0.0914826498422713,6.383767498898464,0.02365930599369085,1.0,58,634.0,787,-0.9937297947168068,6.762103024748354,1.2727428252930217,986.75,-0.08949011446409989,0.04357212953876349,17.135135135135137
2015-05-12,0.0583596214511041,0.0914826498422713,6.392097126620231,0.02365930599369085,1.0,58,634.0,788,-1.007243174709681,6.762103024748354,1.2733437308913023,993.25,-0.08949011446409989,0.04357212953876349,17.135135135135137
2015-05-13,0.0583596214511041,0.0914826498422713,6.400425740443224,0.02365930599369085,1.0,58,634.0,789,-1.0203766722218155,6.762103024748354,1.2702625943907422,990.75,-0.08949011446409989,0.04357212953876349,17.135135135135137
2015-05-14,0.0583596214511041,0.0914826498422713,6.408753196050971,0.02365930599369085,1.0,58,634.0,790,-1.0333134175030232,6.762103024748354,1.268213164894581,990.75,-0.08949011446409989,0.04357212953876349,17.135135135135137
2015-05-15,0.05692307692307692,0.08923076923076922,6.416848418950181,0.0,1.0,58,650.0,791,-1.0466315805251394,6.762103024748354,1.2928020348034117,1002.75,-0.08949011446409989,0.04357212953876349,17.56756756756757
2015-05-18,0.05692307692307692,0.08923076923076922,6.424945559462138,0.0,1.0,58,650.0,794,-1.0601293162725371,6.762103024748354,1.2927633667881895,1007.75,-0.08949011446409989,0.04357212953876349,17.56756756756757
2015-05-19,0.055639097744360905,0.08721804511278196,6.43281009311115,0.0,1.0,58,665.0,795,-1.0739505447200992,6.762103024748354,1.3155599239609437,1019.0,-0.08949011446409989,0.04357212953876349,17.972972972972972
2015-05-20,0.055639097744360905,0.08721804511278196,6.440679698206287,0.0,1.0,58,665.0,796,-1.0877327522932116,6.762103024748354,1.3142607923412852,1021.0,-0.08949011446409989,0.04357212953876349,17.972972972972972
2015-05-21,0.055639097744360905,0.08721804511278196,6.44855411833276,0.0,1.0,58,665.0,797,-1.101243453572624,6.762103024748354,1.3117422694455798,1020.0,-0.08949011446409989,0.04357212953876349,17.972972972972972
2015-05-22,0.055639097744360905,0.08721804511278196,6.456433103427964,0.0,1.0,58,665.0,798,-1.1152850653045743,6.762103024748354,1.3140311473392627,1030.75,-0.08949011446409989,0.04357212953876349,17.972972972972972
2015-05-25,0.055639097744360905,0.08721804511278196,6.464316409607982,0.0,1.0,58,665.0,801,-1.1290994058650516,6.762103024748354,1.3119340846984782,1030.75,-0.08949011446409989,0.04357212953876349,17.972972972972972
2015-05-26,0.055639097744360905,0.08721804511278196,6.4722037989995505,0.0,1.0,58,665.0,802,-1.1422011683149709,6.762103024748354,1.306578872386651,1022.75,-0.08949011446409989,0.04357212953876349,17.972972972972972
2015-05-27,0.055639097744360905,0.08721804511278196,6.480095039577282,0.0,1.0,58,665.0,803,-1.1552115733630766,6.762103024748354,1.3051094127832343,1024.25,-0.08949011446409989,0.04357212953876349,17.972972972972972
2015-05-28,0.054814814814814816,0.08592592592592592,6.487830947852924,0.0,1.0,58,675.0,804,-1.1683910077554764,6.762103024748354,1.3194065181927797,1031.75,-0.08949011446409989,0.04357212953876349,18.243243243243242
2015-05-29,0.05674846625766871,0.08895705521472393,6.495922243135458,0.0352760736196319,1.0,58,652.0,805,-1.1805175730751711,6.762103024748354,1.2797226751823163,1014.5,-0.08949011446409989,0.04357212953876349,17.62162162162162
2015-06-01,0.05674846625766871,0.08895705521472393,6.504013930230363,0.0352760736196319,1.0,58,652.0,808,-1.1927725242656784,6.762103024748354,1.2806550406156114,1021.75,-0.08949011446409989,0.04357212953876349,17.62162162162162
2015-06-02,0.05674846625766871,0.08895705521472393,6.51210585162179,0.0352760736196319,1.0,58,652.0,809,-1.2048362002138173,6.762103024748354,1.2787405126181297,1022.0,-0.08949011446409989,0.04357212953876349,17.62162162162162
2015-06-03,0.05674846625766871,0.08895705521472393,6.520197853665381,0.0352760736196319,1.0,58,652.0,810,-1.2165149634762502,6.762103024748354,1.2746950825021237,1017.0,-0.08949011446409989,0.04357212953876349,17.62162162162162
2015-06-04,0.05674846625766871,0.08895705521472393,6.528289786488227,0.0352760736196319,1.0,58,652.0,811,-1.2275911398329038,6.762103024748354,1.2688265757231274,1007.5,-0.08949011446409989,0.04357212953876349,17.62162162162162
2015-06-05,0.05674846625766871,0.08895705521472393,6.536381503891775,0.0352760736196319,1.0,58,652.0,812,-1.2385470777345622,6.762103024748354,1.2670362958284376,1008.0,-0.08949011446409989,0.04357212953876349,17.62162162162162
2015-06-08,0.05674846625766871,0.08895705521472393,6.544472863257576,0.0352760736196319,1.0,58,652.0,815,-1.249621542325838,6.762103024748354,1.2674892288514454,1014.0,-0.08949011446409989,0.04357212953876349,17.62162162162162
2015-06-09,0.05674846625766871,0.08895705521472393,6.552563725455788,0.0352760736196319,1.0,58,652.0,816,-1.2605295256515534,6.762103024748354,1.2654061902968943,1013.75,-0.08949011446409989,0.04357212953876349,17.62162162162162
2015-06-10,0.05674846625766871,0.08895705521472393,6.560653954756334,0.0352760736196319,1.0,58,652.0,817,-1.2716698247815295,6.762103024748354,1.2687138539295197,1026.75,-0.08949011446409989,0.04357212953876349,17.62162162162162
2015-06-11,0.05674846625766871,0.08895705521472393,6.568743418742638,0.0352760736196319,1.0,58,652.0,818,-1.282598614508437,6.762103024748354,1.2662358446680138,1025.5,-0.08949011446409989,0.04357212953876349,17.62162162162162
2015-06-12,0.05674846625766871,0.08895705521472393,6.576831988227836,0.0352760736196319,1.0,58,652.0,819,-1.2934299717512772,6.762103024748354,1.266099362718403,1030.0,-0.08949011446409989,0.04357212953876349,17.62162162162162
2015-06-15,0.05674846625766871,0.08895705521472393,6.584919537173399,0.0352760736196319,1.0,58,652.0,822,-1.3040426831990692,6.762103024748354,1.2632284798889355,1027.75,-0.08949011446409989,0.04357212953876349,17.62162162162162
2015-06-16,0.05674846625766871,0.08895705521472393,6.593005942610083,0.0352760736196319,1.0,58,652.0,823,-1.3145317100305904,6.762103024748354,1.2629003325468118,1031.75,-0.08949011446409989,0.04357212953876349,17.62162162162162
2015-06-17,0.05674846625766871,0.08895705521472393,6.601091084561121,0.0352760736196319,1.0,58,652.0,824,-1.324860534905462,6.762103024748354,1.2658214536026118,1043.75,-0.08949011446409989,0.04357212953876349,17.62162162162162
2015-06-18,0.05674846625766871,0.08895705521472393,6.6091748459675985,0.0352760736196319,1.0,58,652.0,825,-1.3348996236099036,6.762103024748354,1.2669209841088813,1051.25,-0.08949011446409989,0.04357212953876349,17.62162162162162
2015-06-19,0.05674846625766871,0.08895705521472393,6.617257112615934,0.0352760736196319,1.0,58,652.0,826,-1.3446235014525751,6.762103024748354,1.2670114864512803,1056.25,-0.08949011446409989,0.04357212953876349,17.62162162162162
2015-06-22,0.05674846625766871,0.08895705521472393,6.625337773067403,0.0352760736196319,1.0,58,652.0,829,-1.3540233151806353,6.762103024748354,1.2667016956202861,1060.25,-0.08949011446409989,0.04357212953876349,17.62162162162162
2015-06-23,0.05674846625766871,0.08895705521472393,6.633416718589624,0.0352760736196319,1.0,58,652.0,830,-1.3631822365851356,6.762103024748354,1.2650811423421702,1061.0,-0.08949011446409989,0.04357212953876349,17.62162162162162
2015-06-24,0.05674846625766871,0.08895705521472393,6.641493843089969,0.0352760736196319,1.0,58,652.0,831,-1.3719092608517014,6.762103024748354,1.2656924703666914,1067.25,-0.08949011446409989,0.04357212953876349,17.62162162162162
2015-06-25,0.05674846625766871,0.08895705521472393,6.649569043050817,0.0352760736196319,1.0,58,652.0,832,-1.3801402014952269,6.762103024748354,1.2664091607516794,1073.75,-0.08949011446409989,0.04357212953876349,17.62162162162162
2015-06-26,0.05674846625766871,0.08895705521472393,6.657642217466596,0.0352760736196319,1.0,58,652.0,833,-1.3878907628706116,6.762103024748354,1.266624511163519,1079.0,-0.08949011446409989,0.04357212953876349,17.62162162162162
2015-06-29,0.05674846625766871,0.08895705521472393,6.665713267782573,0.0352760736196319,1.0,58,652.0,836,-1.3948640583539589,6.762103024748354,1.268562226383873,1088.5,-0.08949011446409989,0.04357212953876349,17.62162162162162
2015-06-30,0.05674846625766871,0.08895705521472393,6.673782097835307,0.0352760736196319,1.0,58,652.0,837,-1.4012384784943586,6.762103024748354,1.2689878720313503,1094.25,-0.08949011446409989,0.04357212953876349,17.62162162162162
2015-07-01,0.05674846625766871,0.08895705521472393,6.681848613794759,0.0352760736196319,1.0,58,652.0,838,-1.4076112214102252,6.762103024748354,1.2659848401077727,1091.5,-0.08949011446409989,0.04357212953876349,17.62162162162162
2015-07-02,0.05674846625766871,0.08895705521472393,6.689912724107935,0.0352760736196319,1.0,58,652.0,839,-1.4134592615604442,6.762103024748354,1.2660166868523752,1096.25,-0.08949011446409989,0.04357212953876349,17.62162162162162
2015-07-03,0.05674846625766871,0.08895705521472393,6.697974339444113,0.0352760736196319,1.0,58,652.0,840,-1.4191306638540868,6.762103024748354,1.2641362123122748,1096.25,-0.08949011446409989,0.04357212953876349,17.62162162162162
2015-07-06,0.05674846625766871,0.08895705521472393,6.7060333726415,0.0352760736196319,1.0,58,652.0,843,-1.4254775134541793,6.762103024748354,1.2571186002286314,1083.5,-0.08949011446409989,0.04357212953876349,17.62162162162162
2015-07-07,0.05674846625766871,0.08895705521472393,6.714089738655366,0.0352760736196319,1.0,58,652.0,844,-1.4316894010455348,6.762103024748354,1.2550506874230996,1083.0,-0.08949011446409989,0.04357212953876349,17.62162162162162
2015-07-08,0.05674846625766871,0.08895705521472393,6.7221433545075495,0.0352760736196319,1.0,58,652.0,845,-1.4379556707487833,6.762103024748354,1.251678985455021,1079.25,-0.08949011446409989,0.04357212953876349,17.62162162162162
2015-07-09,0.05674846625766871,0.08895705521472393,6.730194139237316,0.0352760736196319,1.0,58,652.0,846,-1.4432843653223435,6.762103024748354,1.2549623404212813,1092.0,-0.08949011446409989,0.04357212953876349,17.62162162162162
2015-07-10,0.05674846625766871,0.08895705521472393,6.738242013853524,0.0352760736196319,1.0,58,652.0,847,-1.4477907272604191,6.762103024748354,1.2568379169773602,1101.25,-0.08949011446409989,0.04357212953876349,17.62162162162162
2015-07-13,0.05674846625766871,0.08895705521472393,6.7462869012880775,0.0352760736196319,1.0,58,652.0,850,-1.4519277019135193,6.762103024748354,1.2562003080008597,1104.25,-0.08949011446409989,0.04357212953876349,17.62162162162162
2015-07-14,0.05674846625766871,0.08895705521472393,6.754328726350578,0.0352760736196319,1.0,58,652.0,851,-1.4551557105892876,6.762103024748354,1.2580827067669174,1113.5,-0.08949011446409989,0.04357212953876349,17.62162162162162
2015-07-15,0.05473372781065089,0.08579881656804733,6.762070383939423,0.0,1.0,58,676.0,852,-1.460463867784222,6.762103024748354,1.2932424863306768,1131.5,-0.08949011446409989,0.04357212953876349,18.27027027027027
2015-07-16,0.05473372781065089,0.08579881656804733,6.769812570221793,0.0,1.0,58,676.0,853,-1.4657067165486721,6.762103024748354,1.2908465001614955,1130.25,-0.08949011446409989,0.04357212953876349,18.27027027027027
2015-07-17,0.05473372781065089,0.08579881656804733,6.777555153950679,0.0,1.0,58,676.0,854,-1.4712302539225428,6.762103024748354,1.2864472874050763,1124.0,-0.08949011446409989,0.04357212953876349,18.27027027027027
2015-07-20,0.05473372781065089,0.08579881656804733,6.785298006848122,0.0,1.0,58,676.0,857,-1.4757642748499609,6.762103024748354,1.2892878994372625,1135.75,-0.08949011446409989,0.04357212953876349,18.27027027027027
2015-07-21,0.05393586005830904,0.08454810495626822,6.792907144255822,0.0,1.0,58,686.0,858,-1.4810159695247933,6.762103024748354,1.302720998185237,1143.25,-0.08949011446409989,0.04357212953876349,18.54054054054054
2015-07-22,0.05293276108726753,0.08297567954220315,6.800333454037095,0.0,1.0,58,699.0,859,-1.4871777499096321,6.762103024748354,1.3206926041240323,1153.0,-0.08949011446409989,0.04357212953876349,18.89189189189189
2015-07-23,0.050340136054421766,0.07891156462585033,6.807187264970007,0.0,1.0,58,735.0,860,-1.4958735965372938,6.762103024748354,1.3736933797909407,1180.0,-0.08949011446409989,0.04357212953876349,19.864864864864863
2015-07-24,0.049136786188579015,0.07702523240371846,6.813729474205333,0.0,1.0,58,753.0,861,-1.5055852248845514,6.762103024748354,1.3990973426894004,1193.5,-0.08949011446409989,0.04357212953876349,20.35135135135135
2015-07-27,0.049136786188579015,0.07702523240371846,6.820288601856717,0.0,1.0,58,753.0,864,-1.5152530874678392,6.762103024748354,1.3946395173375583,1187.5,-0.08949011446409989,0.04357212953876349,20.35135135135135
2015-07-28,0.049136786188579015,0.07702523240371846,6.826864213203485,0.0,1.0,58,753.0,865,-1.5248217901382684,6.762103024748354,1.3908914917213067,1183.25,-0.08949011446409989,0.04357212953876349,20.35135135135135
2015-07-29,0.049136786188579015,0.07702523240371846,6.833455883592827,0.0,1.0,58,753.0,866,-1.5340033842154237,6.762103024748354,1.3915583188351766,1190.0,-0.08949011446409989,0.04357212953876349,20.35135135135135
2015-07-30,0.049136786188579015,0.07702523240371846,6.840063198167925,0.0,1.0,58,753.0,867,-1.5427361175998813,6.762103024748354,1.3923295050835196,1197.0,-0.08949011446409989,0.04357212953876349,20.35135135135135
2015-07-31,0.047073791348600506,0.0737913486005089,6.84605143612835,0.0,1.0,58,786.0,868,-1.553325852010685,6.762103024748354,1.4401400347331006,1221.75,-0.08949011446409989,0.04357212953876349,21.243243243243242
2015-08-03,0.047073791348600506,0.0737913486005089,6.852064817541405,0.0,1.0,58,786.0,871,-1.5639224765892232,6.762103024748354,1.4314327016980426,1205.25,-0.08949011446409989,0.04357212953876349,21.243243243243242
2015-08-04,0.047073791348600506,0.0737913486005089,6.8581027393116045,0.0,1.0,58,786.0,872,-1.5743229925868372,6.762103024748354,1.429837239165329,1206.5,-0.08949011446409989,0.04357212953876349,21.243243243243242
2015-08-05,0.047073791348600506,0.0737913486005089,6.864164612779047,0.0,1.0,58,786.0,873,-1.5845020772696337,6.762103024748354,1.4291475717405344,1210.0,-0.08949011446409989,0.04357212953876349,21.243243243243242
2015-08-06,0.047073791348600506,0.0737913486005089,6.870249863310436,0.0,1.0,58,786.0,874,-1.594580536682898,6.762103024748354,1.422867785771383,1199.5,-0.08949011446409989,0.04357212953876349,21.243243243243242
2015-08-07,0.047073791348600506,0.0737913486005089,6.876357929903747,0.0,1.0,58,786.0,875,-1.6045014028761224,6.762103024748354,1.4183956887517726,1193.5,-0.08949011446409989,0.04357212953876349,21.243243243243242
2015-08-10,0.047073791348600506,0.0737913486005089,6.882488264806049,0.0,1.0,58,786.0,878,-1.6142712203398508,6.762103024748354,1.4158289320818749,1192.25,-0.08949011446409989,0.04357212953876349,21.243243243243242
2015-08-11,0.047073791348600506,0.0737913486005089,6.8886403331439245,0.0,1.0,58,786.0,879,-1.6238980670469225,6.762103024748354,1.4138678057896945,1192.5,-0.08949011446409989,0.04357212953876349,21.243243243243242
2015-08-12,0.047073791348600506,0.0737913486005089,6.894813612566059,0.0,1.0,58,786.0,880,-1.6333716006188066,6.762103024748354,1.414107731270071,1198.25,-0.08949011446409989,0.04357212953876349,21.243243243243242
2015-08-13,0.047073791348600506,0.0737913486005089,6.901007592897495,0.0,1.0,58,786.0,881,-1.6426177269328655,6.762103024748354,1.4153494026250308,1206.5,-0.08949011446409989,0.04357212953876349,21.243243243243242
2015-08-14,0.047073791348600506,0.0737913486005089,6.907221775805135,0.0,1.0,58,786.0,882,-1.6516336018042235,6.762103024748354,1.4150995735990313,1211.0,-0.08949011446409989,0.04357212953876349,21.243243243243242
2015-08-17,0.047073791348600506,0.0737913486005089,6.913455674474059,0.0,1.0,58,786.0,885,-1.6605707749133003,6.762103024748354,1.41126753812856,1206.5,-0.08949011446409989,0.04357212953876349,21.243243243243242
2015-08-18,0.047073791348600506,0.0737913486005089,6.919708813294253,0.0,1.0,58,786.0,886,-1.6693723739233053,6.762103024748354,1.4089372368346518,1205.75,-0.08949011446409989,0.04357212953876349,21.243243243243242
2015-08-19,0.047073791348600506,0.0737913486005089,6.925980727557375,0.0,1.0,58,786.0,887,-1.677908397355346,6.762103024748354,1.4095007204891539,1212.25,-0.08949011446409989,0.04357212953876349,21.243243243243242
2015-08-20,0.047073791348600506,0.0737913486005089,6.932270963163152,0.0,1.0,58,786.0,888,-1.6854305583533902,6.762103024748354,1.4174330144440543,1237.25,-0.08949011446409989,0.04357212953876349,21.243243243243242
2015-08-21,0.047073791348600506,0.0737913486005089,6.938579076335098,0.0,1.0,58,786.0,889,-1.6914920534530673,6.762103024748354,1.424368754176396,1259.75,-0.08949011446409989,0.04357212953876349,21.243243243243242
2015-08-24,0.047073791348600506,0.0737913486005089,6.944904633345184,0.0,1.0,58,786.0,892,-1.697847795868208,6.762103024748354,1.419569250501743,1252.75,-0.08949011446409989,0.04357212953876349,21.243243243243242
2015-08-25,0.047073791348600506,0.0737913486005089,6.95124721024713,0.0,1.0,58,786.0,893,-1.6947975062389204,6.762103024748354,1.453346691013792,1342.75,-0.08949011446409989,0.04357212953876349,21.243243243243242
2015-08-26,0.047073791348600506,0.0737913486005089,6.957606392618034,0.0,1.0,58,786.0,894,-1.6961053722292732,6.762103024748354,1.4379165826970302,1309.0,-0.08949011446409989,0.04357212953876349,21.243243243243242
2015-08-27,0.047073791348600506,0.0737913486005089,6.963981775307998,0.0,1.0,58,786.0,895,-1.7009918791863137,6.762103024748354,1.4200201132300356,1269.0,-0.08949011446409989,0.04357212953876349,21.243243243243242
2015-08-28,0.047073791348600506,0.0737913486005089,6.970372962197509,0.0,1.0,58,786.0,896,-1.7066016477956027,6.762103024748354,1.4129644097598695,1256.25,-0.08949011446409989,0.04357212953876349,21.243243243243242
2015-08-31,0.047073791348600506,0.0737913486005089,6.976779565962253,0.0,1.0,58,786.0,899,-1.7123166623753125,6.762103024748354,1.4093923564090483,1252.25,-0.08949011446409989,0.04357212953876349,21.243243243243242
2015-09-01,0.047073791348600506,0.0737913486005089,6.983201207845146,0.0,1.0,58,786.0,900,-1.71701266284419,6.762103024748354,1.4129704201535462,1266.25,-0.08949011446409989,0.04357212953876349,21.243243243243242
2015-09-02,0.047073791348600506,0.0737913486005089,6.989637517435267,0.0,1.0,58,786.0,901,-1.7234953579877592,6.762103024748354,1.3970141494674548,1231.0,-0.08949011446409989,0.04357212953876349,21.243243243243242
2015-09-03,0.047073791348600506,0.0737913486005089,6.996088132453518,0.0,1.0,58,786.0,902,-1.7297298819192495,6.762103024748354,1.3963405750327351,1234.25,-0.08949011446409989,0.04357212953876349,21.243243243243242
2015-09-04,0.047073791348600506,0.0737913486005089,7.002552698544722,0.0,1.0,58,786.0,903,-1.7359007200426555,6.762103024748354,1.3938883019256894,1233.0,-0.08949011446409989,0.04357212953876349,21.243243243243242
2015-09-07,0.047073791348600506,0.0737913486005089,7.009030869075964,0.0,1.0,58,786.0,906,-1.7419598021903149,6.762103024748354,1.3919375540407146,1233.0,-0.08949011446409989,0.04357212953876349,21.243243243243242
2015-09-08,0.047073791348600506,0.0737913486005089,7.0155223049409345,0.0,1.0,58,786.0,907,-1.748202357719164,6.762103024748354,1.386923359002567,1225.25,-0.08949011446409989,0.04357212953876349,21.243243243243242
2015-09-09,0.047073791348600506,0.0737913486005089,7.02202667437011,0.0,1.0,58,786.0,908,-1.7531382338593815,6.762103024748354,1.3953774428531867,1251.5,-0.08949011446409989,0.04357212953876349,21.243243243243242
2015-09-10,0.047073791348600506,0.0737913486005089,7.028543652746531,0.0,1.0,58,786.0,909,-1.7585579619977643,6.762103024748354,1.388989376274695,1240.25,-0.08949011446409989,0.04357212953876349,21.243243243243242
2015-09-11,0.047073791348600506,0.0737913486005089,7.035072922426983,0.0,1.0,58,786.0,910,-1.764248724226275,6.762103024748354,1.3836984301172492,1231.75,-0.08949011446409989,0.04357212953876349,21.243243243243242
2015-09-14,0.047073791348600506,0.0737913486005089,7.0416141725684405,0.0,1.0,58,786.0,913,-1.76993073353003,6.762103024748354,1.380887229608929,1229.5,-0.08949011446409989,0.04357212953876349,21.243243243243242
2015-09-15,0.047073791348600506,0.0737913486005089,7.048167098959563,0.0,1.0,58,786.0,914,-1.775007557907465,6.762103024748354,1.3836160560260033,1241.25,-0.08949011446409989,0.04357212953876349,21.243243243243242
2015-09-16,0.047073791348600506,0.0737913486005089,7.05473140385706,0.0,1.0,58,786.0,915,-1.7801326207275272,6.762103024748354,1.3805191768855185,1238.25,-0.08949011446409989,0.04357212953876349,21.243243243243242
2015-09-17,0.047073791348600506,0.0737913486005089,7.061306795826807,0.0,1.0,58,786.0,916,-1.7843257963318124,6.762103024748354,1.384932859399684,1254.25,-0.08949011446409989,0.04357212953876349,21.243243243243242
2015-09-18,0.047073791348600506,0.0737913486005089,7.067892989589512,0.0,1.0,58,786.0,917,-1.7882992488497202,6.762103024748354,1.3839188564605742,1256.5,-0.08949011446409989,0.04357212953876349,21.243243243243242
2015-09-21,0.047073791348600506,0.0737913486005089,7.07448970587081,0.0,1.0,58,786.0,920,-1.7921151305350995,6.762103024748354,1.3825151456177718,1257.75,-0.08949011446409989,0.04357212953876349,21.243243243243242
2015-09-22,0.047073791348600506,0.0737913486005089,7.081096671255608,0.0,1.0,58,786.0,921,-1.7962342433236116,6.762103024748354,1.3780594473720498,1251.25,-0.08949011446409989,0.04357212953876349,21.243243243243242
2015-09-23,0.047073791348600506,0.0737913486005089,7.087713618046579,0.0,1.0,58,786.0,922,-1.8003845640273304,6.762103024748354,1.375385795081928,1249.25,-0.08949011446409989,0.04357212953876349,21.243243243243242
2015-09-24,0.047073791348600506,0.0737913486005089,7.094340284126647,0.0,1.0,58,786.0,923,-1.8039232950014101,6.762103024748354,1.3771526857060952,1258.5,-0.08949011446409989,0.04357212953876349,21.243243243243242
2015-09-25,0.047073791348600506,0.0737913486005089,7.100976412825328,0.0,1.0,58,786.0,924,-1.8077297918047959,6.762103024748354,1.3730120623407713,1252.75,-0.08949011446409989,0.04357212953876349,21.243243243243242
2015-09-28,0.047073791348600506,0.0737913486005089,7.107621752788817,0.0,1.0,58,786.0,927,-1.8119024341195822,6.762103024748354,1.3678940849038979,1244.5,-0.08949011446409989,0.04357212953876349,21.243243243243242
2015-09-29,0.047073791348600506,0.0737913486005089,7.114276057853692,0.0,1.0,58,786.0,928,-1.8171968774926006,6.762103024748354,1.3532368974240212,1212.0,-0.08949011446409989,0.04357212953876349,21.243243243243242
2015-09-30,0.047073791348600506,0.0737913486005089,7.120939086924121,0.0,1.0,58,786.0,929,-1.822628223267433,6.762103024748354,1.3473516261029952,1201.75,-0.08949011446409989,0.04357212953876349,21.243243243243242
2015-10-01,0.047073791348600506,0.0737913486005089,7.127610603852456,0.0,1.0,58,786.0,930,-1.8281545925488936,6.762103024748354,1.3388195607034898,1184.75,-0.08949011446409989,0.04357212953876349,21.243243243243242
2015-10-02,0.047073791348600506,0.0737913486005089,7.13429037732312,0.0,1.0,58,786.0,931,-1.8336259910297512,6.762103024748354,1.3339355871797869,1177.0,-0.08949011446409989,0.04357212953876349,21.243243243243242
2015-10-05,0.047073791348600506,0.0737913486005089,7.140978180739651,0.0,1.0,58,786.0,934,-1.8390532827104575,6.762103024748354,1.3324005744769125,1177.75,-0.08949011446409989,0.04357212953876349,21.243243243243242
2015-10-06,0.047073791348600506,0.0737913486005089,7.147673792114858,0.0,1.0,58,786.0,935,-1.844429859101057,6.762103024748354,1.3299865887086337,1176.25,-0.08949011446409989,0.04357212953876349,21.243243243243242
2015-10-07,0.047073791348600506,0.0737913486005089,7.154376993963918,0.0,1.0,58,786.0,936,-1.8496284772605063,6.762103024748354,1.3224723385667838,1161.75,-0.08949011446409989,0.04357212953876349,21.243243243243242
2015-10-08,0.047073791348600506,0.0737913486005089,7.161087573200398,0.0,1.0,58,786.0,937,-1.8547341271520497,6.762103024748354,1.3192866644398737,1158.25,-0.08949011446409989,0.04357212953876349,21.243243243243242
2015-10-09,0.047073791348600506,0.0737913486005089,7.167805321035045,0.0,1.0,58,786.0,938,-1.8597740735678485,6.762103024748354,1.3167941543234283,1156.5,-0.08949011446409989,0.04357212953876349,21.243243243243242
2015-10-12,0.047073791348600506,0.0737913486005089,7.174530032877317,0.0,1.0,58,786.0,941,-1.8648407688496382,6.762103024748354,1.3163670627136692,1160.0,-0.08949011446409989,0.04357212953876349,21.243243243243242
2015-10-13,0.047073791348600506,0.0737913486005089,7.181261508239513,0.0,1.0,58,786.0,942,-1.8699559718565375,6.762103024748354,1.3171205896920433,1166.5,-0.08949011446409989,0.04357212953876349,21.243243243243242
2015-10-14,0.047073791348600506,0.0737913486005089,7.1879995506434735,0.0,1.0,58,786.0,943,-1.875049840399623,6.762103024748354,1.3160153055705157,1168.25,-0.08949011446409989,0.04357212953876349,21.243243243243242
2015-10-15,0.047073791348600506,0.0737913486005089,7.194743967529737,0.0,1.0,58,786.0,944,-1.880087823593144,6.762103024748354,1.3134452281435038,1166.25,-0.08949011446409989,0.04357212953876349,21.243243243243242
2015-10-16,0.047073791348600506,0.0737913486005089,7.201494570169095,0.0,1.0,58,786.0,945,-1.8849210404025998,6.762103024748354,1.3070618856572034,1154.5,-0.08949011446409989,0.04357212953876349,21.243243243243242
2015-10-19,0.047073791348600506,0.0737913486005089,7.208251173576465,0.0,1.0,58,786.0,948,-1.8896421219371717,6.762103024748354,1.3037217375009975,1150.5,-0.08949011446409989,0.04357212953876349,21.243243243243242
2015-10-20,0.047073791348600506,0.0737913486005089,7.215013596427022,0.0,1.0,58,786.0,949,-1.894392092205962,6.762103024748354,1.303029804478465,1153.25,-0.08949011446409989,0.04357212953876349,21.243243243243242
2015-10-21,0.047073791348600506,0.0737913486005089,7.221781660974501,0.0,1.0,58,786.0,950,-1.8993175307556485,6.762103024748354,1.3074281888351877,1169.0,-0.08949011446409989,0.04357212953876349,21.243243243243242
2015-10-22,0.047073791348600506,0.0737913486005089,7.228555192971636,0.0,1.0,58,786.0,951,-1.9042139723410807,6.762103024748354,1.3061561112516964,1170.25,-0.08949011446409989,0.04357212953876349,21.243243243243242
2015-10-23,0.047073791348600506,0.0737913486005089,7.235334021592633,0.0,1.0,58,786.0,952,-1.9090620392404531,6.762103024748354,1.3036181729255718,1168.25,-0.08949011446409989,0.04357212953876349,21.243243243243242
2015-10-26,0.047073791348600506,0.0737913486005089,7.242117979357654,0.0,1.0,58,786.0,955,-1.913885083024514,6.762103024748354,1.3025512852688288,1170.0,-0.08949011446409989,0.04357212953876349,21.243243243243242
2015-10-27,0.047073791348600506,0.0737913486005089,7.248906902059223,0.0,1.0,58,786.0,956,-1.9186699982263251,6.762103024748354,1.3006099583638362,1169.5,-0.08949011446409989,0.04357212953876349,21.243243243243242
2015-10-28,0.047073791348600506,0.0737913486005089,7.255700628690521,0.0,1.0,58,786.0,957,-1.923145766364516,6.762103024748354,1.2908643142412846,1149.0,-0.08949011446409989,0.04357212953876349,21.243243243243242
2015-10-29,0.047073791348600506,0.0737913486005089,7.262499001375495,0.0,1.0,58,786.0,958,-1.927606617450355,6.762103024748354,1.2893265981754674,1149.5,-0.08949011446409989,0.04357212953876349,21.243243243243242
2015-10-30,0.048177083333333336,0.07552083333333333,7.26952344364747,0.0234375,1.0,58,768.0,959,-1.931800688394728,6.762103024748354,1.2631152678450568,1136.0,-0.08949011446409989,0.04357212953876349,20.756756756756758
2015-11-02,0.048177083333333336,0.07552083333333333,7.276549619640462,0.0234375,1.0,58,768.0,962,-1.9359972023561824,6.762103024748354,1.2623072062620495,1138.25,-0.08949011446409989,0.04357212953876349,20.756756756756758
2015-11-03,0.048177083333333336,0.07552083333333333,7.283577420598014,0.0234375,1.0,58,768.0,963,-1.9402154716690814,6.762103024748354,1.2626728319506777,1143.5,-0.08949011446409989,0.04357212953876349,20.756756756756758
2015-11-04,0.048051948051948054,0.07532467532467532,7.290583479880013,0.02077922077922078,1.0,58,770.0,964,-1.9444415246654614,6.762103024748354,1.2637035386266993,1145.0,-0.08949011446409989,0.04357212953876349,20.81081081081081
2015-11-05,0.04868421052631579,0.07631578947368421,7.297704482349205,0.034210526315789476,1.0,58,760.0,965,-1.9484570254390676,6.762103024748354,1.2485080988917305,1137.5,-0.08949011446409989,0.04357212953876349,20.54054054054054
2015-11-06,0.046954314720812185,0.07360406091370558,7.304495472210138,0.0,1.0,58,788.0,966,-1.9529188414794367,6.762103024748354,1.284651967215332,1158.5,-0.08949011446409989,0.04357212953876349,21.2972972972973
2015-11-09,0.04436450839328537,0.06954436450839328,7.310650892945553,0.0,1.0,58,834.0,969,-1.9578668125526189,6.762103024748354,1.3449454028354975,1193.0,-0.08949011446409989,0.04357212953876349,22.54054054054054
2015-11-10,0.04352941176470588,0.06823529411764706,7.316568261732705,0.0,1.0,58,850.0,970,-1.962890535011189,6.762103024748354,1.364683522271071,1205.0,-0.08949011446409989,0.04357212953876349,22.972972972972972
2015-11-11,0.04506699147381242,0.07064555420219244,7.322939560267507,0.03532277710109622,1.0,58,821.0,971,-1.9676740314646282,6.762103024748354,1.323895601236133,1183.25,-0.08949011446409989,0.04357212953876349,22.18918918918919
2015-11-12,0.04506699147381242,0.07064555420219244,7.329319740178694,0.03532277710109622,1.0,58,821.0,972,-1.9727986009190879,6.762103024748354,1.3294287120847645,1202.0,-0.08949011446409989,0.04357212953876349,22.18918918918919
2015-11-13,0.04506699147381242,0.07064555420219244,7.335708583447616,0.03532277710109622,1.0,58,821.0,973,-1.9779538372228795,6.762103024748354,1.33068592501262,1209.75,-0.08949011446409989,0.04357212953876349,22.18918918918919
2015-11-16,0.04506699147381242,0.07064555420219244,7.342105876277924,0.03532277710109622,1.0,58,821.0,976,-1.9830604341580889,6.762103024748354,1.3282549588144998,1208.0,-0.08949011446409989,0.04357212953876349,22.18918918918919
2015-11-17,0.04506699147381242,0.07064555420219244,7.348511409001715,0.03532277710109622,1.0,58,821.0,977,-1.988119471133929,6.762103024748354,1.3259265029070577,1206.5,-0.08949011446409989,0.04357212953876349,22.18918918918919
2015-11-18,0.04506699147381242,0.07064555420219244,7.354924975988097,0.03532277710109622,1.0,58,821.0,978,-1.9929919805162413,6.762103024748354,1.3194302364069346,1194.25,-0.08949011446409989,0.04357212953876349,22.18918918918919
2015-11-19,0.04506699147381242,0.07064555420219244,7.361346375554136,0.03532277710109622,1.0,58,821.0,979,-1.9979447769114014,6.762103024748354,1.3208004878319197,1202.25,-0.08949011446409989,0.04357212953876349,22.18918918918919
2015-11-20,0.04506699147381242,0.07064555420219244,7.367775409878089,0.03532277710109622,1.0,58,821.0,980,-2.0027721269292935,6.762103024748354,1.3163546977663518,1195.25,-0.08949011446409989,0.04357212953876349,22.18918918918919
2015-11-23,0.04506699147381242,0.07064555420219244,7.374211884914855,0.03532277710109622,1.0,58,821.0,983,-2.007588685478903,6.762103024748354,1.3151147389224163,1196.5,-0.08949011446409989,0.04357212953876349,22.18918918918919
2015-11-24,0.04506699147381242,0.07064555420219244,7.380655610313599,0.03532277710109622,1.0,58,821.0,984,-2.0123750664359394,6.762103024748354,1.3133946982478193,1196.5,-0.08949011446409989,0.04357212953876349,22.18918918918919
2015-11-25,0.04506699147381242,0.07064555420219244,7.387106399337467,0.03532277710109622,1.0,58,821.0,985,-2.017209445383934,6.762103024748354,1.3142946928604136,1203.25,-0.08949011446409989,0.04357212953876349,22.18918918918919
2015-11-26,0.04506699147381242,0.07064555420219244,7.393564068785331,0.03532277710109622,1.0,58,821.0,986,-2.022011225306136,6.762103024748354,1.312583158912493,1203.25,-0.08949011446409989,0.04357212953876349,22.18918918918919
2015-11-27,0.04506699147381242,0.07064555420219244,7.400028438915512,0.03532277710109622,1.0,58,821.0,987,-2.0267807348255937,6.762103024748354,1.3108763554248248,1203.25,-0.08949011446409989,0.04357212953876349,22.18918918918919
2015-11-30,0.04506699147381242,0.07064555420219244,7.406499333371423,0.03532277710109622,1.0,58,821.0,990,-2.031476403115163,6.762103024748354,1.3075295256195234,1199.0,-0.08949011446409989,0.04357212953876349,22.18918918918919
2015-12-01,0.04506699147381242,0.07064555420219244,7.41297657910908,0.03532277710109622,1.0,58,821.0,991,-2.036015595219051,6.762103024748354,1.3025445584587307,1190.5,-0.08949011446409989,0.04357212953876349,22.18918918918919
2015-12-02,0.06382978723404255,0.07259073842302878,7.419732858016625,0.06382978723404255,16.0,58,799.0,992,-2.0402151814487954,6.762103024748354,1.2719509521269459,1174.0,-0.08949011446409989,0.04357212953876349,15.666666666666666
2015-12-03,0.06382978723404255,0.07259073842302878,7.426491987536566,0.06382978723404255,16.0,58,799.0,993,-2.044201776875293,6.762103024748354,1.265282534013513,1161.0,-0.08949011446409989,0.04357212953876349,15.666666666666666
2015-12-04,0.06382978723404255,0.07259073842302878,7.433253852220149,0.06382978723404255,16.0,58,799.0,994,-2.0482394602858656,6.762103024748354,1.2651912864089805,1165.0,-0.08949011446409989,0.04357212953876349,15.666666666666666
2015-12-07,0.06382978723404255,0.07259073842302878,7.440018338746457,0.06382978723404255,16.0,58,799.0,997,-2.052093962265274,6.762103024748354,1.260371776009999,1156.75,-0.08949011446409989,0.04357212953876349,15.666666666666666
2015-12-08,0.06382978723404255,0.07259073842302878,7.446785335879307,0.06382978723404255,16.0,58,799.0,998,-2.0558251812638066,6.762103024748354,1.2571035972859255,1152.5,-0.08949011446409989,0.04357212953876349,15.666666666666666
2015-12-09,0.06382978723404255,0.07259073842302878,7.453554734425135,0.06382978723404255,16.0,58,799.0,999,-2.0594639525445015,6.762103024748354,1.254420062119792,1149.75,-0.08949011446409989,0.04357212953876349,15.666666666666666
2015-12-10,0.06382978723404255,0.07259073842302878,7.460326427191883,0.06382978723404255,16.0,58,799.0,1000,-2.0631543700891983,6.762103024748354,1.25376723970474,1152.25,-0.08949011446409989,0.04357212953876349,15.666666666666666
2015-12-11,0.06382978723404255,0.07259073842302878,7.467100308948811,0.06382978723404255,16.0,58,799.0,1001,-2.066871961079526,6.762103024748354,1.2528288451718959,1154.0,-0.08949011446409989,0.04357212953876349,15.666666666666666
2015-12-14,0.06382978723404255,0.07259073842302878,7.473876276387268,0.06382978723404255,16.0,58,799.0,1004,-2.06988646912014,6.762103024748354,1.2432204615521927,1133.25,-0.08949011446409989,0.04357212953876349,15.666666666666666
2015-12-15,0.06382978723404255,0.07259073842302878,7.480654228082344,0.06382978723404255,16.0,58,799.0,1005,-2.073029976567061,6.762103024748354,1.2429675130554259,1136.75,-0.08949011446409989,0.04357212953876349,15.666666666666666
2015-12-16,0.06382978723404255,0.07259073842302878,7.48743406445542,0.06382978723404255,16.0,58,799.0,1006,-2.07599029098688,6.762103024748354,1.2397325188425115,1132.5,-0.08949011446409989,0.04357212953876349,15.666666666666666
2015-12-17,0.06382978723404255,0.07259073842302878,7.494215687737564,0.06382978723404255,16.0,58,799.0,1007,-2.0796533839590863,6.762103024748354,1.246514675052411,1154.25,-0.08949011446409989,0.04357212953876349,15.666666666666666
2015-12-18,0.06382978723404255,0.07259073842302878,7.500999001933762,0.06382978723404255,16.0,58,799.0,1008,-2.083562067172045,6.762103024748354,1.2507927788259185,1169.5,-0.08949011446409989,0.04357212953876349,15.666666666666666
2015-12-21,0.06382978723404255,0.07259073842302878,7.507783912787974,0.06382978723404255,16.0,58,799.0,1011,-2.0867960080723247,6.762103024748354,1.2381410813236287,1140.75,-0.08949011446409989,0.04357212953876349,15.666666666666666
2015-12-22,0.06382978723404255,0.07259073842302878,7.514570327748962,0.06382978723404255,16.0,58,799.0,1012,-2.090186936857096,6.762103024748354,1.2385791041600172,1146.0,-0.08949011446409989,0.04357212953876349,15.666666666666666
2015-12-23,0.06382978723404255,0.07259073842302878,7.521358155936909,0.06382978723404255,16.0,58,799.0,1013,-2.093385688864583,6.762103024748354,1.2348868157381032,1140.5,-0.08949011446409989,0.04357212953876349,15.666666666666666
2015-12-24,0.06382978723404255,0.07259073842302878,7.528147308110781,0.06382978723404255,16.0,58,799.0,1014,-2.0965717249547104,6.762103024748354,1.2333141615203158,1140.5,-0.08949011446409989,0.04357212953876349,15.666666666666666
2015-12-25,0.06382978723404255,0.07259073842302878,7.534937696636412,0.06382978723404255,16.0,58,799.0,1015,-2.09974512080097,6.762103024748354,1.231745739446644,1140.5,-0.08949011446409989,0.04357212953876349,15.666666666666666
2015-12-28,0.06382978723404255,0.07259073842302878,7.541729235455321,0.06382978723404255,16.0,58,799.0,1018,-2.1027050917812438,6.762103024748354,1.2280693969916139,1135.0,-0.08949011446409989,0.04357212953876349,15.666666666666666
2015-12-29,0.06382978723404255,0.07259073842302878,7.548521840054205,0.06382978723404255,16.0,58,799.0,1019,-2.1059206514263313,6.762103024748354,1.2293892767501213,1142.5,-0.08949011446409989,0.04357212953876349,15.666666666666666
2015-12-30,0.06382978723404255,0.07259073842302878,7.555315427435123,0.06382978723404255,16.0,58,799.0,1020,-2.1095721744703337,6.762103024748354,1.2348362226243754,1160.75,-0.08949011446409989,0.04357212953876349,15.666666666666666
2015-12-31,0.06382978723404255,0.07259073842302878,7.562109916086335,0.06382978723404255,16.0,58,799.0,1021,-2.1133271073467426,6.762103024748354,1.2369256112363447,1170.25,-0.08949011446409989,0.04357212953876349,15.666666666666666
2016-01-01,0.06382978723404255,0.07259073842302878,7.568905225953776,0.06382978723404255,16.0,58,799.0,1022,-2.117061151275788,6.762103024748354,1.235373715936653,1170.25,-0.08949011446409989,0.04357212953876349,15.666666666666666
2016-01-04,0.06382978723404255,0.07259073842302878,7.575701278413178,0.06382978723404255,16.0,58,799.0,1025,-2.1194579040485766,6.762103024748354,1.2159072106432756,1123.5,-0.08949011446409989,0.04357212953876349,15.666666666666666
2016-01-05,0.06382978723404255,0.07259073842302878,7.582497996242776,0.06382978723404255,16.0,58,799.0,1026,-2.1220638854661966,6.762103024748354,1.2161903529817628,1128.25,-0.08949011446409989,0.04357212953876349,15.666666666666666
2016-01-06,0.06382978723404255,0.07259073842302878,7.589295303596637,0.06382978723404255,16.0,58,799.0,1027,-2.1241698741385604,6.762103024748354,1.2107312700302744,1118.0,-0.08949011446409989,0.04357212953876349,15.666666666666666
2016-01-07,0.06382978723404255,0.07259073842302878,7.59609312597854,0.06382978723404255,16.0,58,799.0,1028,-2.126229954989394,6.762103024748354,1.2089163306976696,1117.25,-0.08949011446409989,0.04357212953876349,15.666666666666666
2016-01-08,0.06382978723404255,0.07259073842302878,7.602891390216464,0.06382978723404255,16.0,58,799.0,1029,-2.129434062849528,6.762103024748354,1.2182040258573354,1145.5,-0.08949011446409989,0.04357212953876349,15.666666666666666
2016-01-11,0.06382978723404255,0.07259073842302878,7.609690024437574,0.06382978723404255,16.0,58,799.0,1032,-2.132519500239159,6.762103024748354,1.2153413567898146,1142.0,-0.08949011446409989,0.04357212953876349,15.666666666666666
2016-01-12,0.06382978723404255,0.07259073842302878,7.616488958043802,0.06382978723404255,16.0,58,799.0,1033,-2.1353609388325534,6.762103024748354,1.2112409126003305,1135.25,-0.08949011446409989,0.04357212953876349,15.666666666666666
2016-01-13,0.06382978723404255,0.07259073842302878,7.62328812168791,0.06382978723404255,16.0,58,799.0,1034,-2.1389377087143546,6.762103024748354,1.2216724497523308,1166.5,-0.08949011446409989,0.04357212953876349,15.666666666666666
2016-01-14,0.06382978723404255,0.07259073842302878,7.63008744725009,0.06382978723404255,16.0,58,799.0,1035,-2.1425303259337354,6.762103024748354,1.228182156172221,1187.5,-0.08949011446409989,0.04357212953876349,15.666666666666666
2016-01-15,0.06382978723404255,0.07259073842302878,7.636886867815054,0.06382978723404255,16.0,58,799.0,1036,-2.1460487450775503,6.762103024748354,1.2286736741071107,1192.75,-0.08949011446409989,0.04357212953876349,15.666666666666666
2016-01-18,0.06382978723404255,0.07259073842302878,7.643686317649614,0.06382978723404255,16.0,58,799.0,1039,-2.1495421706441977,6.762103024748354,1.22716304961977,1192.75,-0.08949011446409989,0.04357212953876349,15.666666666666666
2016-01-19,0.06382978723404255,0.07259073842302878,7.650485732180744,0.06382978723404255,16.0,58,799.0,1040,-2.15297119209142,6.762103024748354,1.2268014188404754,1195.75,-0.08949011446409989,0.04357212953876349,15.666666666666666
2016-01-20,0.06382978723404255,0.07259073842302878,7.657285047974093,0.06382978723404255,16.0,58,799.0,1041,-2.1551806637898743,6.762103024748354,1.2400826861618115,1234.5,-0.08949011446409989,0.04357212953876349,15.666666666666666
2016-01-21,0.06382978723404255,0.07259073842302878,7.664084202712961,0.06382978723404255,16.0,58,799.0,1042,-2.156882604556198,6.762103024748354,1.2422009941691112,1244.0,-0.08949011446409989,0.04357212953876349,15.666666666666666
2016-01-22,0.06382978723404255,0.07259073842302878,7.670883135177721,0.06382978723404255,16.0,58,799.0,1043,-2.1590680993378557,6.762103024748354,1.2368862168954975,1234.0,-0.08949011446409989,0.04357212953876349,15.666666666666666
2016-01-25,0.06382978723404255,0.07259073842302878,7.677681785225656,0.06382978723404255,16.0,58,799.0,1046,-2.160699665478468,6.762103024748354,1.239390743869788,1244.5,-0.08949011446409989,0.04357212953876349,15.666666666666666
2016-01-26,0.06382978723404255,0.07259073842302878,7.684480093771242,0.06382978723404255,16.0,58,799.0,1047,-2.163027222950578,6.762103024748354,1.2322770562770562,1229.75,-0.08949011446409989,0.04357212953876349,15.666666666666666
2016-01-27,0.06382978723404255,0.07259073842302878,7.69127800276681,0.06382978723404255,16.0,58,799.0,1048,-2.1654640737379287,6.762103024748354,1.2295507998987225,1226.5,-0.08949011446409989,0.04357212953876349,15.666666666666666
2016-01-28,0.06382978723404255,0.07259073842302878,7.698075455183652,0.06382978723404255,16.0,58,799.0,1049,-2.1679448005491464,6.762103024748354,1.2274003299073721,1224.75,-0.08949011446409989,0.04357212953876349,15.666666666666666
2016-01-29,0.06382978723404255,0.07259073842302878,7.704872394993468,0.06382978723404255,16.0,58,799.0,1050,-2.1707713301386566,6.762103024748354,1.221734414996139,1213.75,-0.08949011446409989,0.04357212953876349,15.666666666666666
2016-02-01,0.06382978723404255,0.07384230287859825,7.7116687671502415,0.06382978723404255,16.0,59,799.0,1053,-2.1729603217679503,6.762103024748354,1.2267259414225942,1230.75,-0.08949011446409989,0.04357212953876349,15.666666666666666
2016-02-02,0.06382978723404255,0.07509386733416772,7.718464517572467,0.06382978723404255,16.0,60,799.0,1054,-2.175126905526652,6.762103024748354,1.225252475522498,1230.75,-0.08949011446409989,0.04357212953876349,15.666666666666666
2016-02-03,0.06382978723404255,0.07634543178973717,7.725259593125734,0.06382978723404255,16.0,61,799.0,1055,-2.177551193984075,6.762103024748354,1.221122214526453,1223.75,-0.08949011446409989,0.04357212953876349,15.666666666666666
2016-02-04,0.06382978723404255,0.07759699624530664,7.732053941605692,0.06382978723404255,16.0,62,799.0,1056,-2.180404916746625,6.762103024748354,1.2141482064856377,1209.25,-0.08949011446409989,0.04357212953876349,15.666666666666666
2016-02-05,0.06382978723404255,0.07884856070087609,7.73884751172134,0.06382978723404255,16.0,63,799.0,1057,-2.183183497658966,6.762103024748354,1.2134487588342509,1211.25,-0.08949011446409989,0.04357212953876349,15.666666666666666
2016-02-08,0.06382978723404255,0.08010012515644556,7.745640253078671,0.06382978723404255,16.0,64,799.0,1060,-2.1863862698421466,6.762103024748354,1.198705401070645,1176.25,-0.08949011446409989,0.04357212953876349,15.666666666666666
2016-02-09,0.06382978723404255,0.08135168961201501,7.752432116164641,0.06382978723404255,16.0,65,799.0,1061,-2.189540950590259,6.762103024748354,1.2012434099522864,1186.75,-0.08949011446409989,0.04357212953876349,15.666666666666666
2016-02-10,0.06382978723404255,0.08260325406758448,7.759223052331463,0.06382978723404255,16.0,66,799.0,1062,-2.192508492530517,6.762103024748354,1.2048253532221336,1200.0,-0.08949011446409989,0.04357212953876349,15.666666666666666
2016-02-11,0.06382978723404255,0.08385481852315395,7.766013013781227,0.06382978723404255,16.0,67,799.0,1063,-2.1950998624300766,6.762103024748354,1.2089760094205935,1214.75,-0.08949011446409989,0.04357212953876349,15.666666666666666
2016-02-12,0.06382978723404255,0.0851063829787234,7.772801953550812,0.06382978723404255,16.0,68,799.0,1064,-2.1975919577740566,6.762103024748354,1.2084824395098823,1217.25,-0.08949011446409989,0.04357212953876349,15.666666666666666
2016-02-15,0.06382978723404255,0.08635794743429287,7.779589825497118,0.06382978723404255,16.0,69,799.0,1067,-2.2000627236656536,6.762103024748354,1.2070444941066718,1217.25,-0.08949011446409989,0.04357212953876349,15.666666666666666
2016-02-16,0.06382978723404255,0.08760951188986232,7.786376584282582,0.06382978723404255,16.0,70,799.0,1068,-2.202612200589314,6.762103024748354,1.2043791453195123,1214.0,-0.08949011446409989,0.04357212953876349,15.666666666666666
2016-02-17,0.06382978723404255,0.08886107634543179,7.7931621853609885,0.06382978723404255,16.0,71,799.0,1069,-2.205344400497093,6.762103024748354,1.2000144717513397,1206.25,-0.08949011446409989,0.04357212953876349,15.666666666666666
2016-02-18,0.06382978723404255,0.09011264080100125,7.799946584963558,0.06382978723404255,16.0,72,799.0,1070,-2.2079436798206884,6.762103024748354,1.2002922869879722,1210.75,-0.08949011446409989,0.04357212953876349,15.666666666666666
2016-02-19,0.06382978723404255,0.09136420525657071,7.806729740085326,0.06382978723404255,16.0,73,799.0,1071,-2.2105489789443347,6.762103024748354,1.19849145829814,1209.75,-0.08949011446409989,0.04357212953876349,15.666666666666666
2016-02-22,0.06382978723404255,0.09261576971214018,7.813511608471761,0.06382978723404255,16.0,74,799.0,1074,-2.2133358531902116,6.762103024748354,1.1936687972275424,1200.75,-0.08949011446409989,0.04357212953876349,15.666666666666666
2016-02-23,0.06382978723404255,0.09386733416770963,7.82029214860568,0.06382978723404255,16.0,75,799.0,1075,-2.2161080252879155,6.762103024748354,1.1921604245431632,1200.5,-0.08949011446409989,0.04357212953876349,15.666666666666666
2016-02-24,0.06382978723404255,0.0951188986232791,7.827071319694402,0.06382978723404255,16.0,76,799.0,1076,-2.218856332292795,6.762103024748354,1.1908446589154373,1200.75,-0.08949011446409989,0.04357212953876349,15.666666666666666
2016-02-25,0.06382978723404255,0.09637046307884856,7.833849081657153,0.06382978723404255,16.0,77,799.0,1077,-2.221809299573174,6.762103024748354,1.1800877248931652,1176.0,-0.08949011446409989,0.04357212953876349,15.666666666666666
2016-02-26,0.06382978723404255,0.09762202753441802,7.840625395112732,0.06382978723404255,16.0,78,799.0,1078,-2.2247472760043356,6.762103024748354,1.1792545385793944,1177.5,-0.08949011446409989,0.04357212953876349,15.666666666666666
2016-02-29,0.06382978723404255,0.09887359198998748,7.8474002213674,0.06382978723404255,16.0,79,799.0,1081,-2.227523360790546,6.762103024748354,1.1848419679339353,1196.0,-0.08949011446409989,0.04357212953876349,15.666666666666666
2016-03-01,0.06382978723404255,0.10012515644555695,7.854173522403022,0.06382978723404255,16.0,80,799.0,1082,-2.230381064563212,6.762103024748354,1.180333300788401,1187.75,-0.08949011446409989,0.04357212953876349,15.666666666666666
2016-03-02,0.06382978723404255,0.10137672090112641,7.860945260865415,0.06382978723404255,16.0,81,799.0,1083,-2.2332621037790292,6.762103024748354,1.17300136363149,1172.0,-0.08949011446409989,0.04357212953876349,15.666666666666666
2016-03-03,0.06382978723404255,0.10262828535669587,7.8677154000529494,0.06382978723404255,16.0,82,799.0,1084,-2.2360883497338424,6.762103024748354,1.1691653286624824,1165.5,-0.08949011446409989,0.04357212953876349,15.666666666666666
2016-03-04,0.06382978723404255,0.10387984981226533,7.874483903905359,0.06382978723404255,16.0,83,799.0,1085,-2.2389082102033124,6.762103024748354,1.1680673697545279,1166.25,-0.08949011446409989,0.04357212953876349,15.666666666666666
2016-03-07,0.06382978723404255,0.10513141426783479,7.881250736992751,0.06382978723404255,16.0,84,799.0,1088,-2.2416320853019824,6.762103024748354,1.1638641413509538,1158.75,-0.08949011446409989,0.04357212953876349,15.666666666666666
2016-03-08,0.06382978723404255,0.10638297872340426,7.8880158645048555,0.06382978723404255,16.0,85,799.0,1089,-2.2444430660861183,6.762103024748354,1.1661636626823328,1168.5,-0.08949011446409989,0.04357212953876349,15.666666666666666
2016-03-09,0.06382978723404255,0.10763454317897372,7.894779252240451,0.06382978723404255,16.0,86,799.0,1090,-2.247153675646188,6.762103024748354,1.1614043626366828,1159.5,-0.08949011446409989,0.04357212953876349,15.666666666666666
2016-03-10,0.06382978723404255,0.10888610763454318,7.901540866597026,0.06382978723404255,16.0,87,799.0,1091,-2.2499379438109974,6.762103024748354,1.163331499763566,1168.25,-0.08949011446409989,0.04357212953876349,15.666666666666666
2016-03-11,0.06382978723404255,0.11013767209011265,7.908300674560598,0.06382978723404255,16.0,88,799.0,1092,-2.252683091271612,6.762103024748354,1.1606508364091108,1164.75,-0.08949011446409989,0.04357212953876349,15.666666666666666
2016-03-14,0.06382978723404255,0.1113892365456821,7.915058643695765,0.06382978723404255,16.0,89,799.0,1095,-2.2554590370632357,6.762103024748354,1.162017430547607,1172.0,-0.08949011446409989,0.04357212953876349,15.666666666666666
2016-03-15,0.06382978723404255,0.11264080100125157,7.921814742135912,0.06382978723404255,16.0,90,799.0,1096,-2.258224207640469,6.762103024748354,1.1610357310901778,1173.0,-0.08949011446409989,0.04357212953876349,15.666666666666666
2016-03-16,0.06382978723404255,0.11389236545682102,7.928568938573627,0.06382978723404255,16.0,91,799.0,1097,-2.2609773106086934,6.762103024748354,1.1599631679052682,1173.75,-0.08949011446409989,0.04357212953876349,15.666666666666666
2016-03-17,0.06382978723404255,0.11514392991239049,7.935321202251281,0.06382978723404255,16.0,92,799.0,1098,-2.2637137471866575,6.762103024748354,1.1604902927256457,1178.75,-0.08949011446409989,0.04357212953876349,15.666666666666666
2016-03-18,0.06382978723404255,0.11639549436795996,7.942071502951798,0.06382978723404255,16.0,93,799.0,1099,-2.2664279108710343,6.762103024748354,1.1599866801585004,1181.0,-0.08949011446409989,0.04357212953876349,15.666666666666666
2016-03-21,0.06382978723404255,0.11764705882352941,7.948819810989591,0.06382978723404255,16.0,94,799.0,1102,-2.2691310003834713,6.762103024748354,1.1583596382278085,1180.25,-0.08949011446409989,0.04357212953876349,15.666666666666666
2016-03-22,0.06382978723404255,0.11889862327909888,7.955566097201669,0.06382978723404255,16.0,95,799.0,1103,-2.271826565512252,6.762103024748354,1.1562670831706363,1178.25,-0.08949011446409989,0.04357212953876349,15.666666666666666
2016-03-23,0.06382978723404255,0.12015018773466833,7.962310332938901,0.06382978723404255,16.0,96,799.0,1104,-2.2745107974352954,6.762103024748354,1.1529593424972213,1173.0,-0.08949011446409989,0.04357212953876349,15.666666666666666
2016-03-24,0.06382978723404255,0.1214017521902378,7.969052490057463,0.06382978723404255,16.0,97,799.0,1105,-2.277183424217394,6.762103024748354,1.1519998291352822,1174.0,-0.08949011446409989,0.04357212953876349,15.666666666666666
2016-03-25,0.06382978723404255,0.12265331664580725,7.975792540910432,0.06382978723404255,16.0,98,799.0,1106,-2.2798432041430936,6.762103024748354,1.1506685026639651,1174.0,-0.08949011446409989,0.04357212953876349,15.666666666666666
2016-03-28,0.06382978723404255,0.12390488110137672,7.982530458339524,0.06382978723404255,16.0,99,799.0,1109,-2.282489599466625,6.762103024748354,1.1501834568994553,1176.25,-0.08949011446409989,0.04357212953876349,15.666666666666666
2016-03-29,0.06382978723404255,0.1251564455569462,7.989266215667012,0.06382978723404255,16.0,100,799.0,1110,-2.285119569770939,6.762103024748354,1.1495137698305868,1178.0,-0.08949011446409989,0.04357212953876349,15.666666666666666
2016-03-30,0.06382978723404255,0.12640801001251564,7.99599978668776,0.06382978723404255,16.0,101,799.0,1111,-2.2876768326968775,6.762103024748354,1.1516547732101583,1187.25,-0.08949011446409989,0.04357212953876349,15.666666666666666
2016-03-31,0.06382978723404255,0.1276595744680851,8.002731145661434,0.06382978723404255,16.0,102,799.0,1112,-2.2901588676956357,6.762103024748354,1.1522058477384853,1192.25,-0.08949011446409989,0.04357212953876349,15.666666666666666
2016-04-01,0.06382978723404255,0.12891113892365458,8.009460267304837,0.06382978723404255,16.0,103,799.0,1113,-2.292702009802909,6.762103024748354,1.1484564611309447,1185.75,-0.08949011446409989,0.04357212953876349,15.666666666666666
2016-04-04,0.06382978723404255,0.13016270337922403,8.016187126784388,0.06382978723404255,16.0,104,799.0,1116,-2.295277079197924,6.762103024748354,1.1443381313057848,1178.25,-0.08949011446409989,0.04357212953876349,15.666666666666666
2016-04-05,0.06382978723404255,0.13141426783479349,8.02291169970875,0.06382978723404255,16.0,105,799.0,1117,-2.2977860245819386,6.762103024748354,1.1461129459161923,1186.5,-0.08949011446409989,0.04357212953876349,15.666666666666666
2016-04-06,0.06382978723404255,0.13266583229036297,8.02963396212157,0.06382978723404255,16.0,106,799.0,1118,-2.3003342577797645,6.762103024748354,1.1418161434977578,1178.5,-0.08949011446409989,0.04357212953876349,15.666666666666666
2016-04-07,0.06382978723404255,0.13391739674593242,8.036353890494365,0.06382978723404255,16.0,107,799.0,1119,-2.302877415587228,6.762103024748354,1.1390189577885694,1174.5,-0.08949011446409989,0.04357212953876349,15.666666666666666
2016-04-08,0.06382978723404255,0.13516896120150187,8.043071461719531,0.06382978723404255,16.0,108,799.0,1120,-2.3053739772611674,6.762103024748354,1.1340789239365654,1164.75,-0.08949011446409989,0.04357212953876349,15.666666666666666
2016-04-11,0.06382978723404255,0.13642052565707133,8.049786653103501,0.06382978723404255,16.0,109,799.0,1123,-2.307890344296852,6.762103024748354,1.1373567760330416,1177.0,-0.08949011446409989,0.04357212953876349,15.666666666666666
2016-04-12,0.06382978723404255,0.1376720901126408,8.056499442359986,0.06382978723404255,16.0,110,799.0,1124,-2.310387957081709,6.762103024748354,1.1368097247263063,1179.0,-0.08949011446409989,0.04357212953876349,15.666666666666666
2016-04-13,0.06382978723404255,0.13892365456821026,8.063209807603366,0.06382978723404255,16.0,111,799.0,1125,-2.3128816659082516,6.762103024748354,1.1344935152658935,1176.25,-0.08949011446409989,0.04357212953876349,15.666666666666666
2016-04-14,0.06382978723404255,0.14017521902377972,8.069917727342197,0.06382978723404255,16.0,112,799.0,1126,-2.315359552550309,6.762103024748354,1.1337658232245333,1177.75,-0.08949011446409989,0.04357212953876349,15.666666666666666
2016-04-15,0.06382978723404255,0.1414267834793492,8.076623180472822,0.06382978723404255,16.0,113,799.0,1127,-2.3178058942349877,6.762103024748354,1.1339726094544365,1181.75,-0.08949011446409989,0.04357212953876349,15.666666666666666
2016-04-18,0.06382978723404255,0.14267834793491865,8.08332614627311,0.06382978723404255,16.0,114,799.0,1130,-2.3202664535005555,6.762103024748354,1.1298967261129793,1174.25,-0.08949011446409989,0.04357212953876349,15.666666666666666
2016-04-19,0.06382978723404255,0.1439299123904881,8.090026604396298,0.06382978723404255,16.0,115,799.0,1131,-2.322715876289136,6.762103024748354,1.1283399708685953,1173.5,-0.08949011446409989,0.04357212953876349,15.666666666666666
2016-04-20,0.06382978723404255,0.14518147684605756,8.09672453486494,0.06382978723404255,16.0,116,799.0,1132,-2.325121017320927,6.762103024748354,1.1304164246788042,1182.5,-0.08949011446409989,0.04357212953876349,15.666666666666666
2016-04-21,0.06382978723404255,0.14643304130162704,8.103419918064976,0.06382978723404255,16.0,117,799.0,1133,-2.32754708513101,6.762103024748354,1.1253293176565724,1172.25,-0.08949011446409989,0.04357212953876349,15.666666666666666
2016-04-22,0.06382978723404255,0.1476846057571965,8.11011273473989,0.06382978723404255,16.0,118,799.0,1134,-2.329962581248847,6.762103024748354,1.1242473513372673,1172.75,-0.08949011446409989,0.04357212953876349,15.666666666666666
2016-04-25,0.06382978723404255,0.14893617021276595,8.116802965984991,0.06382978723404255,16.0,119,799.0,1137,-2.332319541736422,6.762103024748354,1.1190775408661817,1162.25,-0.08949011446409989,0.04357212953876349,15.666666666666666
2016-04-26,0.06382978723404255,0.15018773466833543,8.123490593241765,0.06382978723404255,16.0,120,799.0,1138,-2.3345445151174578,6.762103024748354,1.1141924672034824,1152.5,-0.08949011446409989,0.04357212953876349,15.666666666666666
2016-04-27,0.06382978723404255,0.15143929912390489,8.130175598292364,0.06382978723404255,16.0,121,799.0,1139,-2.3368106740275882,6.762103024748354,1.1141440163179293,1155.75,-0.08949011446409989,0.04357212953876349,15.666666666666666
2016-04-28,0.06382978723404255,0.15269086357947434,8.13685796325415,0.06382978723404255,16.0,122,799.0,1140,-2.3390113591695867,6.762103024748354,1.1114973700762998,1152.0,-0.08949011446409989,0.04357212953876349,15.666666666666666
2016-04-29,0.06382978723404255,0.1539424280350438,8.143537670574378,0.06382978723404255,16.0,123,799.0,1141,-2.34089926317958,6.762103024748354,1.1051414160168338,1138.25,-0.08949011446409989,0.04357212953876349,15.666666666666666
2016-05-02,0.06382978723404255,0.15519399249061328,8.150214703024927,0.06382978723404255,16.0,124,799.0,1144,-2.342788277301728,6.762103024748354,1.1039889631885171,1138.5,-0.08949011446409989,0.04357212953876349,15.666666666666666
2016-05-03,0.06382978723404255,0.15644555694618273,8.156889043697173,0.06382978723404255,16.0,125,799.0,1145,-2.3447745261948576,6.762103024748354,1.1042308721666039,1142.5,-0.08949011446409989,0.04357212953876349,15.666666666666666
2016-05-04,0.06382978723404255,0.15769712140175218,8.163560675996893,0.06382978723404255,16.0,126,799.0,1146,-2.3468010143389573,6.762103024748354,1.1037327945710735,1144.5,-0.08949011446409989,0.04357212953876349,15.666666666666666
2016-05-05,0.06382978723404255,0.15894868585732166,8.170229583639312,0.06382978723404255,16.0,127,799.0,1147,-2.348853642128899,6.762103024748354,1.103051719616195,1146.0,-0.08949011446409989,0.04357212953876349,15.666666666666666
2016-05-06,0.06382978723404255,0.16020025031289112,8.176895750644197,0.06382978723404255,16.0,128,799.0,1148,-2.3508383991472965,6.762103024748354,1.1007979249301825,1143.25,-0.08949011446409989,0.04357212953876349,15.666666666666666
2016-05-09,0.06382978723404255,0.16145181476846057,8.183559161331063,0.06382978723404255,16.0,129,799.0,1151,-2.352977236134998,6.762103024748354,1.1025307652018546,1151.25,-0.08949011446409989,0.04357212953876349,15.666666666666666
2016-05-10,0.06382978723404255,0.16270337922403003,8.190219800314434,0.06382978723404255,16.0,130,799.0,1152,-2.3550301679244945,6.762103024748354,1.099727285000675,1147.0,-0.08949011446409989,0.04357212953876349,15.666666666666666
2016-05-11,0.06382978723404255,0.1639549436795995,8.196877652499209,0.06382978723404255,16.0,131,799.0,1153,-2.357201001017662,6.762103024748354,1.101185555152173,1154.25,-0.08949011446409989,0.04357212953876349,15.666666666666666
2016-05-12,0.06382978723404255,0.16520650813516896,8.203532703076107,0.06382978723404255,16.0,132,799.0,1154,-2.359464382058232,6.762103024748354,1.1035699706166027,1164.0,-0.08949011446409989,0.04357212953876349,15.666666666666666
2016-05-13,0.06382978723404255,0.16645807259073842,8.210184937517155,0.06382978723404255,16.0,133,799.0,1155,-2.3617155341767675,6.762103024748354,1.1021625151499679,1163.5,-0.08949011446409989,0.04357212953876349,15.666666666666666
2016-05-16,0.06382978723404255,0.1677096370463079,8.21683434157131,0.06382978723404255,16.0,134,799.0,1158,-2.36398151580939,6.762103024748354,1.105103483218019,1174.75,-0.08949011446409989,0.04357212953876349,15.666666666666666
2016-05-17,0.06382978723404255,0.16896120150187735,8.223480901260112,0.06382978723404255,16.0,135,799.0,1159,-2.3662382758168863,6.762103024748354,1.1017595792368757,1169.0,-0.08949011446409989,0.04357212953876349,15.666666666666666
2016-05-18,0.06382978723404255,0.1702127659574468,8.230124602873413,0.06382978723404255,16.0,136,799.0,1160,-2.3682917213261914,6.762103024748354,1.0933387985596053,1149.5,-0.08949011446409989,0.04357212953876349,15.666666666666666
2016-05-19,0.06382978723404255,0.17146433041301626,8.236765432965216,0.06382978723404255,16.0,137,799.0,1161,-2.3703382920851297,6.762103024748354,1.0921297305958224,1149.5,-0.08949011446409989,0.04357212953876349,15.666666666666666
2016-05-20,0.06382978723404255,0.17271589486858574,8.243403378349527,0.06382978723404255,16.0,138,799.0,1162,-2.372246173386545,6.762103024748354,1.0885231973010396,1143.0,-0.08949011446409989,0.04357212953876349,15.666666666666666
2016-05-23,0.06382978723404255,0.1739674593241552,8.250038426096333,0.06382978723404255,16.0,139,799.0,1165,-2.3742378849824046,6.762103024748354,1.0888895100377658,1147.25,-0.08949011446409989,0.04357212953876349,15.666666666666666
2016-05-24,0.06382978723404255,0.17521902377972465,8.256670563527617,0.06382978723404255,16.0,140,799.0,1166,-2.376264601703421,6.762103024748354,1.0885194668273213,1149.5,-0.08949011446409989,0.04357212953876349,15.666666666666666
2016-05-25,0.06382978723404255,0.17647058823529413,8.263299778213433,0.06382978723404255,16.0,141,799.0,1167,-2.3783956882508055,6.762103024748354,1.0901803824369498,1157.25,-0.08949011446409989,0.04357212953876349,15.666666666666666
2016-05-26,0.06382978723404255,0.17772215269086358,8.269926057968076,0.06382978723404255,16.0,142,799.0,1168,-2.3805510320434387,6.762103024748354,1.0901826877219012,1160.5,-0.08949011446409989,0.04357212953876349,15.666666666666666
2016-05-27,0.06382978723404255,0.17897371714643304,8.27654939084629,0.06382978723404255,16.0,143,799.0,1169,-2.3826296610365314,6.762103024748354,1.0866852316597209,1154.25,-0.08949011446409989,0.04357212953876349,15.666666666666666
2016-05-30,0.06382978723404255,0.1802252816020025,8.283169765139556,0.06382978723404255,16.0,144,799.0,1172,-2.3847010497113246,6.762103024748354,1.0854951184574166,1154.25,-0.08949011446409989,0.04357212953876349,15.666666666666666
2016-05-31,0.060714285714285714,0.17261904761904762,8.289479891235956,0.011904761904761904,16.0,145,840.0,1173,-2.386908611200558,6.762103024748354,1.1294584580492886,1185.0,-0.08949011446409989,0.04357212953876349,16.470588235294116
2016-06-01,0.06211936662606577,0.17783191230207065,8.295940174786773,0.03532277710109622,16.0,146,821.0,1174,-2.3890709376683326,6.762103024748354,1.107319820215173,1170.75,-0.08949011446409989,0.04357212953876349,16.098039215686274
2016-06-02,0.060786650774731825,0.17520858164481526,8.30225666684027,0.013110846245530394,16.0,147,839.0,1175,-2.3912638318552997,6.762103024748354,1.1258798219324535,1184.25,-0.08949011446409989,0.04357212953876349,16.45098039215686
2016-06-03,0.06234718826405868,0.18092909535452323,8.308735957790187,0.039119804400977995,16.0,148,818.0,1176,-2.39340159443537,6.762103024748354,1.1016067192863186,1168.5,-0.08949011446409989,0.04357212953876349,16.03921568627451
2016-06-06,0.06234718826405868,0.1821515892420538,8.31521318280923,0.039119804400977995,16.0,149,818.0,1179,-2.3955846332799875,6.762103024748354,1.1014155249545952,1171.25,-0.08949011446409989,0.04357212953876349,16.03921568627451
2016-06-07,0.07458912768647281,0.18963337547408343,8.321869354034506,0.07458912768647281,150.0,150,791.0,1180,-2.397583018988874,6.762103024748354,1.0706684809154978,1151.0,-0.08949011446409989,0.04357212953876349,13.40677966101695
2016-06-08,0.07458912768647281,0.19089759797724398,8.32852211687733,0.07458912768647281,150.0,151,791.0,1181,-2.3995721840146174,6.762103024748354,1.0694162133729062,1150.75,-0.08949011446409989,0.04357212953876349,13.40677966101695
2016-06-09,0.08556832694763729,0.194125159642401,8.335218772997653,0.08556832694763729,152.0,152,783.0,1182,-2.4014835639388408,6.762103024748354,1.0595258229025821,1144.75,-0.08949011446409989,0.04357212953876349,11.686567164179104
2016-06-10,0.08556832694763729,0.19540229885057472,8.341911686313095,0.08556832694763729,152.0,153,783.0,1183,-2.403314120245073,6.762103024748354,1.0551683453012557,1136.0,-0.08949011446409989,0.04357212953876349,11.686567164179104
2016-06-13,0.08556832694763729,0.1966794380587484,8.348600853686564,0.08556832694763729,152.0,154,783.0,1186,-2.405195505514833,6.762103024748354,1.056230680279539,1142.0,-0.08949011446409989,0.04357212953876349,11.686567164179104
2016-06-14,0.08556832694763729,0.1979565772669221,8.35528627210598,0.08556832694763729,152.0,155,783.0,1187,-2.4070627693435975,6.762103024748354,1.0547252033927643,1141.0,-0.08949011446409989,0.04357212953876349,11.686567164179104
2016-06-15,0.08556832694763729,0.19923371647509577,8.361967938682293,0.08556832694763729,152.0,156,783.0,1188,-2.408898283988819,6.762103024748354,1.0616598700123663,1163.0,-0.08949011446409989,0.04357212953876349,11.686567164179104
2016-06-16,0.08556832694763729,0.20051085568326948,8.368645850647507,0.08556832694763729,152.0,157,783.0,1189,-2.410735141389682,6.762103024748354,1.0601570353113743,1162.0,-0.08949011446409989,0.04357212953876349,11.686567164179104
2016-06-17,0.08556832694763729,0.20178799489144317,8.375320005352762,0.08556832694763729,152.0,158,783.0,1190,-2.4125637770896597,6.762103024748354,1.0590236258188572,1162.0,-0.08949011446409989,0.04357212953876349,11.686567164179104
2016-06-20,0.08556832694763729,0.20306513409961685,8.381990400266432,0.08556832694763729,152.0,159,783.0,1193,-2.414275760594747,6.762103024748354,1.0610074886843965,1170.5,-0.08949011446409989,0.04357212953876349,11.686567164179104
2016-06-21,0.08556832694763729,0.20434227330779056,8.388657032972265,0.08556832694763729,152.0,160,783.0,1194,-2.415846065273236,6.762103024748354,1.0624421885265964,1177.5,-0.08949011446409989,0.04357212953876349,11.686567164179104
2016-06-22,0.08556832694763729,0.20561941251596424,8.39531990116753,0.08556832694763729,152.0,161,783.0,1195,-2.4173327095179236,6.762103024748354,1.062504448448167,1180.75,-0.08949011446409989,0.04357212953876349,11.686567164179104
2016-06-23,0.08556832694763729,0.20689655172413793,8.40197900266123,0.08556832694763729,152.0,162,783.0,1196,-2.4191279410386075,6.762103024748354,1.0545156815905061,1162.0,-0.08949011446409989,0.04357212953876349,11.686567164179104
2016-06-24,0.08556832694763729,0.2081736909323116,8.408634335372291,0.08556832694763729,152.0,163,783.0,1197,-2.4209519770710606,6.762103024748354,1.0515655829922272,1157.0,-0.08949011446409989,0.04357212953876349,11.686567164179104
2016-06-27,0.08556832694763729,0.20945083014048532,8.415285897327855,0.08556832694763729,152.0,164,783.0,1200,-2.4227712433389397,6.762103024748354,1.0457846821092958,1144.25,-0.08949011446409989,0.04357212953876349,11.686567164179104
2016-06-28,0.08556832694763729,0.210727969348659,8.421933686661516,0.08556832694763729,152.0,165,783.0,1201,-2.4244848786811968,6.762103024748354,1.0407409774868641,1133.5,-0.08949011446409989,0.04357212953876349,11.686567164179104
2016-06-29,0.08556832694763729,0.2120051085568327,8.428577701611653,0.08556832694763729,152.0,166,783.0,1202,-2.4262658760691007,6.762103024748354,1.0420988595129657,1140.25,-0.08949011446409989,0.04357212953876349,11.686567164179104
2016-06-30,0.08556832694763729,0.21328224776500637,8.435217940519747,0.08556832694763729,152.0,167,783.0,1203,-2.4280501845484164,6.762103024748354,1.041447944192844,1141.5,-0.08949011446409989,0.04357212953876349,11.686567164179104
2016-07-01,0.08556832694763729,0.21455938697318008,8.441854401828746,0.08556832694763729,152.0,168,783.0,1204,-2.4298466690980653,6.762103024748354,1.041529652356943,1144.75,-0.08949011446409989,0.04357212953876349,11.686567164179104
2016-07-04,0.08556832694763729,0.21583652618135377,8.448487084081439,0.08556832694763729,152.0,169,783.0,1207,-2.4316367337415037,6.762103024748354,1.040426417757086,1144.75,-0.08949011446409989,0.04357212953876349,11.686567164179104
2016-07-05,0.08556832694763729,0.21711366538952745,8.455115985918884,0.08556832694763729,152.0,170,783.0,1208,-2.4333313376740633,6.762103024748354,1.0354935465317894,1134.25,-0.08949011446409989,0.04357212953876349,11.686567164179104
2016-07-06,0.08556832694763729,0.21839080459770116,8.461741106078822,0.08556832694763729,152.0,171,783.0,1209,-2.4348980141365573,6.762103024748354,1.0315692265596497,1126.5,-0.08949011446409989,0.04357212953876349,11.686567164179104
2016-07-07,0.08556832694763729,0.21966794380587484,8.468362443394158,0.08556832694763729,152.0,172,783.0,1210,-2.436320175693137,6.762103024748354,1.0281053026565985,1120.0,-0.08949011446409989,0.04357212953876349,11.686567164179104
2016-07-08,0.08556832694763729,0.22094508301404853,8.47497999679142,0.08556832694763729,152.0,173,783.0,1211,-2.4376558000513584,6.762103024748354,1.0258303942262437,1116.75,-0.08949011446409989,0.04357212953876349,11.686567164179104
2016-07-11,0.08556832694763729,0.2222222222222222,8.481593765289295,0.08556832694763729,152.0,174,783.0,1214,-2.439190375732639,6.762103024748354,1.0279319711077708,1125.5,-0.08949011446409989,0.04357212953876349,11.686567164179104
2016-07-12,0.08556832694763729,0.22349936143039592,8.488203747997133,0.08556832694763729,152.0,175,783.0,1215,-2.4407396705699935,6.762103024748354,1.027210344740752,1126.5,-0.08949011446409989,0.04357212953876349,11.686567164179104
2016-07-13,0.10966057441253264,0.2297650130548303,8.494894218575643,0.10966057441253264,176.0,176,766.0,1216,-2.4422238541775916,6.762103024748354,1.008111704691079,1113.75,-0.08949011446409989,0.04357212953876349,9.119047619047619
2016-07-14,0.10966057441253264,0.2310704960835509,8.501580383103365,0.10966057441253264,176.0,177,766.0,1217,-2.4437488839208648,6.762103024748354,1.0085995589755177,1118.0,-0.08949011446409989,0.04357212953876349,9.119047619047619
2016-07-15,0.11842105263157894,0.23421052631578948,8.50828896396048,0.11842105263157894,178.0,178,760.0,1218,-2.4452291310077547,6.762103024748354,1.0011992857345788,1113.5,-0.08949011446409989,0.04357212953876349,8.444444444444445
2016-07-18,0.11842105263157894,0.2355263157894737,8.514993088236574,0.11842105263157894,178.0,179,760.0,1221,-2.4467256242295683,6.762103024748354,1.0016978651119173,1117.75,-0.08949011446409989,0.04357212953876349,8.444444444444445
2016-07-19,0.11583011583011583,0.23166023166023167,8.521613631101248,0.09395109395109395,178.0,180,777.0,1222,-2.448344215695983,6.762103024748354,1.0185798188066228,1130.5,-0.08949011446409989,0.04357212953876349,8.633333333333333
2016-07-20,0.11583011583011583,0.23294723294723294,8.528230201351034,0.09395109395109395,178.0,181,777.0,1223,-2.449957626579154,6.762103024748354,1.017514746042005,1130.5,-0.08949011446409989,0.04357212953876349,8.633333333333333
2016-07-21,0.11235955056179775,0.2272159800249688,8.534711535304162,0.06117353308364544,178.0,182,801.0,1224,-2.4516796234090776,6.762103024748354,1.0417003737541528,1148.5,-0.08949011446409989,0.04357212953876349,8.9
2016-07-22,0.11235955056179775,0.22846441947565543,8.54118973062603,0.06117353308364544,178.0,183,801.0,1225,-2.4534098331760448,6.762103024748354,1.040881927063378,1149.25,-0.08949011446409989,0.04357212953876349,8.9
2016-07-25,0.11235955056179775,0.22971285892634208,8.547664781541085,0.06117353308364544,178.0,184,801.0,1228,-2.454975059800147,6.762103024748354,1.0369792792322807,1141.5,-0.08949011446409989,0.04357212953876349,8.9
2016-07-26,0.11235955056179775,0.23096129837702872,8.554136682412404,0.06117353308364544,178.0,185,801.0,1229,-2.456511807785125,6.762103024748354,1.0355311733894472,1140.5,-0.08949011446409989,0.04357212953876349,8.9
2016-07-27,0.11235955056179775,0.23220973782771537,8.560605427739635,0.06117353308364544,178.0,186,801.0,1230,-2.4582140512050836,6.762103024748354,1.0373513327422144,1148.5,-0.08949011446409989,0.04357212953876349,8.9
2016-07-28,0.11235955056179775,0.23345817727840198,8.56707101215701,0.06117353308364544,178.0,187,801.0,1231,-2.459911225657613,6.762103024748354,1.036270072872358,1148.5,-0.08949011446409989,0.04357212953876349,8.9
2016-07-29,0.1100244498777506,0.22982885085574573,8.573428109040893,0.039119804400977995,178.0,188,818.0,1232,-2.461637749867603,6.762103024748354,1.0529464795015882,1161.25,-0.08949011446409989,0.04357212953876349,9.088888888888889
2016-08-01,0.1100244498777506,0.2310513447432763,8.579782730839167,0.039119804400977995,178.0,189,818.0,1235,-2.4631484430189667,6.762103024748354,1.0490396714442694,1153.5,-0.08949011446409989,0.04357212953876349,9.088888888888889
2016-08-02,0.10843373493975904,0.2289156626506024,8.586053952199755,0.024096385542168676,178.0,190,830.0,1236,-2.464622110185272,6.762103024748354,1.0604483644361284,1162.5,-0.08949011446409989,0.04357212953876349,9.222222222222221
2016-08-03,0.10843373493975904,0.23012048192771084,8.592323230241638,0.024096385542168676,178.0,191,830.0,1237,-2.4660027529966566,6.762103024748354,1.058435939499919,1160.0,-0.08949011446409989,0.04357212953876349,9.222222222222221
2016-08-04,0.10843373493975904,0.23132530120481928,8.598590549037649,0.024096385542168676,178.0,192,830.0,1238,-2.4673707181428917,6.762103024748354,1.057241231892062,1159.75,-0.08949011446409989,0.04357212953876349,9.222222222222221
2016-08-05,0.10843373493975904,0.2325301204819277,8.604855892911297,0.024096385542168676,178.0,193,830.0,1239,-2.468859014793442,6.762103024748354,1.0574062363920527,1163.25,-0.08949011446409989,0.04357212953876349,9.222222222222221
2016-08-08,0.10843373493975904,0.23373493975903614,8.611119246433182,0.024096385542168676,178.0,194,830.0,1242,-2.4700962003044933,6.762103024748354,1.0538643486801638,1156.5,-0.08949011446409989,0.04357212953876349,9.222222222222221
2016-08-09,0.10843373493975904,0.23493975903614459,8.617380594417488,0.024096385542168676,178.0,195,830.0,1243,-2.4713596098242925,6.762103024748354,1.0530391150644316,1157.25,-0.08949011446409989,0.04357212953876349,9.222222222222221
2016-08-10,0.10843373493975904,0.236144578313253,8.623639921918555,0.024096385542168676,178.0,196,830.0,1244,-2.4726199031081846,6.762103024748354,1.051944937197384,1157.25,-0.08949011446409989,0.04357212953876349,9.222222222222221
2016-08-11,0.10843373493975904,0.23734939759036144,8.629897214227467,0.024096385542168676,178.0,197,830.0,1245,-2.473924699055968,6.762103024748354,1.051304905730865,1158.5,-0.08949011446409989,0.04357212953876349,9.222222222222221
2016-08-12,0.10625737898465171,0.23376623376623376,8.63603109404938,0.0035419126328217238,178.0,198,847.0,1246,-2.4751227515747822,6.762103024748354,1.0677596249910797,1171.25,-0.08949011446409989,0.04357212953876349,9.411111111111111
2016-08-15,0.10625737898465171,0.23494687131050768,8.642163756146784,0.0035419126328217238,178.0,199,847.0,1249,-2.476393189022777,6.762103024748354,1.0672836027317174,1173.0,-0.08949011446409989,0.04357212953876349,9.411111111111111
2016-08-16,0.11097410604192355,0.2466091245376079,8.648536579798082,0.04808877928483354,178.0,200,811.0,1250,-2.477810058717379,6.762103024748354,1.0291133202081169,1146.0,-0.08949011446409989,0.04357212953876349,9.011111111111111
2016-08-17,0.10856453558504221,0.24246079613992763,8.65479266396044,0.025331724969843185,178.0,201,829.0,1251,-2.4791702077636573,6.762103024748354,1.0465640861689098,1159.5,-0.08949011446409989,0.04357212953876349,9.21111111111111
2016-08-18,0.10948905109489052,0.24574209245742093,8.661092255790859,0.0340632603406326,178.0,202,822.0,1252,-2.480552651045537,6.762103024748354,1.0382950615492514,1154.25,-0.08949011446409989,0.04357212953876349,9.133333333333333
2016-08-19,0.11042944785276074,0.249079754601227,8.667432931392272,0.04294478527607362,178.0,203,815.0,1253,-2.4819506981307424,6.762103024748354,1.0300453834166194,1149.0,-0.08949011446409989,0.04357212953876349,9.055555555555555
2016-08-22,0.10909090909090909,0.24727272727272728,8.67370822446544,0.030303030303030304,178.0,204,825.0,1256,-2.4833159146473265,6.762103024748354,1.0392349649034394,1156.5,-0.08949011446409989,0.04357212953876349,9.166666666666666
2016-08-23,0.10909090909090909,0.24848484848484848,8.679981155620244,0.030303030303030304,178.0,205,825.0,1257,-2.484814133481783,6.762103024748354,1.0396992315255122,1160.75,-0.08949011446409989,0.04357212953876349,9.166666666666666
2016-08-24,0.10909090909090909,0.2496969696969697,8.686251714087291,0.030303030303030304,178.0,206,825.0,1258,-2.4861380559820714,6.762103024748354,1.0367425140966748,1155.5,-0.08949011446409989,0.04357212953876349,9.166666666666666
2016-08-25,0.10909090909090909,0.2509090909090909,8.692519889280659,0.030303030303030304,178.0,207,825.0,1259,-2.4873697410802227,6.762103024748354,1.0347797383267314,1153.0,-0.08949011446409989,0.04357212953876349,9.166666666666666
2016-08-26,0.10909090909090909,0.25212121212121213,8.698785670795361,0.030303030303030304,178.0,208,825.0,1260,-2.4883747314109965,6.762103024748354,1.0316499985217609,1147.25,-0.08949011446409989,0.04357212953876349,9.166666666666666
2016-08-29,0.10909090909090909,0.25333333333333335,8.70504904840482,0.030303030303030304,178.0,209,825.0,1263,-2.489516547525297,6.762103024748354,1.0318525702349504,1150.75,-0.08949011446409989,0.04357212953876349,9.166666666666666
2016-08-30,0.10909090909090909,0.2545454545454545,8.711310012058371,0.030303030303030304,178.0,210,825.0,1264,-2.490378556310817,6.762103024748354,1.0283694638973206,1144.0,-0.08949011446409989,0.04357212953876349,9.166666666666666
2016-08-31,0.10909090909090909,0.25575757575757574,8.717568551878825,0.030303030303030304,178.0,211,825.0,1265,-2.491292635315774,6.762103024748354,1.0277670380235033,1145.25,-0.08949011446409989,0.04357212953876349,9.166666666666666
2016-09-01,0.10909090909090909,0.25696969696969696,8.723824658160071,0.030303030303030304,178.0,212,825.0,1266,-2.4918491869122015,6.762103024748354,1.0239314694702726,1137.5,-0.08949011446409989,0.04357212953876349,9.166666666666666
2016-09-02,0.10909090909090909,0.2581818181818182,8.730078321364687,0.030303030303030304,178.0,213,825.0,1267,-2.4923922189758847,6.762103024748354,1.0227950922464442,1137.25,-0.08949011446409989,0.04357212953876349,9.166666666666666
2016-09-05,0.10909090909090909,0.2593939393939394,8.736329532121609,0.030303030303030304,178.0,214,825.0,1270,-2.492934035168938,6.762103024748354,1.0217508261098227,1137.25,-0.08949011446409989,0.04357212953876349,9.166666666666666
2016-09-06,0.10909090909090909,0.2606060606060606,8.742578281223818,0.030303030303030304,178.0,215,825.0,1271,-2.493205693539571,6.762103024748354,1.018823701547782,1132.0,-0.08949011446409989,0.04357212953876349,9.166666666666666
2016-09-07,0.10909090909090909,0.26181818181818184,8.748824559626105,0.030303030303030304,178.0,216,825.0,1272,-2.493340880102929,6.762103024748354,1.016887241487968,1129.5,-0.08949011446409989,0.04357212953876349,9.166666666666666
2016-09-08,0.10909090909090909,0.263030303030303,8.755068358442795,0.030303030303030304,178.0,217,825.0,1273,-2.4935170236854556,6.762103024748354,1.0161197790368943,1130.25,-0.08949011446409989,0.04357212953876349,9.166666666666666
2016-09-09,0.10909090909090909,0.2642424242424242,8.761309668945577,0.030303030303030304,178.0,218,825.0,1274,-2.4949007518195665,6.762103024748354,1.0251283728130753,1158.25,-0.08949011446409989,0.04357212953876349,9.166666666666666
2016-09-12,0.10909090909090909,0.26545454545454544,8.767548482561322,0.030303030303030304,178.0,219,825.0,1277,-2.496182541967007,6.762103024748354,1.0230168802249437,1155.25,-0.08949011446409989,0.04357212953876349,9.166666666666666
2016-09-13,0.10909090909090909,0.26666666666666666,8.773784790869952,0.030303030303030304,178.0,220,825.0,1278,-2.4974780896526405,6.762103024748354,1.0221628449280995,1155.75,-0.08949011446409989,0.04357212953876349,9.166666666666666
2016-09-14,0.10909090909090909,0.2678787878787879,8.780018585602331,0.030303030303030304,178.0,221,825.0,1279,-2.498220354446845,6.762103024748354,1.0161156091751622,1141.75,-0.08949011446409989,0.04357212953876349,9.166666666666666
2016-09-15,0.10909090909090909,0.2690909090909091,8.786249858638206,0.030303030303030304,178.0,222,825.0,1280,-2.4989269678522756,6.762103024748354,1.0148198600216074,1141.0,-0.08949011446409989,0.04357212953876349,9.166666666666666
2016-09-16,0.10909090909090909,0.2703030303030303,8.79247860200415,0.030303030303030304,178.0,223,825.0,1281,-2.4995155307393078,6.762103024748354,1.0128999197932447,1138.5,-0.08949011446409989,0.04357212953876349,9.166666666666666
2016-09-19,0.10909090909090909,0.27151515151515154,8.79870480787155,0.030303030303030304,178.0,224,825.0,1284,-2.5003411294816527,6.762103024748354,1.0137565971325062,1143.75,-0.08949011446409989,0.04357212953876349,9.166666666666666
2016-09-20,0.10909090909090909,0.2727272727272727,8.804928468554639,0.030303030303030304,178.0,225,825.0,1285,-2.5015467879622015,6.762103024748354,1.0162241163609154,1153.5,-0.08949011446409989,0.04357212953876349,9.166666666666666
2016-09-21,0.10909090909090909,0.2739393939393939,8.811149576508528,0.030303030303030304,178.0,226,825.0,1286,-2.502524086588703,6.762103024748354,1.0130582551476461,1147.5,-0.08949011446409989,0.04357212953876349,9.166666666666666
2016-09-22,0.10909090909090909,0.27515151515151515,8.817368124327285,0.030303030303030304,178.0,227,825.0,1287,-2.5035387132414204,6.762103024748354,1.0123987657583435,1148.5,-0.08949011446409989,0.04357212953876349,9.166666666666666
2016-09-23,0.11349306431273644,0.287515762925599,8.823755725581933,0.07187894073139975,178.0,228,793.0,1288,-2.504684164086585,6.762103024748354,0.9794981136673551,1124.5,-0.08949011446409989,0.04357212953876349,8.811111111111112
2016-09-26,0.11349306431273644,0.28877679697351827,8.830139732601939,0.07187894073139975,178.0,229,793.0,1291,-2.5059047698885846,6.762103024748354,0.9795937346697263,1127.5,-0.08949011446409989,0.04357212953876349,8.811111111111112
2016-09-27,0.11349306431273644,0.2900378310214376,8.836520146651365,0.07187894073139975,178.0,230,793.0,1292,-2.506995662599508,6.762103024748354,0.9769227867203218,1122.75,-0.08949011446409989,0.04357212953876349,8.811111111111112
2016-09-28,0.11349306431273644,0.29129886506935687,8.842896969041448,0.07187894073139975,178.0,231,793.0,1293,-2.507872233885606,6.762103024748354,0.9735410668113275,1116.0,-0.08949011446409989,0.04357212953876349,8.811111111111112
2016-09-29,0.11349306431273644,0.29255989911727615,8.849270201129858,0.07187894073139975,178.0,232,793.0,1294,-2.508943802262621,6.762103024748354,0.9748026506163552,1122.25,-0.08949011446409989,0.04357212953876349,8.811111111111112
2016-09-30,0.11349306431273644,0.2938209331651955,8.855639844319947,0.07187894073139975,178.0,233,793.0,1295,-2.5102905833174307,6.762103024748354,0.9779376693746056,1133.75,-0.08949011446409989,0.04357212953876349,8.811111111111112
2016-10-03,0.11349306431273644,0.29508196721311475,8.862005900060034,0.07187894073139975,178.0,234,793.0,1298,-2.511432750792473,6.762103024748354,0.9738499631440368,1125.0,-0.08949011446409989,0.04357212953876349,8.811111111111112
2016-10-04,0.11349306431273644,0.296343001261034,8.868368369842699,0.07187894073139975,178.0,235,793.0,1299,-2.512545172245129,6.762103024748354,0.9725294271313542,1124.0,-0.08949011446409989,0.04357212953876349,8.811111111111112
2016-10-05,0.11349306431273644,0.29760403530895335,8.874727255204052,0.07187894073139975,178.0,236,793.0,1300,-2.513641136461872,6.762103024748354,0.9713893494411099,1123.5,-0.08949011446409989,0.04357212953876349,8.811111111111112
2016-10-06,0.11349306431273644,0.2988650693568726,8.88108255772306,0.07187894073139975,178.0,237,793.0,1301,-2.5147344643238716,6.762103024748354,0.9704295329265162,1123.5,-0.08949011446409989,0.04357212953876349,8.811111111111112
2016-10-07,0.11568123393316196,0.3059125964010283,8.887499154101832,0.09254498714652956,178.0,238,778.0,1302,-2.515845248903552,6.762103024748354,0.9546954803063825,1112.25,-0.08949011446409989,0.04357212953876349,8.644444444444444
2016-10-10,0.11568123393316196,0.30719794344473006,8.893911819832566,0.09254498714652956,178.0,239,778.0,1305,-2.5170576857863844,6.762103024748354,0.9556254650517879,1117.5,-0.08949011446409989,0.04357212953876349,8.644444444444444
2016-10-11,0.11568123393316196,0.30848329048843187,8.900320559229755,0.09254498714652956,178.0,240,778.0,1306,-2.518173687377443,6.762103024748354,0.9529973528929371,1112.75,-0.08949011446409989,0.04357212953876349,8.644444444444444
2016-10-12,0.11568123393316196,0.3097686375321337,8.906725376623589,0.09254498714652956,178.0,241,778.0,1307,-2.5192705167538496,6.762103024748354,0.9517953710453807,1112.0,-0.08949011446409989,0.04357212953876349,8.644444444444444
2016-10-13,0.11568123393316196,0.3110539845758355,8.913126276359561,0.09254498714652956,178.0,242,778.0,1308,-2.520402143932867,6.762103024748354,0.9514845657647515,1113.75,-0.08949011446409989,0.04357212953876349,8.644444444444444
2016-10-14,0.11568123393316196,0.31233933161953725,8.919523262798144,0.09254498714652956,178.0,243,778.0,1309,-2.5215937362299674,6.762103024748354,0.9517084901905378,1117.0,-0.08949011446409989,0.04357212953876349,8.644444444444444
2016-10-17,0.11568123393316196,0.31362467866323906,8.925916340314394,0.09254498714652956,178.0,244,778.0,1312,-2.5227732036297223,6.762103024748354,0.9506008985412927,1116.5,-0.08949011446409989,0.04357212953876349,8.644444444444444
2016-10-18,0.11568123393316196,0.3149100257069409,8.932305513297628,0.09254498714652956,178.0,245,778.0,1313,-2.524051213233826,6.762103024748354,0.9519820335016115,1123.0,-0.08949011446409989,0.04357212953876349,8.644444444444444
2016-10-19,0.11568123393316196,0.3161953727506427,8.938690786151058,0.09254498714652956,178.0,246,778.0,1314,-2.5253633023037585,6.762103024748354,0.9522093249285991,1126.25,-0.08949011446409989,0.04357212953876349,8.644444444444444
2016-10-20,0.11568123393316196,0.31748071979434445,8.945072163291462,0.09254498714652956,178.0,247,778.0,1315,-2.526663858315842,6.762103024748354,0.9510177569316989,1125.5,-0.08949011446409989,0.04357212953876349,8.644444444444444
2016-10-21,0.11568123393316196,0.31876606683804626,8.951449649148847,0.09254498714652956,178.0,248,778.0,1316,-2.5279496356802507,6.762103024748354,0.9497395670311319,1124.5,-0.08949011446409989,0.04357212953876349,8.644444444444444
2016-10-24,0.11568123393316196,0.32005141388174807,8.957823248166108,0.09254498714652956,178.0,249,778.0,1319,-2.529167664708726,6.762103024748354,0.9471332684114242,1119.75,-0.08949011446409989,0.04357212953876349,8.644444444444444
2016-10-25,0.11435832274459974,0.3176620076238882,8.964156214493059,0.08005082592121983,178.0,250,787.0,1320,-2.5303992285281485,6.762103024748354,0.9549605905402255,1126.5,-0.08949011446409989,0.04357212953876349,8.744444444444444
2016-10-26,0.11435832274459974,0.3189326556543837,8.970485494830347,0.08005082592121983,178.0,251,787.0,1321,-2.5316591985774752,6.762103024748354,0.95465418261345,1128.25,-0.08949011446409989,0.04357212953876349,8.744444444444444
2016-10-27,0.11435832274459974,0.3202033036848793,8.976811092276327,0.08005082592121983,178.0,252,787.0,1322,-2.5328504048328915,6.762103024748354,0.952488853640519,1124.75,-0.08949011446409989,0.04357212953876349,8.744444444444444
2016-10-28,0.11435832274459974,0.32147395171537485,8.983133009953512,0.08005082592121983,178.0,253,787.0,1323,-2.53421256949054,6.762103024748354,0.9555512368576156,1136.0,-0.08949011446409989,0.04357212953876349,8.744444444444444
2016-10-31,0.11435832274459974,0.3227445997458704,8.989451251008148,0.08005082592121983,178.0,254,787.0,1326,-2.5355994764984033,6.762103024748354,0.9556912988982653,1139.0,-0.08949011446409989,0.04357212953876349,8.744444444444444
2016-11-01,0.11435832274459974,0.3240152477763659,8.995765818609744,0.08005082592121983,178.0,255,787.0,1327,-2.536854362362603,6.762103024748354,0.9511422276987417,1128.75,-0.08949011446409989,0.04357212953876349,8.744444444444444
2016-11-02,0.11435832274459974,0.3252858958068615,9.002076715950666,0.08005082592121983,178.0,256,787.0,1328,-2.5382499764849515,6.762103024748354,0.9546478507193105,1141.25,-0.08949011446409989,0.04357212953876349,8.744444444444444
2016-11-03,0.11435832274459974,0.32655654383735705,9.008383946245699,0.08005082592121983,178.0,257,787.0,1329,-2.539661422884032,6.762103024748354,0.9553223614395026,1145.75,-0.08949011446409989,0.04357212953876349,8.744444444444444
2016-11-04,0.11435832274459974,0.3278271918678526,9.014687512731637,0.08005082592121983,178.0,258,787.0,1330,-2.5410523841747144,6.762103024748354,0.9579424509598323,1155.75,-0.08949011446409989,0.04357212953876349,8.744444444444444
2016-11-07,0.11435832274459974,0.3290978398983482,9.02098741866686,0.08005082592121983,178.0,259,787.0,1333,-2.5424564631458715,6.762103024748354,0.9537573778185717,1146.5,-0.08949011446409989,0.04357212953876349,8.744444444444444
2016-11-08,0.11435832274459974,0.3303684879288437,9.027283667330943,0.08005082592121983,178.0,260,787.0,1334,-2.5438468285006213,6.762103024748354,0.9554952002046726,1154.0,-0.08949011446409989,0.04357212953876349,8.744444444444444
2016-11-09,0.11435832274459974,0.33163913595933925,9.033576262024233,0.08005082592121983,178.0,261,787.0,1335,-2.5452324654055496,6.762103024748354,0.9545837600628561,1154.0,-0.08949011446409989,0.04357212953876349,8.744444444444444
2016-11-10,0.11435832274459974,0.33290978398983484,9.039865206067478,0.08005082592121983,178.0,262,787.0,1336,-2.546521540526332,6.762103024748354,0.9573817922323778,1164.5,-0.08949011446409989,0.04357212953876349,8.744444444444444
2016-11-11,0.11435832274459974,0.3341804320203304,9.046150502801412,0.08005082592121983,178.0,263,787.0,1337,-2.5478964513512112,6.762103024748354,0.9528546553101743,1154.25,-0.08949011446409989,0.04357212953876349,8.744444444444444
2016-11-14,0.11435832274459974,0.3354510800508259,9.052432155586393,0.08005082592121983,178.0,264,787.0,1340,-2.5491621506510995,6.762103024748354,0.9559183566617924,1165.5,-0.08949011446409989,0.04357212953876349,8.744444444444444
2016-11-15,0.11435832274459974,0.33672172808132145,9.058710167802017,0.08005082592121983,178.0,265,787.0,1341,-2.5502420215668313,6.762103024748354,0.9585401685610454,1175.5,-0.08949011446409989,0.04357212953876349,8.744444444444444
2016-11-16,0.11435832274459974,0.33799237611181704,9.064984542846739,0.08005082592121983,178.0,266,787.0,1342,-2.5513599065963612,6.762103024748354,0.9569300046622378,1173.5,-0.08949011446409989,0.04357212953876349,8.744444444444444
2016-11-17,0.11435832274459974,0.3392630241423126,9.07125528413751,0.08005082592121983,178.0,267,787.0,1343,-2.5525570757135476,6.762103024748354,0.9544409440723769,1169.0,-0.08949011446409989,0.04357212953876349,8.744444444444444
2016-11-18,0.11435832274459974,0.3405336721728081,9.077522395109423,0.08005082592121983,178.0,268,787.0,1344,-2.553639057075346,6.762103024748354,0.955566512595891,1174.75,-0.08949011446409989,0.04357212953876349,8.744444444444444
2016-11-21,0.11435832274459974,0.3418043202033037,9.083785879215338,0.08005082592121983,178.0,269,787.0,1347,-2.554782031406724,6.762103024748354,0.9535223304156026,1171.5,-0.08949011446409989,0.04357212953876349,8.744444444444444
2016-11-22,0.11435832274459974,0.34307496823379924,9.090045739925547,0.08005082592121983,178.0,270,787.0,1348,-2.5559929644481554,6.762103024748354,0.9511286436166324,1167.25,-0.08949011446409989,0.04357212953876349,8.744444444444444
2016-11-23,0.11042944785276074,0.3325153374233129,9.096174597504215,0.04294478527607362,178.0,271,815.0,1349,-2.5575970939126447,6.762103024748354,0.9768154804938358,1188.25,-0.08949011446409989,0.04357212953876349,9.055555555555555
2016-11-24,0.11042944785276074,0.3337423312883436,9.10230051110959,0.04294478527607362,178.0,272,815.0,1350,-2.559195460270553,6.762103024748354,0.9758931534021505,1188.25,-0.08949011446409989,0.04357212953876349,9.055555555555555
2016-11-25,0.11042944785276074,0.33496932515337424,9.108423479376453,0.04294478527607362,178.0,273,815.0,1351,-2.560788094523597,6.762103024748354,0.9749726727008838,1188.25,-0.08949011446409989,0.04357212953876349,9.055555555555555
2016-11-28,0.11042944785276074,0.3361963190184049,9.114543501000417,0.04294478527607362,178.0,274,815.0,1354,-2.562375027451538,6.762103024748354,0.9740540327284204,1188.25,-0.08949011446409989,0.04357212953876349,9.055555555555555
2016-11-29,0.11042944785276074,0.3374233128834356,9.120660574737133,0.04294478527607362,178.0,275,815.0,1355,-2.563940780251755,6.762103024748354,0.9740159624685907,1190.75,-0.08949011446409989,0.04357212953876349,9.055555555555555
2016-11-30,0.11042944785276074,0.33865030674846625,9.12677469940146,0.04294478527607362,178.0,276,815.0,1356,-2.5653412671765463,6.762103024748354,0.9775806501910599,1203.5,-0.08949011446409989,0.04357212953876349,9.055555555555555
2016-12-01,0.11042944785276074,0.3398773006134969,9.132885873866664,0.04294478527607362,178.0,277,815.0,1357,-2.5668337878667415,6.762103024748354,0.9743825115241582,1197.0,-0.08949011446409989,0.04357212953876349,9.055555555555555
2016-12-02,0.11042944785276074,0.3411042944785276,9.138994097063643,0.04294478527607362,178.0,278,815.0,1358,-2.5683635022817257,6.762103024748354,0.9720656047859846,1193.0,-0.08949011446409989,0.04357212953876349,9.055555555555555
2016-12-05,0.11042944785276074,0.3423312883435583,9.145099367980114,0.04294478527607362,178.0,279,815.0,1361,-2.569889726168288,6.762103024748354,0.9710677488455266,1192.75,-0.08949011446409989,0.04357212953876349,9.055555555555555
2016-12-06,0.11042944785276074,0.34355828220858897,9.151201685659887,0.04294478527607362,178.0,280,815.0,1362,-2.5714575412510126,6.762103024748354,0.9670015867005644,1183.75,-0.08949011446409989,0.04357212953876349,9.055555555555555
2016-12-07,0.11042944785276074,0.34478527607361964,9.157301049202069,0.04294478527607362,178.0,281,815.0,1363,-2.5730046683072443,6.762103024748354,0.9676746226152141,1188.25,-0.08949011446409989,0.04357212953876349,9.055555555555555
2016-12-08,0.11042944785276074,0.3460122699386503,9.163397457760327,0.04294478527607362,178.0,282,815.0,1364,-2.5745633317330503,6.762103024748354,0.9643160894738735,1181.25,-0.08949011446409989,0.04357212953876349,9.055555555555555
2016-12-09,0.11042944785276074,0.347239263803681,9.169490910542157,0.04294478527607362,178.0,283,815.0,1365,-2.576111229287798,6.762103024748354,0.9622754736170727,1178.0,-0.08949011446409989,0.04357212953876349,9.055555555555555
2016-12-12,0.10727056019070322,0.33849821215733017,9.175453370798175,0.013110846245530394,178.0,284,839.0,1368,-2.5778189090914627,6.762103024748354,0.9838388757828085,1196.0,-0.08949011446409989,0.04357212953876349,9.322222222222223
2016-12-13,0.10727056019070322,0.3396901072705602,9.181413580913151,0.013110846245530394,178.0,285,839.0,1369,-2.5796059416772117,6.762103024748354,0.9877331055551377,1209.75,-0.08949011446409989,0.04357212953876349,9.322222222222223
2016-12-14,0.10882708585247884,0.34582829504232165,9.187437806178062,0.02781136638452237,178.0,286,827.0,1370,-2.581253863065051,6.762103024748354,0.9756043760711639,1200.75,-0.08949011446409989,0.04357212953876349,9.188888888888888
2016-12-15,0.10843373493975904,0.3457831325301205,9.193443369427882,0.024096385542168676,178.0,287,830.0,1371,-2.5829309776844998,6.762103024748354,0.9774953033365954,1203.0,-0.08949011446409989,0.04357212953876349,9.222222222222221
2016-12-16,0.10625737898465171,0.3400236127508855,9.199349593301967,0.0035419126328217238,178.0,288,847.0,1372,-2.5847780900452193,6.762103024748354,0.9924284819549039,1215.75,-0.08949011446409989,0.04357212953876349,9.411111111111111
2016-12-19,0.10625737898465171,0.3412042502951594,9.205253813410316,0.0035419126328217238,178.0,289,847.0,1375,-2.5865925916323813,6.762103024748354,0.9897552588780633,1210.75,-0.08949011446409989,0.04357212953876349,9.411111111111111
2016-12-20,0.10625737898465171,0.34238488783943327,9.211156022063479,0.0035419126328217238,178.0,290,847.0,1376,-2.5884032672013833,6.762103024748354,0.9889207435494312,1211.0,-0.08949011446409989,0.04357212953876349,9.411111111111111
2016-12-21,0.10727056019070322,0.3468414779499404,9.217102665592376,0.013110846245530394,178.0,291,839.0,1377,-2.590144261805649,6.762103024748354,0.9805695745702652,1205.0,-0.08949011446409989,0.04357212953876349,9.322222222222223
2016-12-22,0.10180995475113122,0.32918552036199095,9.222756181437735,0.0,178.0,291,884.0,1378,-2.592130780011675,6.762103024748354,1.02141371090466,1238.75,-0.08949011446409989,0.04357212953876349,9.822222222222223
2016-12-23,0.10180995475113122,0.32918552036199095,9.228409140126734,0.0,178.0,291,884.0,1379,-2.594005198513021,6.762103024748354,1.0188011128909873,1234.0,-0.08949011446409989,0.04357212953876349,9.822222222222223
2016-12-26,0.10180995475113122,0.32918552036199095,9.234061522310226,0.0,178.0,291,884.0,1382,-2.595874667106828,6.762103024748354,1.0178500676390847,1234.0,-0.08949011446409989,0.04357212953876349,9.822222222222223
2016-12-27,0.10180995475113122,0.32918552036199095,9.23971330887625,0.0,178.0,291,884.0,1383,-2.597898067737012,6.762103024748354,1.019518692018003,1241.5,-0.08949011446409989,0.04357212953876349,9.822222222222223
2016-12-28,0.10392609699769054,0.33602771362586603,9.245488033560244,0.020785219399538105,178.0,291,866.0,1384,-2.599828689670295,6.762103024748354,1.0019403952902726,1228.0,-0.08949011446409989,0.04357212953876349,9.622222222222222
2016-12-29,0.10392609699769054,0.33602771362586603,9.251261368895458,0.020785219399538105,178.0,291,866.0,1385,-2.6017416888188176,6.762103024748354,1.000663065957799,1227.0,-0.08949011446409989,0.04357212953876349,9.622222222222222
2016-12-30,0.10392609699769054,0.33602771362586603,9.257033302746986,0.020785219399538105,178.0,291,866.0,1386,-2.603649007783937,6.762103024748354,0.9997364706345957,1227.0,-0.08949011446409989,0.04357212953876349,9.622222222222222
2017-01-02,0.10392609699769054,0.33602771362586603,9.262803823139915,0.020785219399538105,178.0,291,866.0,1389,-2.60555067182702,6.762103024748354,0.9988116855372783,1227.0,-0.08949011446409989,0.04357212953876349,9.622222222222222
2017-01-03,0.10392609699769054,0.33602771362586603,9.268572918257375,0.020785219399538105,178.0,291,866.0,1390,-2.606995972518119,6.762103024748354,0.9903974160587528,1205.5,-0.08949011446409989,0.04357212953876349,9.622222222222222
2017-01-04,0.10392609699769054,0.33602771362586603,9.274340576438602,0.020785219399538105,178.0,291,866.0,1391,-2.608563609035131,6.762103024748354,0.9910462426246788,1210.0,-0.08949011446409989,0.04357212953876349,9.622222222222222
2017-01-05,0.10392609699769054,0.33602771362586603,9.280106786177042,0.020785219399538105,178.0,291,866.0,1392,-2.610159285173108,6.762103024748354,0.9905641543371454,1211.25,-0.08949011446409989,0.04357212953876349,9.622222222222222
2017-01-06,0.10392609699769054,0.33602771362586603,9.285871536118467,0.020785219399538105,178.0,291,866.0,1393,-2.6118548685193743,6.762103024748354,0.9912147720712297,1215.75,-0.08949011446409989,0.04357212953876349,9.622222222222222
2017-01-09,0.10392609699769054,0.33602771362586603,9.291634815059135,0.020785219399538105,178.0,291,866.0,1396,-2.61367393532375,6.762103024748354,0.9927359496722596,1222.75,-0.08949011446409989,0.04357212953876349,9.622222222222222
2017-01-10,0.10392609699769054,0.33602771362586603,9.297396611943949,0.020785219399538105,178.0,291,866.0,1397,-2.615495462898438,6.762103024748354,0.9919963405071012,1223.25,-0.08949011446409989,0.04357212953876349,9.622222222222222
2017-01-11,0.10392609699769054,0.33602771362586603,9.303156915864662,0.020785219399538105,178.0,291,866.0,1398,-2.6172503275824424,6.762103024748354,0.9897806359906499,1219.5,-0.08949011446409989,0.04357212953876349,9.622222222222222
2017-01-12,0.10089686098654709,0.32623318385650224,9.308739092719437,0.0,178.0,291,892.0,1399,-2.6190325327807766,6.762103024748354,1.0126117483489747,1239.0,-0.08949011446409989,0.04357212953876349,9.911111111111111
2017-01-13,0.10089686098654709,0.32623318385650224,9.314320819818814,0.0,178.0,291,892.0,1400,-2.620768293875151,6.762103024748354,1.0111575360011775,1237.5,-0.08949011446409989,0.04357212953876349,9.911111111111111
2017-01-16,0.10089686098654709,0.32623318385650224,9.31990207796397,0.0,178.0,291,892.0,1403,-2.6224997653734694,6.762103024748354,1.010226507734791,1237.5,-0.08949011446409989,0.04357212953876349,9.911111111111111
2017-01-17,0.0972972972972973,0.3145945945945946,9.32522628360566,0.0,178.0,291,925.0,1404,-2.624122796760494,6.762103024748354,1.0393339945441453,1262.25,-0.08949011446409989,0.04357212953876349,10.277777777777779
2017-01-18,0.0972972972972973,0.3145945945945946,9.330551641336728,0.0,178.0,291,925.0,1405,-2.6254955638460875,6.762103024748354,1.0363789548505042,1256.5,-0.08949011446409989,0.04357212953876349,10.277777777777779
2017-01-19,0.0982532751091703,0.31768558951965065,9.335951421670583,0.009825327510917031,178.0,291,916.0,1406,-2.6269266195511394,6.762103024748354,1.0272477825998392,1249.75,-0.08949011446409989,0.04357212953876349,10.177777777777777
2017-01-20,0.09483667017913593,0.3066385669125395,9.341069912051134,0.0,178.0,291,949.0,1407,-2.628078255019017,6.762103024748354,1.05624318604502,1274.5,-0.08949011446409989,0.04357212953876349,10.544444444444444
2017-01-23,0.09483667017913593,0.3066385669125395,9.346190896697685,0.0,178.0,291,949.0,1410,-2.6291594936026916,6.762103024748354,1.0548338296281095,1273.25,-0.08949011446409989,0.04357212953876349,10.544444444444444
2017-01-24,0.09483667017913593,0.3066385669125395,9.351314330385959,0.0,178.0,291,949.0,1411,-2.6304768549362185,6.762103024748354,1.055419727105169,1277.75,-0.08949011446409989,0.04357212953876349,10.544444444444444
2017-01-25,0.09483667017913593,0.3066385669125395,9.356440168413403,0.0,178.0,291,949.0,1412,-2.6315806042054373,6.762103024748354,1.0530611708758388,1273.75,-0.08949011446409989,0.04357212953876349,10.544444444444444
2017-01-26,0.09523809523809523,0.30793650793650795,9.361604071817668,0.004232804232804233,178.0,291,945.0,1413,-2.6327240335296143,6.762103024748354,1.0484769554198232,1270.75,-0.08949011446409989,0.04357212953876349,10.5
2017-01-27,0.09523809523809523,0.30793650793650795,9.366770042507417,0.004232804232804233,178.0,291,945.0,1414,-2.633401331337866,6.762103024748354,1.0446557740204017,1262.5,-0.08949011446409989,0.04357212953876349,10.5
2017-01-30,0.09146341463414634,0.29573170731707316,9.371568470289573,0.0,178.0,291,984.0,1417,-2.633461771387691,6.762103024748354,1.0788567648583902,1291.75,-0.08949011446409989,0.04357212953876349,10.933333333333334
2017-01-31,0.08902077151335312,0.2878338278931751,9.376085659195406,0.0,178.0,291,1011.0,1418,-2.6329797326800515,6.762103024748354,1.102177915472559,1312.0,-0.08949011446409989,0.04357212953876349,11.233333333333333
2017-02-01,0.08902077151335312,0.2878338278931751,9.380609682184332,0.0,178.0,291,1011.0,1419,-2.633004827861283,6.762103024748354,1.103319524580467,1318.25,-0.08949011446409989,0.04357212953876349,11.233333333333333
2017-02-02,0.08902077151335312,0.2878338278931751,9.385140450807942,0.0,178.0,291,1011.0,1420,-2.633029873593062,6.762103024748354,1.1023004687638398,1318.25,-0.08949011446409989,0.04357212953876349,11.233333333333333
2017-02-03,0.08902077151335312,0.2878338278931751,9.389677877684726,0.0,178.0,291,1011.0,1421,-2.6329959601471478,6.762103024748354,1.1010241255705464,1317.5,-0.08949011446409989,0.04357212953876349,11.233333333333333
2017-02-06,0.08902077151335312,0.2878338278931751,9.394221876484972,0.0,178.0,291,1011.0,1424,-2.632619781315464,6.762103024748354,1.098540516132452,1313.25,-0.08949011446409989,0.04357212953876349,11.233333333333333
2017-02-07,0.08902077151335312,0.2878338278931751,9.3987723619159,0.0,178.0,291,1011.0,1425,-2.6321616938239987,6.762103024748354,1.0971824940365307,1312.25,-0.08949011446409989,0.04357212953876349,11.233333333333333
2017-02-08,0.08902077151335312,0.2878338278931751,9.403329249707046,0.0,178.0,291,1011.0,1426,-2.63216791880982,6.762103024748354,1.098157453141689,1318.0,-0.08949011446409989,0.04357212953876349,11.233333333333333
2017-02-09,0.08902077151335312,0.2878338278931751,9.407892456595912,0.0,178.0,291,1011.0,1427,-2.6326461659876625,6.762103024748354,1.0993055696562366,1324.25,-0.08949011446409989,0.04357212953876349,11.233333333333333
2017-02-10,0.08902077151335312,0.2878338278931751,9.412461900313803,0.0,178.0,291,1011.0,1428,-2.633105231179412,6.762103024748354,1.0982112017541903,1324.0,-0.08949011446409989,0.04357212953876349,11.233333333333333
2017-02-13,0.08902077151335312,0.2878338278931751,9.41703749957195,0.0,178.0,291,1011.0,1431,-2.6338137505136965,6.762103024748354,1.0984123683920968,1327.5,-0.08949011446409989,0.04357212953876349,11.233333333333333
2017-02-14,0.08902077151335312,0.2878338278931751,9.421619174047851,0.0,178.0,291,1011.0,1432,-2.6341045853127625,6.762103024748354,1.0954249671352008,1321.75,-0.08949011446409989,0.04357212953876349,11.233333333333333
2017-02-15,0.08902077151335312,0.2878338278931751,9.42620684437179,0.0,178.0,291,1011.0,1433,-2.6343761455589547,6.762103024748354,1.094336745411065,1321.5,-0.08949011446409989,0.04357212953876349,11.233333333333333
2017-02-16,0.08771929824561403,0.28362573099415206,9.43063843034786,0.0,178.0,291,1026.0,1434,-2.6343601561845933,6.762103024748354,1.106678573229564,1332.75,-0.08949011446409989,0.04357212953876349,11.4
2017-02-17,0.08771929824561403,0.28362573099415206,9.435077135720311,0.0,178.0,291,1026.0,1435,-2.633761953226384,6.762103024748354,1.1032552531863589,1325.75,-0.08949011446409989,0.04357212953876349,11.4
2017-02-20,0.08771929824561403,0.28362573099415206,9.439522870446675,0.0,178.0,291,1026.0,1438,-2.633164924988133,6.762103024748354,1.1022459871352277,1325.75,-0.08949011446409989,0.04357212953876349,11.4
2017-02-21,0.08771929824561403,0.28362573099415206,9.443975545562951,0.0,178.0,291,1026.0,1439,-2.632482733921103,6.762103024748354,1.1008944058613555,1324.75,-0.08949011446409989,0.04357212953876349,11.4
2017-02-22,0.08771929824561403,0.28362573099415206,9.448435073168408,0.0,178.0,291,1026.0,1440,-2.6317801915069383,6.762103024748354,1.0998030615254655,1324.5,-0.08949011446409989,0.04357212953876349,11.4
2017-02-23,0.08704061895551257,0.281431334622824,9.452813600903735,0.0,178.0,291,1034.0,1441,-2.630890632064071,6.762103024748354,1.1058786791841588,1330.5,-0.08949011446409989,0.04357212953876349,11.488888888888889
2017-02-24,0.08325624421831637,0.26919518963922295,9.456642613186709,0.0,178.0,291,1081.0,1442,-2.628728000744956,6.762103024748354,1.1464161375622552,1365.75,-0.08949011446409989,0.04357212953876349,12.011111111111111
2017-02-27,0.08325624421831637,0.26919518963922295,9.460483628602931,0.0,178.0,291,1081.0,1445,-2.626489663533206,6.762103024748354,1.1451086710316287,1365.0,-0.08949011446409989,0.04357212953876349,12.011111111111111
2017-02-28,0.08287292817679558,0.26795580110497236,9.464273461363609,0.0,178.0,291,1086.0,1446,-2.6241023918264483,6.762103024748354,1.1484718216385068,1368.75,-0.08949011446409989,0.04357212953876349,12.066666666666666
2017-03-01,0.08287292817679558,0.26795580110497236,9.468075570880895,0.0,178.0,291,1086.0,1447,-2.6221753110498898,6.762103024748354,1.1488816846922931,1373.0,-0.08949011446409989,0.04357212953876349,12.066666666666666
2017-03-02,0.08364312267657993,0.2704460966542751,9.472013938846262,0.00929368029739777,178.0,291,1076.0,1448,-2.620540002115747,6.762103024748354,1.139029735361257,1365.5,-0.08949011446409989,0.04357212953876349,11.955555555555556
2017-03-03,0.08364312267657993,0.2704460966542751,9.475963202177711,0.00929368029739777,178.0,291,1076.0,1449,-2.6187034396657656,6.762103024748354,1.1373055415279925,1363.5,-0.08949011446409989,0.04357212953876349,11.955555555555556
2017-03-06,0.08364312267657993,0.2704460966542751,9.479923230224411,0.00929368029739777,178.0,291,1076.0,1452,-2.617300895743576,6.762103024748354,1.1377285958320456,1367.75,-0.08949011446409989,0.04357212953876349,11.955555555555556
2017-03-07,0.08490566037735849,0.27452830188679245,9.484083091042722,0.024528301886792454,178.0,291,1060.0,1453,-2.61631991160474,6.762103024748354,1.1226525809959118,1355.75,-0.08949011446409989,0.04357212953876349,11.777777777777779
2017-03-08,0.08490566037735849,0.27452830188679245,9.488251861536932,0.024528301886792454,178.0,291,1060.0,1454,-2.615662886942654,6.762103024748354,1.1228351988497962,1359.25,-0.08949011446409989,0.04357212953876349,11.777777777777779
2017-03-09,0.08490566037735849,0.27452830188679245,9.492429433785858,0.024528301886792454,178.0,291,1060.0,1455,-2.6148933983037916,6.762103024748354,1.1213905224018352,1358.0,-0.08949011446409989,0.04357212953876349,11.777777777777779
2017-03-10,0.08490566037735849,0.27452830188679245,9.496615701179318,0.024528301886792454,178.0,291,1060.0,1456,-2.6140795954401668,6.762103024748354,1.1202050738106384,1357.5,-0.08949011446409989,0.04357212953876349,11.777777777777779
2017-03-13,0.08490566037735849,0.27452830188679245,9.500810558399209,0.024528301886792454,178.0,291,1060.0,1459,-2.613128843395804,6.762103024748354,1.1186790627821297,1356.0,-0.08949011446409989,0.04357212953876349,11.777777777777779
2017-03-14,0.08522727272727272,0.2755681818181818,9.505058938463867,0.028409090909090908,178.0,291,1056.0,1460,-2.612278560509724,6.762103024748354,1.1141763747882163,1353.0,-0.08949011446409989,0.04357212953876349,11.733333333333333
2017-03-15,0.08522727272727272,0.2755681818181818,9.509315335121775,0.028409090909090908,178.0,291,1056.0,1461,-2.6122185345868267,6.762103024748354,1.1162528971734607,1362.0,-0.08949011446409989,0.04357212953876349,11.733333333333333
2017-03-16,0.08442776735459662,0.27298311444652906,9.513466989756266,0.01876172607879925,178.0,291,1066.0,1462,-2.6119413878946225,6.762103024748354,1.1239629080167284,1369.5,-0.08949011446409989,0.04357212953876349,11.844444444444445
2017-03-17,0.08662175168431184,0.28007699711260825,9.517922868488373,0.04523580365736285,178.0,291,1039.0,1463,-2.61222077759066,6.762103024748354,1.0994487904658052,1349.25,-0.08949011446409989,0.04357212953876349,11.544444444444444
2017-03-20,0.08662175168431184,0.28007699711260825,9.522385027717585,0.04523580365736285,178.0,291,1039.0,1466,-2.612538270495624,6.762103024748354,1.0986347710937512,1349.75,-0.08949011446409989,0.04357212953876349,11.544444444444444
2017-03-21,0.08662175168431184,0.28007699711260825,9.526853388463962,0.04523580365736285,178.0,291,1039.0,1467,-2.6140917498727516,6.762103024748354,1.1037199060481504,1367.5,-0.08949011446409989,0.04357212953876349,11.544444444444444
2017-03-22,0.08662175168431184,0.28007699711260825,9.531327872665718,0.04523580365736285,178.0,291,1039.0,1468,-2.6156264442602786,6.762103024748354,1.1026509802976112,1367.25,-0.08949011446409989,0.04357212953876349,11.544444444444444
2017-03-23,0.08662175168431184,0.28007699711260825,9.535808403166692,0.04523580365736285,178.0,291,1039.0,1469,-2.617015512654912,6.762103024748354,1.1009006458750223,1365.0,-0.08949011446409989,0.04357212953876349,11.544444444444444
2017-03-24,0.08662175168431184,0.28007699711260825,9.540294903704048,0.04523580365736285,178.0,291,1039.0,1470,-2.6179497035768846,6.762103024748354,1.0976157725143372,1358.25,-0.08949011446409989,0.04357212953876349,11.544444444444444
2017-03-27,0.08662175168431184,0.28007699711260825,9.544787298896132,0.04523580365736285,178.0,291,1039.0,1473,-2.6191376068915946,6.762103024748354,1.0979191304471996,1362.0,-0.08949011446409989,0.04357212953876349,11.544444444444444
2017-03-28,0.08662175168431184,0.28007699711260825,9.54928551423056,0.04523580365736285,178.0,291,1039.0,1474,-2.6208586510488168,6.762103024748354,1.0998445851119345,1370.5,-0.08949011446409989,0.04357212953876349,11.544444444444444
2017-03-29,0.08662175168431184,0.28007699711260825,9.553789476052476,0.04523580365736285,178.0,291,1039.0,1475,-2.6226932497925795,6.762103024748354,1.0995521925216085,1372.5,-0.08949011446409989,0.04357212953876349,11.544444444444444
2017-03-30,0.08645533141210375,0.27953890489913547,9.55827874651133,0.043227665706051875,178.0,291,1041.0,1476,-2.6245032727097715,6.762103024748354,1.100304209798077,1374.0,-0.08949011446409989,0.04357212953876349,11.566666666666666
2017-03-31,0.08645533141210375,0.27953890489913547,9.562773772204528,0.043227665706051875,178.0,291,1041.0,1477,-2.6267752495187358,6.762103024748354,1.1022291401915507,1382.5,-0.08949011446409989,0.04357212953876349,11.566666666666666
2017-04-03,0.08645533141210375,0.27953890489913547,9.567274480436765,0.043227665706051875,178.0,291,1041.0,1480,-2.6292521113249605,6.762103024748354,1.1027053550872266,1386.75,-0.08949011446409989,0.04357212953876349,11.566666666666666
2017-04-04,0.08645533141210375,0.27953890489913547,9.571780799344616,0.043227665706051875,178.0,291,1041.0,1481,-2.631383085323307,6.762103024748354,1.0994345024362124,1380.0,-0.08949011446409989,0.04357212953876349,11.566666666666666
2017-04-05,0.08645533141210375,0.27953890489913547,9.576292657885416,0.043227665706051875,178.0,291,1041.0,1482,-2.6339762636469053,6.762103024748354,1.1017017429429337,1389.5,-0.08949011446409989,0.04357212953876349,11.566666666666666
2017-04-06,0.08645533141210375,0.27953890489913547,9.5808099858263,0.043227665706051875,178.0,291,1041.0,1483,-2.636264951868525,6.762103024748354,1.0986059449701595,1383.25,-0.08949011446409989,0.04357212953876349,11.566666666666666
2017-04-07,0.08645533141210375,0.27953890489913547,9.585332713733402,0.043227665706051875,178.0,291,1041.0,1484,-2.6388234822723873,6.762103024748354,1.0995977823815979,1389.0,-0.08949011446409989,0.04357212953876349,11.566666666666666
2017-04-10,0.08645533141210375,0.27953890489913547,9.589860772961254,0.043227665706051875,178.0,291,1041.0,1487,-2.6415818665480524,6.762103024748354,1.1002498063256074,1393.75,-0.08949011446409989,0.04357212953876349,11.566666666666666
2017-04-11,0.08645533141210375,0.27953890489913547,9.594394095642325,0.043227665706051875,178.0,291,1041.0,1488,-2.643751827295748,6.762103024748354,1.0950351495254733,1381.25,-0.08949011446409989,0.04357212953876349,11.566666666666666
2017-04-12,0.08645533141210375,0.27953890489913547,9.598932614676734,0.043227665706051875,178.0,291,1041.0,1489,-2.646116873463946,6.762103024748354,1.0954354817680039,1385.25,-0.08949011446409989,0.04357212953876349,11.566666666666666
2017-04-13,0.08645533141210375,0.27953890489913547,9.603476263722117,0.043227665706051875,178.0,291,1041.0,1490,-2.649060602311134,6.762103024748354,1.0991507166725711,1399.0,-0.08949011446409989,0.04357212953876349,11.566666666666666
2017-04-14,0.08645533141210375,0.27953890489913547,9.608024977183653,0.043227665706051875,178.0,291,1041.0,1491,-2.651996424198947,6.762103024748354,1.0981924227616777,1399.0,-0.08949011446409989,0.04357212953876349,11.566666666666666
2017-04-17,0.08645533141210375,0.27953890489913547,9.612578690204257,0.043227665706051875,178.0,291,1041.0,1494,-2.6548496003131614,6.762103024748354,1.0965565278513507,1397.0,-0.08949011446409989,0.04357212953876349,11.566666666666666
2017-04-18,0.08645533141210375,0.27953890489913547,9.617137338654901,0.043227665706051875,178.0,291,1041.0,1495,-2.6576857527763846,6.762103024748354,1.0955170637721523,1396.75,-0.08949011446409989,0.04357212953876349,11.566666666666666
2017-04-19,0.08645533141210375,0.27953890489913547,9.621700859125106,0.043227665706051875,178.0,291,1041.0,1496,-2.6604660556421447,6.762103024748354,1.0941399509855287,1395.5,-0.08949011446409989,0.04357212953876349,11.566666666666666
2017-04-20,0.08645533141210375,0.27953890489913547,9.62626918891356,0.043227665706051875,178.0,291,1041.0,1497,-2.6635341049330026,6.762103024748354,1.0959884755287335,1403.75,-0.08949011446409989,0.04357212953876349,11.566666666666666
2017-04-21,0.08645533141210375,0.27953890489913547,9.630842266018908,0.043227665706051875,178.0,291,1041.0,1498,-2.6664491166493076,6.762103024748354,1.0935966652604054,1399.5,-0.08949011446409989,0.04357212953876349,11.566666666666666
2017-04-24,0.08645533141210375,0.27953890489913547,9.635420029130636,0.043227665706051875,178.0,291,1041.0,1501,-2.669451196806816,6.762103024748354,1.0935812418072406,1402.25,-0.08949011446409989,0.04357212953876349,11.566666666666666
2017-04-25,0.08645533141210375,0.27953890489913547,9.640002417620156,0.043227665706051875,178.0,291,1041.0,1502,-2.6726433691016136,6.762103024748354,1.0948380905745019,1408.75,-0.08949011446409989,0.04357212953876349,11.566666666666666
2017-04-26,0.08955223880597014,0.28955223880597014,9.644912272354524,0.08059701492537313,178.0,291,1005.0,1503,-2.675651121026482,6.762103024748354,1.0634227768638222,1381.75,-0.08949011446409989,0.04357212953876349,11.166666666666666
2017-04-27,0.08955223880597014,0.28955223880597014,9.649824414092908,0.08059701492537313,178.0,291,1005.0,1504,-2.678556846788866,6.762103024748354,1.0606459160521837,1376.25,-0.08949011446409989,0.04357212953876349,11.166666666666666
2017-04-28,0.08849557522123894,0.2861356932153392,9.654636272187535,0.06784660766961652,178.0,291,1017.0,1505,-2.681506568168314,6.762103024748354,1.0698709774068837,1385.25,-0.08949011446409989,0.04357212953876349,11.3
2017-05-01,0.08849557522123894,0.2861356932153392,9.659451022619116,0.06784660766961652,178.0,291,1017.0,1508,-2.6845717880115876,6.762103024748354,1.0709823137693473,1391.25,-0.08949011446409989,0.04357212953876349,11.3
2017-05-02,0.08849557522123894,0.2861356932153392,9.664268621959998,0.06784660766961652,178.0,291,1017.0,1509,-2.687485703318961,6.762103024748354,1.0677792113615174,1384.5,-0.08949011446409989,0.04357212953876349,11.3
2017-05-03,0.08637236084452975,0.27927063339731284,9.668863468486055,0.04222648752399232,178.0,291,1042.0,1510,-2.690434790436157,6.762103024748354,1.087918056111194,1403.25,-0.08949011446409989,0.04357212953876349,11.577777777777778
2017-05-04,0.08637236084452975,0.27927063339731284,9.673462630286322,0.04222648752399232,178.0,291,1042.0,1511,-2.6932736964412753,6.762103024748354,1.0859680106213756,1400.25,-0.08949011446409989,0.04357212953876349,11.577777777777778
2017-05-05,0.08317929759704251,0.2689463955637708,9.677668229202531,0.0036968576709796672,178.0,291,1082.0,1512,-2.6959621854961924,6.762103024748354,1.1186566447689796,1430.25,-0.08949011446409989,0.04357212953876349,12.022222222222222
2017-05-08,0.08317929759704251,0.2689463955637708,9.681880960125774,0.0036968576709796672,178.0,291,1082.0,1515,-2.6984117202840814,6.762103024748354,1.1161710037174721,1425.75,-0.08949011446409989,0.04357212953876349,12.022222222222222
2017-05-09,0.08317929759704251,0.2689463955637708,9.686100739092067,0.0036968576709796672,178.0,291,1082.0,1516,-2.7009481048773076,6.762103024748354,1.1157996119388087,1427.5,-0.08949011446409989,0.04357212953876349,12.022222222222222
2017-05-10,0.08211678832116788,0.2655109489051095,9.690178466773348,0.0,178.0,291,1096.0,1517,-2.703365758604811,6.762103024748354,1.126571630457946,1438.0,-0.08949011446409989,0.04357212953876349,12.177777777777777
2017-05-11,0.08021390374331551,0.25935828877005346,9.69397291268764,0.0,178.0,291,1122.0,1518,-2.705500695597964,6.762103024748354,1.1473694446086684,1457.5,-0.08949011446409989,0.04357212953876349,12.466666666666667
2017-05-12,0.08021390374331551,0.25935828877005346,9.697777642980995,0.0,178.0,291,1122.0,1519,-2.7072350414130115,6.762103024748354,1.1444384051552945,1451.75,-0.08949011446409989,0.04357212953876349,12.466666666666667
2017-05-15,0.08021390374331551,0.25935828877005346,9.701592540723334,0.0,178.0,291,1122.0,1522,-2.7087113904210853,6.762103024748354,1.1422695622539472,1448.25,-0.08949011446409989,0.04357212953876349,12.466666666666667
2017-05-16,0.08021390374331551,0.25935828877005346,9.70541749037754,0.0,178.0,291,1122.0,1523,-2.709724847924296,6.762103024748354,1.1392601180438449,1442.25,-0.08949011446409989,0.04357212953876349,12.466666666666667
2017-05-17,0.08021390374331551,0.25935828877005346,9.70925237777961,0.0,178.0,291,1122.0,1524,-2.712241945854768,6.762103024748354,1.1455255522180674,1463.75,-0.08949011446409989,0.04357212953876349,12.466666666666667
2017-05-18,0.08021390374331551,0.25935828877005346,9.713097090119133,0.0,178.0,291,1122.0,1525,-2.714858684027446,6.762103024748354,1.1451313067596776,1465.5,-0.08949011446409989,0.04357212953876349,12.466666666666667
2017-05-19,0.08021390374331551,0.25935828877005346,9.716951515920096,0.0,178.0,291,1122.0,1526,-2.7176858019717667,6.762103024748354,1.1454122772450903,1469.25,-0.08949011446409989,0.04357212953876349,12.466666666666667
2017-05-22,0.08021390374331551,0.25935828877005346,9.720815545022035,0.0,178.0,291,1122.0,1529,-2.7203493074694056,6.762103024748354,1.1435048615917593,1466.5,-0.08949011446409989,0.04357212953876349,12.466666666666667
2017-05-23,0.07880910683012259,0.2548161120840631,9.724458699809432,0.0,178.0,291,1142.0,1530,-2.7228023062864968,6.762103024748354,1.1591405053893618,1481.5,-0.08949011446409989,0.04357212953876349,12.688888888888888
2017-05-24,0.07880910683012259,0.2548161120840631,9.728113135657994,0.0,178.0,291,1142.0,1531,-2.724877083803451,6.762103024748354,1.1562957461432481,1476.0,-0.08949011446409989,0.04357212953876349,12.688888888888888
2017-05-25,0.07880910683012259,0.2548161120840631,9.731778725590203,0.0,178.0,291,1142.0,1532,-2.727154027667042,6.762103024748354,1.1563140298800987,1479.0,-0.08949011446409989,0.04357212953876349,12.688888888888888
2017-05-26,0.07880910683012259,0.2548161120840631,9.735455344153788,0.0,178.0,291,1142.0,1533,-2.7291850308739742,6.762103024748354,1.1541470558628633,1475.5,-0.08949011446409989,0.04357212953876349,12.688888888888888
2017-05-29,0.07880910683012259,0.2548161120840631,9.739142867399725,0.0,178.0,291,1142.0,1536,-2.7312119349825053,6.762103024748354,1.1531595002326451,1475.5,-0.08949011446409989,0.04357212953876349,12.688888888888888
2017-05-30,0.07880910683012259,0.2548161120840631,9.742841172860626,0.0,178.0,291,1142.0,1537,-2.733407671343162,6.762103024748354,1.1530140362155792,1478.0,-0.08949011446409989,0.04357212953876349,12.688888888888888
2017-05-31,0.07685738684884715,0.24850555081127243,9.746203725259832,0.0,178.0,291,1171.0,1538,-2.7351748029806484,6.762103024748354,1.1759811736231374,1499.75,-0.08949011446409989,0.04357212953876349,13.011111111111111
2017-06-01,0.07685738684884715,0.24850555081127243,9.749579756405707,0.0,178.0,291,1171.0,1539,-2.7362392765631416,6.762103024748354,1.172120194216264,1491.25,-0.08949011446409989,0.04357212953876349,13.011111111111111
2017-06-02,0.07685738684884715,0.24850555081127243,9.752969115188556,0.0,178.0,291,1171.0,1540,-2.7370625776932007,6.762103024748354,1.170193742912756,1488.5,-0.08949011446409989,0.04357212953876349,13.011111111111111
2017-06-05,0.07685738684884715,0.24850555081127243,9.75637165236068,0.0,178.0,291,1171.0,1543,-2.738015508241889,6.762103024748354,1.1696963438564811,1490.0,-0.08949011446409989,0.04357212953876349,13.011111111111111
2017-06-06,0.07685738684884715,0.24850555081127243,9.759787220508674,0.0,178.0,291,1171.0,1544,-2.7394101097796795,6.762103024748354,1.1704587701631304,1495.25,-0.08949011446409989,0.04357212953876349,13.011111111111111
2017-06-07,0.07685738684884715,0.24850555081127243,9.763215674026222,0.0,178.0,291,1171.0,1545,-2.7405093670112417,6.762103024748354,1.1682865272328613,1491.75,-0.08949011446409989,0.04357212953876349,13.011111111111111
2017-06-08,0.07685738684884715,0.24850555081127243,9.766656869087386,0.0,178.0,291,1171.0,1546,-2.7408528233432947,6.762103024748354,1.1644401097383699,1483.25,-0.08949011446409989,0.04357212953876349,13.011111111111111
2017-06-09,0.07685738684884715,0.24850555081127243,9.770110663620358,0.0,178.0,291,1171.0,1547,-2.7423223583633956,6.762103024748354,1.1678048725781234,1496.25,-0.08949011446409989,0.04357212953876349,13.011111111111111
2017-06-12,0.07685738684884715,0.24850555081127243,9.773576917281659,0.0,178.0,291,1171.0,1550,-2.7420464596591128,6.762103024748354,1.1602770482016707,1476.75,-0.08949011446409989,0.04357212953876349,13.011111111111111
2017-06-13,0.07685738684884715,0.24850555081127243,9.777055491430804,0.0,178.0,291,1171.0,1551,-2.742154679429259,6.762103024748354,1.1606280499972788,1480.75,-0.08949011446409989,0.04357212953876349,13.011111111111111
2017-06-14,0.07685738684884715,0.24850555081127243,9.780546249105413,0.0,178.0,291,1171.0,1552,-2.7397294428906807,6.762103024748354,1.1515190818348566,1456.5,-0.08949011446409989,0.04357212953876349,13.011111111111111
2017-06-15,0.07685738684884715,0.24850555081127243,9.784049054996725,0.0,178.0,291,1171.0,1553,-2.7376491784504116,6.762103024748354,1.151540157499314,1459.5,-0.08949011446409989,0.04357212953876349,13.011111111111111
2017-06-16,0.07685738684884715,0.24850555081127243,9.787563775425577,0.0,178.0,291,1171.0,1554,-2.7355729196887295,6.762103024748354,1.1505582787194384,1459.5,-0.08949011446409989,0.04357212953876349,13.011111111111111
2017-06-19,0.07685738684884715,0.24850555081127243,9.79109027831876,0.0,178.0,291,1171.0,1557,-2.7323994350378378,6.762103024748354,1.1463998088915954,1450.0,-0.08949011446409989,0.04357212953876349,13.011111111111111
2017-06-20,0.07685738684884715,0.24850555081127243,9.794628433185824,0.0,178.0,291,1171.0,1558,-2.730987469145071,6.762103024748354,1.1506063938795685,1465.5,-0.08949011446409989,0.04357212953876349,13.011111111111111
2017-06-21,0.07685738684884715,0.24850555081127243,9.798178111096226,0.0,178.0,291,1171.0,1559,-2.7294173647719973,6.762103024748354,1.1491275142002908,1464.0,-0.08949011446409989,0.04357212953876349,13.011111111111111
2017-06-22,0.07685738684884715,0.24850555081127243,9.801739184656917,0.0,178.0,291,1171.0,1560,-2.7291301268329624,6.762103024748354,1.1523298302198988,1476.5,-0.08949011446409989,0.04357212953876349,13.011111111111111
2017-06-23,0.07685738684884715,0.24850555081127243,9.805311527990305,0.0,178.0,291,1171.0,1561,-2.7273476474749767,6.762103024748354,1.1465100168014497,1462.0,-0.08949011446409989,0.04357212953876349,13.011111111111111
2017-06-26,0.07685738684884715,0.24850555081127243,9.808895016712569,0.0,178.0,291,1171.0,1564,-2.7262862930727025,6.762103024748354,1.1477926757723145,1468.75,-0.08949011446409989,0.04357212953876349,13.011111111111111
2017-06-27,0.07685738684884715,0.24850555081127243,9.812489527912346,0.0,178.0,291,1171.0,1565,-2.7266820145488313,6.762103024748354,1.1518301223565812,1483.75,-0.08949011446409989,0.04357212953876349,13.011111111111111
2017-06-28,0.07685738684884715,0.24850555081127243,9.816094940129817,0.0,178.0,291,1171.0,1566,-2.7271895611632617,6.762103024748354,1.1512764711005796,1485.0,-0.08949011446409989,0.04357212953876349,13.011111111111111
2017-06-29,0.07685738684884715,0.24850555081127243,9.8197111333361,0.0,178.0,291,1171.0,1567,-2.7271915583284336,6.762103024748354,1.1484719838886506,1479.5,-0.08949011446409989,0.04357212953876349,13.011111111111111
2017-06-30,0.07685738684884715,0.24850555081127243,9.823337988913003,0.0,178.0,291,1171.0,1568,-2.7285485324189516,6.762103024748354,1.1526750810382658,1495.0,-0.08949011446409989,0.04357212953876349,13.011111111111111
2017-07-03,0.07685738684884715,0.24850555081127243,9.826975389633139,0.0,178.0,291,1171.0,1571,-2.729902986110941,6.762103024748354,1.151708026264251,1495.0,-0.08949011446409989,0.04357212953876349,13.011111111111111
2017-07-04,0.07685738684884715,0.24850555081127243,9.830623219640339,0.0,178.0,291,1171.0,1572,-2.7312549264198465,6.762103024748354,1.1507426536064116,1495.0,-0.08949011446409989,0.04357212953876349,13.011111111111111
2017-07-05,0.07685738684884715,0.24850555081127243,9.83428136443042,0.0,178.0,291,1171.0,1573,-2.7322961822045624,6.762103024748354,1.1485293751430423,1491.25,-0.08949011446409989,0.04357212953876349,13.011111111111111
2017-07-06,0.07685738684884715,0.24850555081127243,9.837949710832264,0.0,178.0,291,1171.0,1574,-2.7331877670025575,6.762103024748354,1.1469848249315273,1489.5,-0.08949011446409989,0.04357212953876349,13.011111111111111
2017-07-07,0.07685738684884715,0.24850555081127243,9.841628146989198,0.0,178.0,291,1171.0,1575,-2.734329232164791,6.762103024748354,1.1470240830809215,1492.5,-0.08949011446409989,0.04357212953876349,13.011111111111111
2017-07-10,0.07685738684884715,0.24850555081127243,9.845316562340711,0.0,178.0,291,1171.0,1578,-2.7357916796759874,6.762103024748354,1.1473972296033563,1496.5,-0.08949011446409989,0.04357212953876349,13.011111111111111
2017-07-11,0.07685738684884715,0.24850555081127243,9.849014847604453,0.0,178.0,291,1171.0,1579,-2.7372907870903758,6.762103024748354,1.1466064242810445,1497.0,-0.08949011446409989,0.04357212953876349,13.011111111111111
2017-07-12,0.07685738684884715,0.24850555081127243,9.852722894758516,0.0,178.0,291,1171.0,1580,-2.738923116123322,6.762103024748354,1.1462329990152555,1498.75,-0.08949011446409989,0.04357212953876349,13.011111111111111
2017-07-13,0.07685738684884715,0.24850555081127243,9.856440597024049,0.0,178.0,291,1171.0,1581,-2.7407232227327625,6.762103024748354,1.1460271166687759,1501.0,-0.08949011446409989,0.04357212953876349,13.011111111111111
2017-07-14,0.07685738684884715,0.24850555081127243,9.860167848848116,0.0,178.0,291,1171.0,1582,-2.7427044432014,6.762103024748354,1.1459054957484434,1503.5,-0.08949011446409989,0.04357212953876349,13.011111111111111
2017-07-17,0.07685738684884715,0.24850555081127243,9.863904545886866,0.0,178.0,291,1171.0,1585,-2.7444032955361632,6.762103024748354,1.143707863453221,1499.75,-0.08949011446409989,0.04357212953876349,13.011111111111111
2017-07-18,0.07685738684884715,0.24850555081127243,9.86765058498894,0.0,178.0,291,1171.0,1586,-2.745926235767912,6.762103024748354,1.1420110370550651,1497.5,-0.08949011446409989,0.04357212953876349,13.011111111111111
2017-07-19,0.07685738684884715,0.24850555081127243,9.871405864179193,0.0,178.0,291,1171.0,1587,-2.7478603946948263,6.762103024748354,1.1428902372664136,1503.0,-0.08949011446409989,0.04357212953876349,13.011111111111111
2017-07-20,0.07672634271099744,0.24808184143222506,9.875148911746612,0.0,178.0,291,1173.0,1588,-2.7497613888651684,6.762103024748354,1.1435399371676291,1504.5,-0.08949011446409989,0.04357212953876349,13.033333333333333
2017-07-21,0.0749375520399667,0.24229808492922564,9.878591877732278,0.0,178.0,291,1201.0,1589,-2.7511920247163917,6.762103024748354,1.1649182766696429,1525.5,-0.08949011446409989,0.04357212953876349,13.344444444444445
2017-07-24,0.0749375520399667,0.24229808492922564,9.882046426686033,0.0,178.0,291,1201.0,1592,-2.752640949817164,6.762103024748354,1.1640356582795386,1525.75,-0.08949011446409989,0.04357212953876349,13.344444444444445
2017-07-25,0.0749375520399667,0.24229808492922564,9.885512433145745,0.0,178.0,291,1201.0,1593,-2.7541495776586804,6.762103024748354,1.1633204802000543,1526.5,-0.08949011446409989,0.04357212953876349,13.344444444444445
2017-07-26,0.0749375520399667,0.24229808492922564,9.888989773120556,0.0,178.0,291,1201.0,1594,-2.7555093033459404,6.762103024748354,1.1617778782402546,1524.75,-0.08949011446409989,0.04357212953876349,13.344444444444445
2017-07-27,0.07092198581560284,0.2293144208037825,9.89165290449781,0.0,178.0,291,1269.0,1595,-2.7552903411790606,6.762103024748354,1.2148317429304119,1575.75,-0.08949011446409989,0.04357212953876349,14.1
2017-07-28,0.0703125,0.22734375,9.894189904322017,0.0,178.0,291,1280.0,1596,-2.7547599563273204,6.762103024748354,1.222551921889638,1584.0,-0.08949011446409989,0.04357212953876349,14.222222222222221
2017-07-31,0.07159904534606205,0.2315035799522673,9.897043146576069,0.018297533810660304,178.0,291,1257.0,1599,-2.7548637432728853,6.762103024748354,1.2033007241353506,1566.75,-0.08949011446409989,0.04357212953876349,13.966666666666667
2017-08-01,0.07159904534606205,0.2315035799522673,9.89991285290098,0.018297533810660304,178.0,291,1257.0,1600,-2.7544335927166705,6.762103024748354,1.200648128834889,1561.75,-0.08949011446409989,0.04357212953876349,13.966666666666667
2017-08-02,0.07165605095541401,0.23168789808917198,9.902811320016346,0.01910828025477707,178.0,291,1256.0,1601,-2.7540319541243203,6.762103024748354,1.1988620449395027,1561.0,-0.08949011446409989,0.04357212953876349,13.955555555555556
2017-08-03,0.0741962077493817,0.23990107172300082,9.906235120095891,0.055234954657873044,178.0,291,1213.0,1602,-2.7546992818631497,6.762103024748354,1.1638724318606781,1528.75,-0.08949011446409989,0.04357212953876349,13.477777777777778
2017-08-04,0.0741962077493817,0.23990107172300082,9.909670401394745,0.055234954657873044,178.0,291,1213.0,1603,-2.7548929941728506,6.762103024748354,1.1612594599057027,1523.75,-0.08949011446409989,0.04357212953876349,13.477777777777778
2017-08-07,0.0741962077493817,0.23990107172300082,9.913117040440893,0.055234954657873044,178.0,291,1213.0,1606,-2.7552302253158345,6.762103024748354,1.1607986875123972,1525.25,-0.08949011446409989,0.04357212953876349,13.477777777777778
2017-08-08,0.0741962077493817,0.23990107172300082,9.91657491520059,0.055234954657873044,178.0,291,1213.0,1607,-2.756054728186545,6.762103024748354,1.1615788867451837,1530.5,-0.08949011446409989,0.04357212953876349,13.477777777777778
2017-08-09,0.0741962077493817,0.23990107172300082,9.920043905058213,0.055234954657873044,178.0,291,1213.0,1608,-2.755703649747308,6.762103024748354,1.1565763527812627,1518.25,-0.08949011446409989,0.04357212953876349,13.477777777777778
2017-08-10,0.0741962077493817,0.23990107172300082,9.923523890796403,0.055234954657873044,178.0,291,1213.0,1609,-2.757011022093334,6.762103024748354,1.161488918573419,1536.0,-0.08949011446409989,0.04357212953876349,13.477777777777778
2017-08-11,0.0741962077493817,0.23990107172300082,9.927014754576584,0.055234954657873044,178.0,291,1213.0,1610,-2.7579216970999236,6.762103024748354,1.1590511438562987,1531.5,-0.08949011446409989,0.04357212953876349,13.477777777777778
2017-08-14,0.0741962077493817,0.23990107172300082,9.930516379919784,0.055234954657873044,178.0,291,1213.0,1613,-2.7588083669007872,6.762103024748354,1.1580190679909026,1531.25,-0.08949011446409989,0.04357212953876349,13.477777777777778
2017-08-15,0.0741962077493817,0.23990107172300082,9.934028651687765,0.055234954657873044,178.0,291,1213.0,1614,-2.760023490392687,6.762103024748354,1.1583087883810064,1535.0,-0.08949011446409989,0.04357212953876349,13.477777777777778
2017-08-16,0.0741962077493817,0.23990107172300082,9.937551456064472,0.055234954657873044,178.0,291,1213.0,1615,-2.7611497016537188,6.762103024748354,1.1570321581668799,1534.0,-0.08949011446409989,0.04357212953876349,13.477777777777778
2017-08-17,0.0741962077493817,0.23990107172300082,9.941084680537807,0.055234954657873044,178.0,291,1213.0,1616,-2.763179831620376,6.762103024748354,1.1597151309552365,1545.0,-0.08949011446409989,0.04357212953876349,13.477777777777778
2017-08-18,0.0741962077493817,0.23990107172300082,9.944628213881659,0.055234954657873044,178.0,291,1213.0,1617,-2.7662397802424157,6.762103024748354,1.1635512819196452,1559.5,-0.08949011446409989,0.04357212953876349,13.477777777777778
2017-08-21,0.0741962077493817,0.23990107172300082,9.948181946138261,0.055234954657873044,178.0,291,1213.0,1620,-2.7689229142376237,6.762103024748354,1.1607939178506457,1554.0,-0.08949011446409989,0.04357212953876349,13.477777777777778
2017-08-22,0.0741962077493817,0.23990107172300082,9.951745768600825,0.055234954657873044,178.0,291,1213.0,1621,-2.7714596695566027,6.762103024748354,1.159192552062438,1552.0,-0.08949011446409989,0.04357212953876349,13.477777777777778
2017-08-23,0.0741962077493817,0.23990107172300082,9.95531957379646,0.055234954657873044,178.0,291,1213.0,1622,-2.7744686438377584,6.762103024748354,1.1605576339604926,1559.0,-0.08949011446409989,0.04357212953876349,13.477777777777778
2017-08-24,0.0741962077493817,0.23990107172300082,9.958903255469362,0.055234954657873044,178.0,291,1213.0,1623,-2.777920088076799,6.762103024748354,1.1620050980436682,1566.25,-0.08949011446409989,0.04357212953876349,13.477777777777778
2017-08-25,0.0741962077493817,0.23990107172300082,9.962496708564277,0.055234954657873044,178.0,291,1213.0,1624,-2.7819441704404273,6.762103024748354,1.164604643224298,1577.0,-0.08949011446409989,0.04357212953876349,13.477777777777778
2017-08-28,0.0741962077493817,0.23990107172300082,9.966099829210242,0.055234954657873044,178.0,291,1213.0,1627,-2.7857272524627916,6.762103024748354,1.162185337032802,1572.5,-0.08949011446409989,0.04357212953876349,13.477777777777778
2017-08-29,0.0741962077493817,0.23990107172300082,9.969712514704568,0.055234954657873044,178.0,291,1213.0,1628,-2.7898623183894022,6.762103024748354,1.1636337087613702,1579.75,-0.08949011446409989,0.04357212953876349,13.477777777777778
2017-08-30,0.0741962077493817,0.23990107172300082,9.973334663497097,0.055234954657873044,178.0,291,1213.0,1629,-2.794218576266468,6.762103024748354,1.1644244014505087,1585.0,-0.08949011446409989,0.04357212953876349,13.477777777777778
2017-08-31,0.0741962077493817,0.23990107172300082,9.976966175174704,0.055234954657873044,178.0,291,1213.0,1630,-2.798465626458875,6.762103024748354,1.1627500402095978,1582.75,-0.08949011446409989,0.04357212953876349,13.477777777777778
2017-09-01,0.0829103214890017,0.24619289340101522,9.98091666493592,0.0829103214890017,25.0,291,1182.0,1631,-2.8026852423042197,6.762103024748354,1.1377773356053231,1559.5,-0.08949011446409989,0.04357212953876349,12.061224489795919
2017-09-04,0.0829103214890017,0.24619289340101522,9.984874016525001,0.0829103214890017,25.0,291,1182.0,1634,-2.8068915566089974,6.762103024748354,1.1368679251019327,1559.5,-0.08949011446409989,0.04357212953876349,12.061224489795919
2017-09-05,0.0829103214890017,0.24619289340101522,9.988838155684931,0.0829103214890017,25.0,291,1182.0,1635,-2.811060486573052,6.762103024748354,1.1357137233731471,1558.75,-0.08949011446409989,0.04357212953876349,12.061224489795919
2017-09-06,0.0829103214890017,0.24619289340101522,9.992809008952293,0.0829103214890017,25.0,291,1182.0,1636,-2.815553152607046,6.762103024748354,1.1389111608880542,1571.25,-0.08949011446409989,0.04357212953876349,12.061224489795919
2017-09-07,0.0829103214890017,0.24619289340101522,9.996786503647225,0.0829103214890017,25.0,291,1182.0,1637,-2.8199052689878883,6.762103024748354,1.136282009206197,1566.0,-0.08949011446409989,0.04357212953876349,12.061224489795919
2017-09-08,0.0829103214890017,0.24619289340101522,10.00077056786353,0.0829103214890017,25.0,291,1182.0,1638,-2.8241397287033254,6.762103024748354,1.1341476176227332,1562.25,-0.08949011446409989,0.04357212953876349,12.061224489795919
2017-09-11,0.0829103214890017,0.24619289340101522,10.004761130458915,0.0829103214890017,25.0,291,1182.0,1641,-2.8283676531944053,6.762103024748354,1.1333274379671285,1562.5,-0.08949011446409989,0.04357212953876349,12.061224489795919
2017-09-12,0.07948094079480941,0.2360097323600973,10.00824835878991,0.038118410381184104,25.0,291,1233.0,1642,-2.832603150925407,6.762103024748354,1.1717246656324682,1600.75,-0.08949011446409989,0.04357212953876349,12.581632653061224
2017-09-13,0.07722616233254531,0.2293144208037825,10.011348717833982,0.008668242710795903,25.0,291,1269.0,1643,-2.8366367990650136,6.762103024748354,1.1985043304147494,1627.75,-0.08949011446409989,0.04357212953876349,12.948979591836734
2017-09-14,0.07852564102564102,0.23317307692307693,10.014696811246134,0.02564102564102564,25.0,291,1248.0,1644,-2.840791795236807,6.762103024748354,1.1813937146203395,1612.0,-0.08949011446409989,0.04357212953876349,12.73469387755102
2017-09-15,0.07852564102564102,0.23317307692307693,10.018056100663895,0.02564102564102564,25.0,291,1248.0,1645,-2.8449227661886662,6.762103024748354,1.1803695929731213,1611.75,-0.08949011446409989,0.04357212953876349,12.73469387755102
2017-09-18,0.07852564102564102,0.23317307692307693,10.021426468781836,0.02564102564102564,25.0,291,1248.0,1648,-2.848894506478799,6.762103024748354,1.1785284866734658,1609.0,-0.08949011446409989,0.04357212953876349,12.73469387755102
2017-09-19,0.07852564102564102,0.23317307692307693,10.024807799629382,0.02564102564102564,25.0,291,1248.0,1649,-2.852883749468253,6.762103024748354,1.1777533559890963,1609.5,-0.08949011446409989,0.04357212953876349,12.73469387755102
2017-09-20,0.07852564102564102,0.23317307692307693,10.028199978552514,0.02564102564102564,25.0,291,1248.0,1650,-2.8561291619984925,6.762103024748354,1.1728075499913406,1597.25,-0.08949011446409989,0.04357212953876349,12.73469387755102
2017-09-21,0.07852564102564102,0.23317307692307693,10.031602892195787,0.02564102564102564,25.0,291,1248.0,1651,-2.860099938337511,6.762103024748354,1.1758803080454416,1609.5,-0.08949011446409989,0.04357212953876349,12.73469387755102
2017-09-22,0.07852564102564102,0.23317307692307693,10.035016428484612,0.02564102564102564,25.0,291,1248.0,1652,-2.8638797495043886,6.762103024748354,1.1738833165628224,1606.25,-0.08949011446409989,0.04357212953876349,12.73469387755102
2017-09-25,0.07852564102564102,0.23317307692307693,10.038440476607851,0.02564102564102564,25.0,291,1248.0,1655,-2.8670032972809403,6.762103024748354,1.1695185049359218,1595.75,-0.08949011446409989,0.04357212953876349,12.73469387755102
2017-09-26,0.07852564102564102,0.23317307692307693,10.041874927000684,0.02564102564102564,25.0,291,1248.0,1656,-2.8708644238307124,6.762103024748354,1.1725921137685844,1608.0,-0.08949011446409989,0.04357212953876349,12.73469387755102
2017-09-27,0.07852564102564102,0.23317307692307693,10.045319671327725,0.02564102564102564,25.0,291,1248.0,1657,-2.8755370548688357,6.762103024748354,1.1772980919501663,1625.25,-0.08949011446409989,0.04357212953876349,12.73469387755102
2017-09-28,0.07852564102564102,0.23317307692307693,10.048774602466462,0.02564102564102564,25.0,291,1248.0,1658,-2.8796665041191027,6.762103024748354,1.1725309841338085,1613.5,-0.08949011446409989,0.04357212953876349,12.73469387755102
2017-09-29,0.07852564102564102,0.23317307692307693,10.052239614490926,0.02564102564102564,25.0,291,1248.0,1659,-2.883482573126864,6.762103024748354,1.1697267720753441,1607.75,-0.08949011446409989,0.04357212953876349,12.73469387755102
2017-10-02,0.07852564102564102,0.23317307692307693,10.055714602655618,0.02564102564102564,25.0,291,1248.0,1662,-2.887148984035882,6.762103024748354,1.1679860119748098,1605.25,-0.08949011446409989,0.04357212953876349,12.73469387755102
2017-10-03,0.07852564102564102,0.23317307692307693,10.05919946337972,0.02564102564102564,25.0,291,1248.0,1663,-2.890705405084555,6.762103024748354,1.1664919999340881,1603.5,-0.08949011446409989,0.04357212953876349,12.73469387755102
2017-10-04,0.07852564102564102,0.23317307692307693,10.062694094231528,0.02564102564102564,25.0,291,1248.0,1664,-2.8942094479057343,6.762103024748354,1.1653260316765393,1602.75,-0.08949011446409989,0.04357212953876349,12.73469387755102
2017-10-05,0.07852564102564102,0.23317307692307693,10.066198393913153,0.02564102564102564,25.0,291,1248.0,1665,-2.8976308953393826,6.762103024748354,1.1639987067536504,1601.5,-0.08949011446409989,0.04357212953876349,12.73469387755102
2017-10-06,0.07644305772230889,0.22698907956318254,10.069350134334348,0.0,25.0,291,1282.0,1666,-2.9006813899658708,6.762103024748354,1.1888574894060955,1627.0,-0.08949011446409989,0.04357212953876349,13.081632653061224
2017-10-09,0.07620528771384137,0.22628304821150855,10.072469957844206,0.0,25.0,291,1286.0,1669,-2.9036729619066706,6.762103024748354,1.1909476886203452,1630.0,-0.08949011446409989,0.04357212953876349,13.122448979591837
2017-10-10,0.07503828483920368,0.2228177641653905,10.075376399170779,0.0,25.0,291,1306.0,1670,-2.9063637392461015,6.762103024748354,1.205142648074681,1645.0,-0.08949011446409989,0.04357212953876349,13.326530612244898
2017-10-11,0.07503828483920368,0.2228177641653905,10.07829711947902,0.0,25.0,291,1306.0,1671,-2.9088005732727296,6.762103024748354,1.2032129604933384,1642.0,-0.08949011446409989,0.04357212953876349,13.326530612244898
2017-10-12,0.07626459143968872,0.2264591439688716,10.081466941133318,0.01634241245136187,25.0,291,1285.0,1672,-2.9115637274544777,6.762103024748354,1.1863977919063808,1626.25,-0.08949011446409989,0.04357212953876349,13.112244897959183
2017-10-13,0.07626459143968872,0.2264591439688716,10.08464882016614,0.01634241245136187,25.0,291,1285.0,1673,-2.9146551699097465,6.762103024748354,1.1869269187779636,1630.75,-0.08949011446409989,0.04357212953876349,13.112244897959183
2017-10-16,0.07626459143968872,0.2264591439688716,10.087842632051698,0.01634241245136187,25.0,291,1285.0,1676,-2.917407048792748,6.762103024748354,1.1845288372742744,1626.25,-0.08949011446409989,0.04357212953876349,13.112244897959183
2017-10-17,0.07509578544061303,0.22298850574712645,10.0908273585818,0.0007662835249042146,25.0,291,1305.0,1677,-2.9198409515224424,6.762103024748354,1.1986651193723958,1641.25,-0.08949011446409989,0.04357212953876349,13.316326530612244
2017-10-18,0.0769835035349568,0.22859387274155538,10.09417304535655,0.025923016496465043,25.0,291,1273.0,1678,-2.9227443709238705,6.762103024748354,1.1736329228626803,1617.25,-0.08949011446409989,0.04357212953876349,12.989795918367347
2017-10-19,0.07561728395061729,0.22453703703703703,10.097282904964418,0.007716049382716049,25.0,291,1296.0,1679,-2.925315373307708,6.762103024748354,1.190009749756256,1634.5,-0.08949011446409989,0.04357212953876349,13.224489795918368
2017-10-20,0.07561728395061729,0.22453703703703703,10.100405165309573,0.007716049382716049,25.0,291,1296.0,1680,-2.9279212793894356,6.762103024748354,1.189237201617236,1635.0,-0.08949011446409989,0.04357212953876349,13.224489795918368
2017-10-23,0.07561728395061729,0.22453703703703703,10.103539698673988,0.007716049382716049,25.0,291,1296.0,1683,-2.9307559638159786,6.762103024748354,1.1892780193668773,1638.0,-0.08949011446409989,0.04357212953876349,13.224489795918368
2017-10-24,0.07561728395061729,0.22453703703703703,10.106686378797363,0.007716049382716049,25.0,291,1296.0,1684,-2.933449893610379,6.762103024748354,1.1877775123878616,1636.25,-0.08949011446409989,0.04357212953876349,13.224489795918368
2017-10-25,0.07561728395061729,0.22453703703703703,10.109845080857049,0.007716049382716049,25.0,291,1296.0,1685,-2.9363871958610406,6.762103024748354,1.1879017361796285,1639.5,-0.08949011446409989,0.04357212953876349,13.224489795918368
2017-10-26,0.07561728395061729,0.22453703703703703,10.11301568144824,0.007716049382716049,25.0,291,1296.0,1686,-2.939769322151689,6.762103024748354,1.189000177715069,1645.75,-0.08949011446409989,0.04357212953876349,13.224489795918368
2017-10-27,0.07561728395061729,0.22453703703703703,10.116198058564503,0.007716049382716049,25.0,291,1296.0,1687,-2.9436533760903867,6.762103024748354,1.1905853476696957,1653.5,-0.08949011446409989,0.04357212953876349,13.224489795918368
2017-10-30,0.07561728395061729,0.22453703703703703,10.119392091578655,0.007716049382716049,25.0,291,1296.0,1690,-2.9470029837463243,6.762103024748354,1.1870633851172958,1645.5,-0.08949011446409989,0.04357212953876349,13.224489795918368
2017-10-31,0.07561728395061729,0.22453703703703703,10.122597661223912,0.007716049382716049,25.0,291,1296.0,1691,-2.950293389656209,6.762103024748354,1.1858946837399507,1644.75,-0.08949011446409989,0.04357212953876349,13.224489795918368
2017-11-01,0.07492354740061162,0.22247706422018348,10.125685899329232,0.0,25.0,291,1308.0,1692,-2.9534274120377986,6.762103024748354,1.1939240932796638,1653.75,-0.08949011446409989,0.04357212953876349,13.346938775510203
2017-11-02,0.07418622255866768,0.2202876608629826,10.128643847127265,0.0,25.0,291,1321.0,1693,-2.9563718479778265,6.762103024748354,1.202684678751469,1663.5,-0.08949011446409989,0.04357212953876349,13.479591836734693
2017-11-03,0.07418622255866768,0.2202876608629826,10.131615147790267,0.0,25.0,291,1321.0,1694,-2.9587567865334656,6.762103024748354,1.1995613530760771,1656.75,-0.08949011446409989,0.04357212953876349,13.479591836734693
2017-11-06,0.07418622255866768,0.2202876608629826,10.134599664314035,0.0,25.0,291,1321.0,1697,-2.9612428767271064,6.762103024748354,1.1990307884786535,1658.0,-0.08949011446409989,0.04357212953876349,13.479591836734693
2017-11-07,0.07227138643067847,0.21460176991150443,10.137199029599955,0.0,25.0,291,1356.0,1698,-2.963048760001337,6.762103024748354,1.2241193035534672,1684.25,-0.08949011446409989,0.04357212953876349,13.83673469387755
2017-11-08,0.07227138643067847,0.21460176991150443,10.139814674025061,0.0,25.0,291,1356.0,1699,-2.96489985598399,6.762103024748354,1.2233258644830052,1684.75,-0.08949011446409989,0.04357212953876349,13.83673469387755
2017-11-09,0.07005003573981415,0.20800571837026446,10.141923756188636,0.0,25.0,291,1399.0,1700,-2.9657048781112394,6.762103024748354,1.2542863835518716,1717.0,-0.08949011446409989,0.04357212953876349,14.275510204081632
2017-11-10,0.0703012912482066,0.20875179340028693,10.144116046948026,0.003586800573888092,25.0,291,1394.0,1701,-2.9666423328950366,6.762103024748354,1.2495985204281315,1713.25,-0.08949011446409989,0.04357212953876349,14.224489795918368
2017-11-13,0.0703012912482066,0.20875179340028693,10.146328135157981,0.003586800573888092,25.0,291,1394.0,1704,-2.9681991526248175,6.762103024748354,1.250481622394233,1719.0,-0.08949011446409989,0.04357212953876349,14.224489795918368
2017-11-14,0.0692090395480226,0.2055084745762712,10.14828261553698,0.0,25.0,291,1416.0,1705,-2.96918881759782,6.762103024748354,1.2657925941252774,1735.5,-0.08949011446409989,0.04357212953876349,14.448979591836734
2017-11-15,0.0698503207412687,0.2074126870990734,10.15042335087818,0.009265858873841768,25.0,291,1403.0,1706,-2.970517882515591,6.762103024748354,1.255190812247087,1725.75,-0.08949011446409989,0.04357212953876349,14.316326530612244
2017-11-16,0.0698503207412687,0.2074126870990734,10.15258426423272,0.009265858873841768,25.0,291,1403.0,1707,-2.9727342145253703,6.762103024748354,1.2569583467872134,1734.25,-0.08949011446409989,0.04357212953876349,14.316326530612244
2017-11-17,0.07035175879396985,0.2089016511127064,10.15488785762925,0.016511127063890883,25.0,291,1393.0,1708,-2.975160987540202,6.762103024748354,1.2485989349288253,1726.75,-0.08949011446409989,0.04357212953876349,14.214285714285714
2017-11-20,0.06990014265335236,0.20756062767475036,10.157100243982173,0.009985734664764621,25.0,291,1402.0,1711,-2.9773913016651714,6.762103024748354,1.2542694993210945,1733.5,-0.08949011446409989,0.04357212953876349,14.306122448979592
2017-11-21,0.06990014265335236,0.20756062767475036,10.159332066762708,0.009985734664764621,25.0,291,1402.0,1712,-2.9793645863865676,6.762103024748354,1.2524904386358242,1731.0,-0.08949011446409989,0.04357212953876349,14.306122448979592
2017-11-22,0.06990014265335236,0.20756062767475036,10.161583120932754,0.009985734664764621,25.0,291,1402.0,1713,-2.9813854805997413,6.762103024748354,1.2516808830379405,1731.5,-0.08949011446409989,0.04357212953876349,14.306122448979592
2017-11-23,0.06990014265335236,0.20756062767475036,10.163853203991616,0.009985734664764621,25.0,291,1402.0,1714,-2.983402868536944,6.762103024748354,1.2507115883103725,1731.5,-0.08949011446409989,0.04357212953876349,14.306122448979592
2017-11-24,0.06990014265335236,0.20756062767475036,10.166142115937596,0.009985734664764621,25.0,291,1402.0,1715,-2.985416759315396,6.762103024748354,1.2497438410126704,1731.5,-0.08949011446409989,0.04357212953876349,14.306122448979592
2017-11-27,0.06990014265335236,0.20756062767475036,10.168449659230296,0.009985734664764621,25.0,291,1402.0,1718,-2.9874017523469045,6.762103024748354,1.2486970961569162,1731.25,-0.08949011446409989,0.04357212953876349,14.306122448979592
2017-11-28,0.0692090395480226,0.2055084745762712,10.17060581991858,0.0,25.0,291,1416.0,1719,-2.989052958492457,6.762103024748354,1.2580058957130194,1741.75,-0.08949011446409989,0.04357212953876349,14.448979591836734
2017-11-29,0.0692090395480226,0.2055084745762712,10.17278174497371,0.0,25.0,291,1416.0,1720,-2.9899308274407383,6.762103024748354,1.2547801782109431,1734.75,-0.08949011446409989,0.04357212953876349,14.448979591836734
2017-11-30,0.0692090395480226,0.2055084745762712,10.174977226093628,0.0,25.0,291,1416.0,1721,-2.9902299715330938,6.762103024748354,1.2522011665240564,1729.75,-0.08949011446409989,0.04357212953876349,14.448979591836734
2017-12-01,0.0692090395480226,0.2055084745762712,10.177192057557635,0.0,25.0,291,1416.0,1722,-2.989651773451202,6.762103024748354,1.2489007953061568,1722.5,-0.08949011446409989,0.04357212953876349,14.448979591836734
2017-12-04,0.0692090395480226,0.2055084745762712,10.179426036187257,0.0,25.0,291,1416.0,1725,-2.9911075048868376,6.762103024748354,1.2535642228469503,1740.0,-0.08949011446409989,0.04357212953876349,14.448979591836734
2017-12-05,0.0692090395480226,0.2055084745762712,10.18167896130781,0.0,25.0,291,1416.0,1726,-2.99369455308363,6.762103024748354,1.2561355332848279,1751.0,-0.08949011446409989,0.04357212953876349,14.448979591836734
2017-12-06,0.0692090395480226,0.2055084745762712,10.183950634710637,0.0,25.0,291,1416.0,1727,-2.9965666545621175,6.762103024748354,1.2561345817919058,1754.0,-0.08949011446409989,0.04357212953876349,14.448979591836734
2017-12-07,0.0692090395480226,0.2055084745762712,10.186240860616078,0.0,25.0,291,1416.0,1728,-2.999668319274992,6.762103024748354,1.255973871548557,1756.5,-0.08949011446409989,0.04357212953876349,14.448979591836734
2017-12-08,0.0692090395480226,0.2055084745762712,10.188549445637053,0.0,25.0,291,1416.0,1729,-3.00278730055928,6.762103024748354,1.2550913956193726,1756.75,-0.08949011446409989,0.04357212953876349,14.448979591836734
2017-12-11,0.0692090395480226,0.2055084745762712,10.190876198743316,0.0,25.0,291,1416.0,1732,-3.0051074576663868,6.762103024748354,1.251480782280872,1748.5,-0.08949011446409989,0.04357212953876349,14.448979591836734
2017-12-12,0.06940509915014165,0.20609065155807366,10.193267741031304,0.0028328611898017,25.0,291,1412.0,1733,-3.0075093892798446,6.762103024748354,1.247611873342029,1745.5,-0.08949011446409989,0.04357212953876349,14.408163265306122
2017-12-13,0.06940509915014165,0.20609065155807366,10.195676667698336,0.0028328611898017,25.0,291,1412.0,1734,-3.010548790966496,6.762103024748354,1.2488232129517676,1752.25,-0.08949011446409989,0.04357212953876349,14.408163265306122
2017-12-14,0.06950354609929078,0.20638297872340425,10.19812587558386,0.00425531914893617,25.0,291,1410.0,1735,-3.01361938789397,6.762103024748354,1.2464166330321753,1750.75,-0.08949011446409989,0.04357212953876349,14.387755102040817
2017-12-15,0.06950354609929078,0.20638297872340425,10.200591911960483,0.00425531914893617,25.0,291,1410.0,1736,-3.0174034649054784,6.762103024748354,1.248111224420704,1759.0,-0.08949011446409989,0.04357212953876349,14.387755102040817
2017-12-18,0.06950354609929078,0.20638297872340425,10.203074603898193,0.00425531914893617,25.0,291,1410.0,1739,-3.020947392034258,6.762103024748354,1.2462788457219502,1756.25,-0.08949011446409989,0.04357212953876349,14.387755102040817
2017-12-19,0.06935598018400566,0.2059447983014862,10.205539578311045,0.0021231422505307855,25.0,291,1413.0,1740,-3.0244353442070193,6.762103024748354,1.2475030684654578,1758.5,-0.08949011446409989,0.04357212953876349,14.418367346938776
2017-12-20,0.0692090395480226,0.2055084745762712,10.207986918352242,0.0,25.0,291,1416.0,1741,-3.0278663651920996,6.762103024748354,1.2487250561747976,1760.75,-0.08949011446409989,0.04357212953876349,14.448979591836734
2017-12-21,0.0692090395480226,0.2055084745762712,10.210450989841265,0.0,25.0,291,1416.0,1742,-3.0320626051792434,6.762103024748354,1.2507382508895286,1770.0,-0.08949011446409989,0.04357212953876349,14.448979591836734
2017-12-22,0.0692090395480226,0.2055084745762712,10.212931621336406,0.0,25.0,291,1416.0,1743,-3.0362498119649675,6.762103024748354,1.249789142739957,1770.0,-0.08949011446409989,0.04357212953876349,14.448979591836734
2017-12-25,0.0692090395480226,0.2055084745762712,10.215428643429947,0.0,25.0,291,1416.0,1746,-3.0404280146864013,6.762103024748354,1.2488415218290865,1770.0,-0.08949011446409989,0.04357212953876349,14.448979591836734
2017-12-26,0.0692090395480226,0.2055084745762712,10.21794188871871,0.0,25.0,291,1416.0,1747,-3.0441709999807762,6.762103024748354,1.2462153846153845,1764.75,-0.08949011446409989,0.04357212953876349,14.448979591836734
2017-12-27,0.0692090395480226,0.2055084745762712,10.22047119177515,0.0,25.0,291,1416.0,1748,-3.0476517563943863,6.762103024748354,1.2443115720983695,1761.75,-0.08949011446409989,0.04357212953876349,14.448979591836734
2017-12-28,0.0692090395480226,0.2055084745762712,10.223016389118916,0.0,25.0,291,1416.0,1749,-3.050751133337717,6.762103024748354,1.2420101055324593,1757.5,-0.08949011446409989,0.04357212953876349,14.448979591836734
2017-12-29,0.0692090395480226,0.2055084745762712,10.225577319188906,0.0,25.0,291,1416.0,1750,-3.055634248381677,6.762103024748354,1.248262770857483,1780.0,-0.08949011446409989,0.04357212953876349,14.448979591836734
2018-01-01,0.0692090395480226,0.2055084745762712,10.228153822315823,0.0,25.0,291,1416.0,1753,-3.0605055169130626,6.762103024748354,1.2473215115323313,1780.0,-0.08949011446409989,0.04357212953876349,14.448979591836734
2018-01-02,0.0692090395480226,0.2055084745762712,10.230745740695179,0.0,25.0,291,1416.0,1754,-3.0651006292344185,6.762103024748354,1.2451836359510338,1776.25,-0.08949011446409989,0.04357212953876349,14.448979591836734
2018-01-03,0.0692090395480226,0.2055084745762712,10.233352918360747,0.0,25.0,291,1416.0,1755,-3.0696851455398506,6.762103024748354,1.2442456894246299,1776.25,-0.08949011446409989,0.04357212953876349,14.448979591836734
2018-01-04,0.0692090395480226,0.2055084745762712,10.2359752011585,0.0,25.0,291,1416.0,1756,-3.074706976485498,6.762103024748354,1.2453845537390666,1782.75,-0.08949011446409989,0.04357212953876349,14.448979591836734
2018-01-05,0.0692090395480226,0.2055084745762712,10.238612436720963,0.0,25.0,291,1416.0,1757,-3.079031175774239,6.762103024748354,1.241336827403376,1773.0,-0.08949011446409989,0.04357212953876349,14.448979591836734
2018-01-08,0.0692090395480226,0.2055084745762712,10.241264474442007,0.0,25.0,291,1416.0,1760,-3.0830981652757026,6.762103024748354,1.2393665670077814,1769.75,-0.08949011446409989,0.04357212953876349,14.448979591836734
2018-01-09,0.06940509915014165,0.20609065155807366,10.243974164132839,0.0028328611898017,25.0,291,1412.0,1761,-3.0872077374493228,6.762103024748354,1.2355744289180821,1766.75,-0.08949011446409989,0.04357212953876349,14.408163265306122
2018-01-10,0.06786703601108034,0.20152354570637118,10.246346434132136,0.0,25.0,291,1444.0,1762,-3.090839569387707,6.762103024748354,1.2575128082905123,1790.75,-0.08949011446409989,0.04357212953876349,14.73469387755102
2018-01-11,0.06786703601108034,0.20152354570637118,10.24873565189223,0.0,25.0,291,1444.0,1763,-3.0935845083822553,6.762103024748354,1.253538918489508,1781.25,-0.08949011446409989,0.04357212953876349,14.73469387755102
2018-01-12,0.06786703601108034,0.20152354570637118,10.251141644996615,0.0,25.0,291,1444.0,1764,-3.095700185598413,6.762103024748354,1.2506041165342183,1775.0,-0.08949011446409989,0.04357212953876349,14.73469387755102
2018-01-15,0.06786703601108034,0.20152354570637118,10.253564243066366,0.0,25.0,291,1444.0,1767,-3.0978122805801442,6.762103024748354,1.249663125678734,1775.0,-0.08949011446409989,0.04357212953876349,14.73469387755102
2018-01-16,0.06786703601108034,0.20152354570637118,10.256003277730784,0.0,25.0,291,1444.0,1768,-3.1009234313912364,6.762103024748354,1.2519879243132568,1785.25,-0.08949011446409989,0.04357212953876349,14.73469387755102
2018-01-17,0.06786703601108034,0.20152354570637118,10.25845858259847,0.0,25.0,291,1444.0,1769,-3.1037937109833997,6.762103024748354,1.25025288245701,1782.75,-0.08949011446409989,0.04357212953876349,14.73469387755102
2018-01-18,0.06786703601108034,0.20152354570637118,10.260929993228965,0.0,25.0,291,1444.0,1770,-3.106939980726973,6.762103024748354,1.250270276730161,1785.75,-0.08949011446409989,0.04357212953876349,14.73469387755102
2018-01-19,0.06786703601108034,0.20152354570637118,10.263417347104834,0.0,25.0,291,1444.0,1771,-3.1103527615581625,6.762103024748354,1.2502885119468576,1788.75,-0.08949011446409989,0.04357212953876349,14.73469387755102
2018-01-22,0.06786703601108034,0.20152354570637118,10.265920483604237,0.0,25.0,291,1444.0,1774,-3.111973224726168,6.762103024748354,1.2435486794355042,1770.5,-0.08949011446409989,0.04357212953876349,14.73469387755102
2018-01-23,0.06786703601108034,0.20152354570637118,10.268439243973972,0.0,25.0,291,1444.0,1775,-3.1135109870618742,6.762103024748354,1.242378368347936,1769.75,-0.08949011446409989,0.04357212953876349,14.73469387755102
2018-01-24,0.06786703601108034,0.20152354570637118,10.270973471302975,0.0,25.0,291,1444.0,1776,-3.115414909082813,6.762103024748354,1.242560568237551,1773.25,-0.08949011446409989,0.04357212953876349,14.73469387755102
2018-01-25,0.06786703601108034,0.20152354570637118,10.273523010496262,0.0,25.0,291,1444.0,1777,-3.116920577282245,6.762103024748354,1.240439713863222,1769.5,-0.08949011446409989,0.04357212953876349,14.73469387755102
2018-01-26,0.06786703601108034,0.20152354570637118,10.276087708249316,0.0,25.0,291,1444.0,1778,-3.116467699639892,6.762103024748354,1.2341120259688068,1752.5,-0.08949011446409989,0.04357212953876349,14.73469387755102
2018-01-29,0.06786703601108034,0.20152354570637118,10.2786674130229,0.0,25.0,291,1444.0,1781,-3.116589101213244,6.762103024748354,1.2346961499208096,1757.25,-0.08949011446409989,0.04357212953876349,14.73469387755102
2018-01-30,0.06786703601108034,0.20152354570637118,10.281261975018307,0.0,25.0,291,1444.0,1782,-3.117460073914158,6.762103024748354,1.2358362947168917,1763.75,-0.08949011446409989,0.04357212953876349,14.73469387755102
2018-01-31,0.06786703601108034,0.20152354570637118,10.283871246153,0.0,25.0,291,1444.0,1783,-3.116253946381566,6.762103024748354,1.2294392600191213,1746.5,-0.08949011446409989,0.04357212953876349,14.73469387755102
2018-02-01,0.06786703601108034,0.20152354570637118,10.286495080036687,0.0,25.0,291,1444.0,1784,-3.116106774420392,6.762103024748354,1.2312165322981985,1755.0,-0.08949011446409989,0.04357212953876349,14.73469387755102
2018-02-02,0.06786703601108034,0.20152354570637118,10.28913333194777,0.0,25.0,291,1444.0,1785,-3.1183769163223314,6.762103024748354,1.2372751432431868,1777.0,-0.08949011446409989,0.04357212953876349,14.73469387755102
2018-02-05,0.06786703601108034,0.20152354570637118,10.291785858810194,0.0,25.0,291,1444.0,1788,-3.1251018099462957,6.762103024748354,1.2823288372548016,1922.0,-0.08949011446409989,0.04357212953876349,14.73469387755102
2018-02-06,0.06786703601108034,0.20152354570637118,10.294452519170688,0.0,25.0,291,1444.0,1789,-3.1324582762553983,6.762103024748354,1.2723627200781729,1893.5,-0.08949011446409989,0.04357212953876349,14.73469387755102
2018-02-07,0.06786703601108034,0.20152354570637118,10.297133173176366,0.0,25.0,291,1444.0,1790,-3.1373430231049984,6.762103024748354,1.2906832091175477,1954.25,-0.08949011446409989,0.04357212953876349,14.73469387755102
2018-02-08,0.06786703601108034,0.20152354570637118,10.29982768255271,0.0,25.0,291,1444.0,1791,-3.129097572369972,6.762103024748354,1.3246723550839405,2064.5,-0.08949011446409989,0.04357212953876349,14.73469387755102
2018-02-09,0.06786703601108034,0.20152354570637118,10.302535910581893,0.0,25.0,291,1444.0,1792,-3.128665481482619,6.762103024748354,1.3067883555585877,2011.0,-0.08949011446409989,0.04357212953876349,14.73469387755102
2018-02-12,0.06786703601108034,0.20152354570637118,10.305257722081498,0.0,25.0,291,1444.0,1795,-3.123585082286235,6.762103024748354,1.3170108285812914,2046.25,-0.08949011446409989,0.04357212953876349,14.73469387755102
2018-02-13,0.06786703601108034,0.20152354570637118,10.307992983383535,0.0,25.0,291,1444.0,1796,-3.1175947719069597,6.762103024748354,1.31828777242815,2053.25,-0.08949011446409989,0.04357212953876349,14.73469387755102
2018-02-14,0.06786703601108034,0.20152354570637118,10.310741562313835,0.0,25.0,291,1444.0,1797,-3.11176106167953,6.762103024748354,1.317350231254946,2053.25,-0.08949011446409989,0.04357212953876349,14.73469387755102
2018-02-15,0.06786703601108034,0.20152354570637118,10.313503328171759,0.0,25.0,291,1444.0,1798,-3.107362768814568,6.762103024748354,1.3135677931270413,2044.25,-0.08949011446409989,0.04357212953876349,14.73469387755102
2018-02-16,0.06786703601108034,0.20152354570637118,10.316278151710254,0.0,25.0,291,1444.0,1799,-3.10031818409766,6.762103024748354,1.3186409097412786,2063.25,-0.08949011446409989,0.04357212953876349,14.73469387755102
2018-02-19,0.06786703601108034,0.20152354570637118,10.319065905116208,0.0,25.0,291,1444.0,1802,-3.0934621095879606,6.762103024748354,1.3177065682596656,2063.25,-0.08949011446409989,0.04357212953876349,14.73469387755102
2018-02-20,0.06786703601108034,0.20152354570637118,10.321866461991142,0.0,25.0,291,1444.0,1803,-3.0891462097993445,6.762103024748354,1.311481361553482,2046.5,-0.08949011446409989,0.04357212953876349,14.73469387755102
2018-02-21,0.06786703601108034,0.20152354570637118,10.324679697332199,0.0,25.0,291,1444.0,1804,-3.0757985777080523,6.762103024748354,1.3291080144102854,2105.25,-0.08949011446409989,0.04357212953876349,14.73469387755102
2018-02-22,0.06786703601108034,0.20152354570637118,10.327505487513427,0.0,25.0,291,1444.0,1805,-3.062138754071489,6.762103024748354,1.3295156201428,2109.5,-0.08949011446409989,0.04357212953876349,14.73469387755102
2018-02-23,0.06786703601108034,0.20152354570637118,10.330343710267417,0.0,25.0,291,1444.0,1806,-3.049531093007317,6.762103024748354,1.3274774272547316,2106.0,-0.08949011446409989,0.04357212953876349,14.73469387755102
2018-02-26,0.06786703601108034,0.20152354570637118,10.33319424466715,0.0,25.0,291,1444.0,1809,-3.037532223291686,6.762103024748354,1.326151318842463,2104.75,-0.08949011446409989,0.04357212953876349,14.73469387755102
2018-02-27,0.07153284671532846,0.2124087591240876,10.336734750051003,0.05401459854014599,25.0,291,1370.0,1810,-3.019441359777926,6.762103024748354,1.273825878730656,2049.25,-0.08949011446409989,0.04357212953876349,13.979591836734693
2018-02-28,0.22165820642978004,0.24619289340101522,10.341542691531332,0.22165820642978004,2.0,291,1182.0,1811,-2.9833659543302726,6.762103024748354,1.1424753745423777,1908.25,-0.08949011446409989,0.04357212953876349,4.511450381679389
2018-03-01,0.30207394048692515,0.2623985572587917,10.346662282586456,0.30207394048692515,3.0,291,1109.0,1812,-2.94083657255914,6.762103024748354,1.091080618539635,1853.5,-0.08949011446409989,0.04357212953876349,3.31044776119403
2018-03-02,0.30207394048692515,0.2623985572587917,10.351780214851166,0.30207394048692515,3.0,291,1109.0,1813,-2.9078778252671142,6.762103024748354,1.0796304564360557,1819.5,-0.08949011446409989,0.04357212953876349,3.31044776119403
2018-03-05,0.30207394048692515,0.2623985572587917,10.356896486685326,0.30207394048692515,3.0,291,1109.0,1816,-2.8752973166879885,6.762103024748354,1.0801603866029843,1823.5,-0.08949011446409989,0.04357212953876349,3.31044776119403
2018-03-06,0.30207394048692515,0.2623985572587917,10.362011096476868,0.30207394048692515,3.0,291,1109.0,1817,-2.844735035508464,6.762103024748354,1.078170898899579,1819.5,-0.08949011446409989,0.04357212953876349,3.31044776119403
2018-03-07,0.30207394048692515,0.2623985572587917,10.367124042641498,0.30207394048692515,3.0,291,1109.0,1818,-2.816041080156933,6.762103024748354,1.0761832634287565,1815.5,-0.08949011446409989,0.04357212953876349,3.31044776119403
2018-03-08,0.30207394048692515,0.2623985572587917,10.37223532362246,0.30207394048692515,3.0,291,1109.0,1819,-2.7888476465996486,6.762103024748354,1.074590930001695,1812.75,-0.08949011446409989,0.04357212953876349,3.31044776119403
2018-03-09,0.30207394048692515,0.2623985572587917,10.377344937890236,0.30207394048692515,3.0,291,1109.0,1820,-2.76381466594208,6.762103024748354,1.071662875872701,1805.75,-0.08949011446409989,0.04357212953876349,3.31044776119403
2018-03-12,0.30207394048692515,0.2623985572587917,10.382452883942312,0.30207394048692515,3.0,291,1109.0,1823,-2.738486801873672,6.762103024748354,1.0729052359256623,1812.0,-0.08949011446409989,0.04357212953876349,3.31044776119403
2018-03-13,0.30207394048692515,0.2623985572587917,10.387559160302901,0.30207394048692515,3.0,291,1109.0,1824,-2.7161521221374842,6.762103024748354,1.0680939486526013,1799.0,-0.08949011446409989,0.04357212953876349,3.31044776119403
2018-03-14,0.2969858156028369,0.2579787234042553,10.392593348930568,0.2801418439716312,3.0,291,1128.0,1825,-2.6959480442780333,6.762103024748354,1.0804503541927433,1813.25,-0.08949011446409989,0.04357212953876349,3.3671641791044777
2018-03-15,0.2975133214920071,0.25843694493783304,10.397633862638761,0.2824156305506217,3.0,291,1126.0,1826,-2.6761713744528666,6.762103024748354,1.0783443628070732,1811.75,-0.08949011446409989,0.04357212953876349,3.361194029850746
2018-03-16,0.3187214611872146,0.26575342465753427,10.402782795445765,0.3187214611872146,14.0,291,1095.0,1827,-2.654629397703447,6.762103024748354,1.056314195965454,1788.5,-0.08949011446409989,0.04357212953876349,3.1375358166189113
2018-03-19,0.3187214611872146,0.26575342465753427,10.407929865363304,0.3187214611872146,14.0,291,1095.0,1830,-2.63855656349682,6.762103024748354,1.0450043950625354,1754.75,-0.08949011446409989,0.04357212953876349,3.1375358166189113
2018-03-20,0.3187214611872146,0.26575342465753427,10.413075072079153,0.3187214611872146,14.0,291,1095.0,1831,-2.6223017859705475,6.762103024748354,1.045633200351418,1759.0,-0.08949011446409989,0.04357212953876349,3.1375358166189113
2018-03-21,0.3187214611872146,0.26575342465753427,10.418218415299098,0.3187214611872146,14.0,291,1095.0,1832,-2.604858054146146,6.762103024748354,1.0486162364278018,1770.75,-0.08949011446409989,0.04357212953876349,3.1375358166189113
2018-03-22,0.3187214611872146,0.26575342465753427,10.42335989474676,0.3187214611872146,14.0,291,1095.0,1833,-2.5835317465554377,6.762103024748354,1.0574812513622853,1801.25,-0.08949011446409989,0.04357212953876349,3.1375358166189113
2018-03-23,0.3187214611872146,0.26575342465753427,10.428499510163391,0.3187214611872146,14.0,291,1095.0,1834,-2.554528118135501,6.762103024748354,1.073320575728777,1854.0,-0.08949011446409989,0.04357212953876349,3.1375358166189113
2018-03-26,0.3187214611872146,0.26575342465753427,10.433637261307721,0.3187214611872146,14.0,291,1095.0,1837,-2.5315700427184704,6.762103024748354,1.0626532038485954,1822.25,-0.08949011446409989,0.04357212953876349,3.1375358166189113
2018-03-27,0.3187214611872146,0.26575342465753427,10.438773147955768,0.3187214611872146,14.0,291,1095.0,1838,-2.5089261298152414,6.762103024748354,1.0628081375776834,1825.0,-0.08949011446409989,0.04357212953876349,3.1375358166189113
2018-03-28,0.3187214611872146,0.26575342465753427,10.443907169900653,0.3187214611872146,14.0,291,1095.0,1839,-2.4838086011065617,6.762103024748354,1.0688394442703437,1846.5,-0.08949011446409989,0.04357212953876349,3.1375358166189113
2018-03-29,0.3187214611872146,0.26575342465753427,10.449039326952459,0.3187214611872146,14.0,291,1095.0,1840,-2.455075839749305,6.762103024748354,1.0772171636315122,1875.5,-0.08949011446409989,0.04357212953876349,3.1375358166189113
2018-03-30,0.3187214611872146,0.26575342465753427,10.45416961893802,0.3187214611872146,14.0,291,1095.0,1841,-2.427418554360975,6.762103024748354,1.0765078339109964,1875.5,-0.08949011446409989,0.04357212953876349,3.1375358166189113
2018-04-02,0.3187214611872146,0.26575342465753427,10.459298045700772,0.3187214611872146,14.0,291,1095.0,1844,-2.405405847179169,6.762103024748354,1.0657024560572714,1843.25,-0.08949011446409989,0.04357212953876349,3.1375358166189113
2018-04-03,0.3187214611872146,0.26575342465753427,10.46442460710059,0.3187214611872146,14.0,291,1095.0,1845,-2.38221377972898,6.762103024748354,1.0693019014440717,1857.0,-0.08949011446409989,0.04357212953876349,3.1375358166189113
2018-04-04,0.3187214611872146,0.26575342465753427,10.469549303013613,0.3187214611872146,14.0,291,1095.0,1846,-2.3612469870561568,6.762103024748354,1.0651556010593226,1846.0,-0.08949011446409989,0.04357212953876349,3.1375358166189113
2018-04-05,0.3187214611872146,0.26575342465753427,10.474672133332072,0.3187214611872146,14.0,291,1095.0,1847,-2.3390087326394315,6.762103024748354,1.0690668808826458,1860.75,-0.08949011446409989,0.04357212953876349,3.1375358166189113
2018-04-06,0.3187214611872146,0.26575342465753427,10.47979309796414,0.3187214611872146,14.0,291,1095.0,1848,-2.319014876413808,6.762103024748354,1.0646116706173758,1848.75,-0.08949011446409989,0.04357212953876349,3.1375358166189113
2018-04-09,0.3187214611872146,0.26575342465753427,10.484912196833763,0.3187214611872146,14.0,291,1095.0,1851,-2.2934261218634373,6.762103024748354,1.078837514938244,1896.5,-0.08949011446409989,0.04357212953876349,3.1375358166189113
2018-04-10,0.3187214611872146,0.26575342465753427,10.4900294298805,0.3187214611872146,14.0,291,1095.0,1852,-2.2671035884175583,6.762103024748354,1.0819612740929705,1908.75,-0.08949011446409989,0.04357212953876349,3.1375358166189113
2018-04-11,0.3187214611872146,0.26575342465753427,10.495144797059371,0.3187214611872146,14.0,291,1095.0,1853,-2.241896843548849,6.762103024748354,1.0809443046026967,1907.75,-0.08949011446409989,0.04357212953876349,3.1375358166189113
2018-04-12,0.3187214611872146,0.26575342465753427,10.500258298340688,0.3187214611872146,14.0,291,1095.0,1854,-2.214838948578814,6.762103024748354,1.0867992292553004,1928.75,-0.08949011446409989,0.04357212953876349,3.1375358166189113
2018-04-13,0.3187214611872146,0.26575342465753427,10.505369933709913,0.3187214611872146,14.0,291,1095.0,1855,-2.191570489187591,6.762103024748354,1.0793822392186059,1907.25,-0.08949011446409989,0.04357212953876349,3.1375358166189113
2018-04-16,0.3187214611872146,0.26575342465753427,10.510479703167489,0.3187214611872146,14.0,291,1095.0,1858,-2.1695388757179286,6.762103024748354,1.0775884068237989,1903.75,-0.08949011446409989,0.04357212953876349,3.1375358166189113
2018-04-17,0.3187214611872146,0.26575342465753427,10.515587606728703,0.3187214611872146,14.0,291,1095.0,1859,-2.1472312169083816,6.762103024748354,1.0796183955791967,1912.5,-0.08949011446409989,0.04357212953876349,3.1375358166189113
2018-04-18,0.3187214611872146,0.26575342465753427,10.52069364442353,0.3187214611872146,14.0,291,1095.0,1860,-2.1242067122305612,6.762103024748354,1.0828953260604763,1925.25,-0.08949011446409989,0.04357212953876349,3.1375358166189113
2018-04-19,0.3187214611872146,0.26575342465753427,10.525797816296471,0.3187214611872146,14.0,291,1095.0,1861,-2.1030548694466713,6.762103024748354,1.0793107652198786,1916.0,-0.08949011446409989,0.04357212953876349,3.1375358166189113
2018-04-20,0.3187214611872146,0.26575342465753427,10.530900122406427,0.3187214611872146,14.0,291,1095.0,1862,-2.0840426372100804,6.762103024748354,1.0744821010021903,1902.75,-0.08949011446409989,0.04357212953876349,3.1375358166189113
2018-04-23,0.3187214611872146,0.26575342465753427,10.536000562826532,0.3187214611872146,14.0,291,1095.0,1865,-2.0661687556641497,6.762103024748354,1.0721499779617574,1897.5,-0.08949011446409989,0.04357212953876349,3.1375358166189113
2018-04-24,0.3187214611872146,0.26575342465753427,10.541099137644027,0.3187214611872146,14.0,291,1095.0,1866,-2.0493319825304916,6.762103024748354,1.0698977314422065,1892.5,-0.08949011446409989,0.04357212953876349,3.1375358166189113
2018-04-25,0.3187214611872146,0.26575342465753427,10.546195846960096,0.3187214611872146,14.0,291,1095.0,1867,-2.0331106786425597,6.762103024748354,1.0688152887119193,1891.25,-0.08949011446409989,0.04357212953876349,3.1375358166189113
2018-04-26,0.3187214611872146,0.26575342465753427,10.551290690889736,0.3187214611872146,14.0,291,1095.0,1868,-2.0163969018268157,6.762103024748354,1.0713143828620202,1901.5,-0.08949011446409989,0.04357212953876349,3.1375358166189113
2018-04-27,0.3187214611872146,0.26575342465753427,10.556383669561622,0.3187214611872146,14.0,291,1095.0,1869,-2.001071735936374,6.762103024748354,1.0675877470083177,1891.75,-0.08949011446409989,0.04357212953876349,3.1375358166189113
2018-04-30,0.3187214611872146,0.26575342465753427,10.561474783117957,0.3187214611872146,14.0,291,1095.0,1872,-1.9854644946939701,6.762103024748354,1.0693866796303941,1899.75,-0.08949011446409989,0.04357212953876349,3.1375358166189113
2018-05-01,0.3187214611872146,0.26575342465753427,10.566564031714323,0.3187214611872146,14.0,291,1095.0,1873,-1.9728200948638936,6.762103024748354,1.059443192992489,1870.0,-0.08949011446409989,0.04357212953876349,3.1375358166189113
2018-05-02,0.3187214611872146,0.26575342465753427,10.57165141551958,0.3187214611872146,14.0,291,1095.0,1874,-1.9588789385021503,6.762103024748354,1.064898214770063,1889.75,-0.08949011446409989,0.04357212953876349,3.1375358166189113
2018-05-03,0.3187214611872146,0.26575342465753427,10.576736934715681,0.3187214611872146,14.0,291,1095.0,1875,-1.9441199233588498,6.762103024748354,1.068640710033915,1904.0,-0.08949011446409989,0.04357212953876349,3.1375358166189113
2018-05-04,0.3187214611872146,0.26575342465753427,10.581820589497594,0.3187214611872146,14.0,291,1095.0,1876,-1.9292707644011255,6.762103024748354,1.0698177060522258,1910.0,-0.08949011446409989,0.04357212953876349,3.1375358166189113
2018-05-07,0.3187214611872146,0.26575342465753427,10.586902380073123,0.3187214611872146,14.0,291,1095.0,1879,-1.9157958143925244,6.762103024748354,1.06548036550863,1898.25,-0.08949011446409989,0.04357212953876349,3.1375358166189113
2018-05-08,0.3187214611872146,0.26575342465753427,10.59198230666279,0.3187214611872146,14.0,291,1095.0,1880,-1.9035467843457476,6.762103024748354,1.0613015266646009,1887.0,-0.08949011446409989,0.04357212953876349,3.1375358166189113
2018-05-09,0.3187214611872146,0.26575342465753427,10.59706036949972,0.3187214611872146,14.0,291,1095.0,1881,-1.891919633197763,6.762103024748354,1.059299047545128,1882.75,-0.08949011446409989,0.04357212953876349,3.1375358166189113
2018-05-10,0.3187214611872146,0.26575342465753427,10.602136568829486,0.3187214611872146,14.0,291,1095.0,1882,-1.8812687294762047,6.762103024748354,1.055591322667811,1873.0,-0.08949011446409989,0.04357212953876349,3.1375358166189113
2018-05-11,0.30721830985915494,0.25616197183098594,10.607071928374147,0.2711267605633803,14.0,291,1136.0,1883,-1.8725355932093366,6.762103024748354,1.0821919118667416,1903.75,-0.08949011446409989,0.04357212953876349,3.2550143266475646
2018-05-14,0.30721830985915494,0.25616197183098594,10.61200595348254,0.2711267605633803,14.0,291,1136.0,1886,-1.8636584922886716,6.762103024748354,1.0831198730383298,1909.0,-0.08949011446409989,0.04357212953876349,3.2550143266475646
2018-05-15,0.28009630818619585,0.23354735152487963,10.61641886869581,0.15890850722311398,14.0,291,1246.0,1887,-1.8590804011336002,6.762103024748354,1.1554951349113243,1991.5,-0.08949011446409989,0.04357212953876349,3.5702005730659025
2018-05-16,0.28009630818619585,0.23354735152487963,10.620832774097366,0.15890850722311398,14.0,291,1246.0,1888,-1.8544493380407656,6.762103024748354,1.1555907294190964,1994.25,-0.08949011446409989,0.04357212953876349,3.5702005730659025
2018-05-17,0.2787539936102236,0.23242811501597443,10.6252132530823,0.15335463258785942,14.0,291,1252.0,1889,-1.850116107190268,6.762103024748354,1.1588142868620093,1998.75,-0.08949011446409989,0.04357212953876349,3.5873925501432664
2018-05-18,0.2844335778321108,0.2371638141809291,10.629733603218193,0.17685411572942136,14.0,291,1227.0,1890,-1.845002954908675,6.762103024748354,1.1414875116600949,1980.0,-0.08949011446409989,0.04357212953876349,3.5157593123209168
2018-05-21,0.27372549019607845,0.22823529411764706,10.633978801617358,0.13254901960784313,14.0,291,1275.0,1893,-1.8416079994612073,6.762103024748354,1.1725301492942106,2016.0,-0.08949011446409989,0.04357212953876349,3.653295128939828
2018-05-22,0.2863002461033634,0.2387202625102543,10.638542460611234,0.184577522559475,14.0,291,1219.0,1894,-1.8363987200531826,6.762103024748354,1.1347069578210558,1974.0,-0.08949011446409989,0.04357212953876349,3.492836676217765
2018-05-23,0.2863002461033634,0.2387202625102543,10.643106328620593,0.184577522559475,14.0,291,1219.0,1895,-1.8320618413802454,6.762103024748354,1.1291719297956877,1958.5,-0.08949011446409989,0.04357212953876349,3.492836676217765
2018-05-24,0.2863002461033634,0.2387202625102543,10.647670393982196,0.184577522559475,14.0,291,1219.0,1896,-1.8274517629966847,6.762103024748354,1.130679882448577,1965.75,-0.08949011446409989,0.04357212953876349,3.492836676217765
2018-05-25,0.2863002461033634,0.2387202625102543,10.652234645132566,0.184577522559475,14.0,291,1219.0,1897,-1.822743417268701,6.762103024748354,1.131104885368166,1969.5,-0.08949011446409989,0.04357212953876349,3.492836676217765
2018-05-28,0.2863002461033634,0.2387202625102543,10.656799070607079,0.184577522559475,14.0,291,1219.0,1900,-1.8181220884633875,6.762103024748354,1.1303706382398877,1969.5,-0.08949011446409989,0.04357212953876349,3.492836676217765
2018-05-29,0.2863002461033634,0.2387202625102543,10.661363659039079,0.184577522559475,14.0,291,1219.0,1901,-1.8149199476589577,6.762103024748354,1.1205184003205004,1940.0,-0.08949011446409989,0.04357212953876349,3.492836676217765
2018-05-30,0.2863002461033634,0.2387202625102543,10.665928399158958,0.184577522559475,14.0,291,1219.0,1902,-1.8116945670509315,6.762103024748354,1.1203298001420734,1941.75,-0.08949011446409989,0.04357212953876349,3.492836676217765
2018-05-31,0.29229480737018426,0.24371859296482412,10.670614628950148,0.20938023450586266,14.0,291,1194.0,1903,-1.8077786960271387,6.762103024748354,1.1031497028839339,1923.0,-0.08949011446409989,0.04357212953876349,3.4212034383954153
2018-06-01,0.29229480737018426,0.24371859296482412,10.675300444759298,0.20938023450586266,14.0,291,1194.0,1904,-1.8043874768176167,6.762103024748354,1.0991151298934994,1912.25,-0.08949011446409989,0.04357212953876349,3.4212034383954153
2018-06-04,0.29229480737018426,0.24371859296482412,10.679985838962768,0.20938023450586266,14.0,291,1194.0,1907,-1.8011822712341283,6.762103024748354,1.0973991265591572,1909.0,-0.08949011446409989,0.04357212953876349,3.4212034383954153
2018-06-05,0.29229480737018426,0.24371859296482412,10.684670804004298,0.20938023450586266,14.0,291,1194.0,1908,-1.7983146830663788,6.762103024748354,1.0944501621332754,1901.75,-0.08949011446409989,0.04357212953876349,3.4212034383954153
2018-06-06,0.29229480737018426,0.24371859296482412,10.689355332394404,0.20938023450586266,14.0,291,1194.0,1909,-1.7961083199728953,6.762103024748354,1.0886495062799668,1885.25,-0.08949011446409989,0.04357212953876349,3.4212034383954153
2018-06-07,0.2955122777307367,0.2464013547840813,10.694097514600635,0.222692633361558,14.0,291,1181.0,1910,-1.7935959132713524,6.762103024748354,1.0794210827215145,1875.5,-0.08949011446409989,0.04357212953876349,3.383954154727794
2018-06-08,0.2965165675446049,0.24723874256584538,10.698856239879722,0.2268479184367035,14.0,291,1177.0,1911,-1.7910133871920393,6.762103024748354,1.0761017422817205,1872.5,-0.08949011446409989,0.04357212953876349,3.372492836676218
2018-06-11,0.2965165675446049,0.24723874256584538,10.703614187869212,0.2268479184367035,14.0,291,1177.0,1914,-1.7879348684231207,6.762103024748354,1.079720977199931,1886.5,-0.08949011446409989,0.04357212953876349,3.372492836676218
2018-06-12,0.2965165675446049,0.24723874256584538,10.708371353216037,0.2268479184367035,14.0,291,1177.0,1915,-1.7853425178230988,6.762103024748354,1.075403229439804,1874.75,-0.08949011446409989,0.04357212953876349,3.372492836676218
2018-06-13,0.2965165675446049,0.24723874256584538,10.713127730617089,0.2268479184367035,14.0,291,1177.0,1916,-1.78211285624247,6.762103024748354,1.08017678216759,1892.5,-0.08949011446409989,0.04357212953876349,3.372492836676218
2018-06-14,0.2965165675446049,0.24723874256584538,10.717883314818733,0.2268479184367035,14.0,291,1177.0,1917,-1.7790068039606879,6.762103024748354,1.0788653872524667,1890.5,-0.08949011446409989,0.04357212953876349,3.372492836676218
2018-06-15,0.3011216566005177,0.25107851596203623,10.72271143163365,0.2459016393442623,14.0,291,1159.0,1918,-1.7754630929645343,6.762103024748354,1.066427457574745,1877.0,-0.08949011446409989,0.04357212953876349,3.320916905444126
2018-06-18,0.3021645021645022,0.2519480519480519,10.727553943053927,0.2502164502164502,14.0,291,1155.0,1921,-1.7718624408206594,6.762103024748354,1.0631355958819353,1874.0,-0.08949011446409989,0.04357212953876349,3.30945558739255
2018-06-19,0.28466557911908646,0.23735725938009788,10.732079266874168,0.17781402936378465,14.0,291,1226.0,1922,-1.770129596545087,6.762103024748354,1.1087044092106,1927.25,-0.08949011446409989,0.04357212953876349,3.512893982808023
2018-06-20,0.28466557911908646,0.23735725938009788,10.736604764948941,0.17781402936378465,14.0,291,1226.0,1923,-1.7681326980363152,6.762103024748354,1.1106027391862856,1935.75,-0.08949011446409989,0.04357212953876349,3.512893982808023
2018-06-21,0.29059117402164863,0.24229808492922564,10.741251172249097,0.20233139050791007,14.0,291,1201.0,1924,-1.7655327621550594,6.762103024748354,1.0936267471765626,1917.0,-0.08949011446409989,0.04357212953876349,3.4412607449856734
2018-06-22,0.29059117402164863,0.24229808492922564,10.745897198195417,0.20233139050791007,14.0,291,1201.0,1925,-1.7621832479895596,6.762103024748354,1.0993798658125953,1938.0,-0.08949011446409989,0.04357212953876349,3.4412607449856734
2018-06-25,0.29059117402164863,0.24229808492922564,10.750542835285048,0.20233139050791007,14.0,291,1201.0,1928,-1.760265989462674,6.762103024748354,1.0867679642596184,1899.25,-0.08949011446409989,0.04357212953876349,3.4412607449856734
2018-06-26,0.29059117402164863,0.24229808492922564,10.755188076080357,0.20233139050791007,14.0,291,1201.0,1929,-1.7583318905713148,6.762103024748354,1.0864531289363912,1900.5,-0.08949011446409989,0.04357212953876349,3.4412607449856734
2018-06-27,0.29059117402164863,0.24229808492922564,10.75983291320838,0.20233139050791007,14.0,291,1201.0,1930,-1.7549682259406072,6.762103024748354,1.0983472471416633,1941.5,-0.08949011446409989,0.04357212953876349,3.4412607449856734
2018-06-28,0.29059117402164863,0.24229808492922564,10.764477339360216,0.20233139050791007,14.0,291,1201.0,1931,-1.751147094906644,6.762103024748354,1.1016377212069435,1954.5,-0.08949011446409989,0.04357212953876349,3.4412607449856734
2018-06-29,0.29059117402164863,0.24229808492922564,10.769121347290529,0.20233139050791007,14.0,291,1201.0,1932,-1.746275382541274,6.762103024748354,1.1091470825004257,1981.25,-0.08949011446409989,0.04357212953876349,3.4412607449856734
2018-07-02,0.29059117402164863,0.24229808492922564,10.773764929816938,0.20233139050791007,14.0,291,1201.0,1935,-1.7424279836400132,6.762103024748354,1.1014636524747898,1958.5,-0.08949011446409989,0.04357212953876349,3.4412607449856734
2018-07-03,0.29059117402164863,0.24229808492922564,10.778408079819497,0.20233139050791007,14.0,291,1201.0,1936,-1.7386412337720887,6.762103024748354,1.1007639877744213,1958.5,-0.08949011446409989,0.04357212953876349,3.4412607449856734
2018-07-04,0.29059117402164863,0.24229808492922564,10.783050790240146,0.20233139050791007,14.0,291,1201.0,1937,-1.7349137100774135,6.762103024748354,1.1000652748456536,1958.5,-0.08949011446409989,0.04357212953876349,3.4412607449856734
2018-07-05,0.29059117402164863,0.24229808492922564,10.787693054082185,0.20233139050791007,14.0,291,1201.0,1938,-1.7314808828054833,6.762103024748354,1.0974515092289066,1952.25,-0.08949011446409989,0.04357212953876349,3.4412607449856734
2018-07-06,0.29059117402164863,0.24229808492922564,10.79233486440971,0.20233139050791007,14.0,291,1201.0,1939,-1.727798536882244,6.762103024748354,1.099207012553626,1960.25,-0.08949011446409989,0.04357212953876349,3.4412607449856734
2018-07-09,0.29059117402164863,0.24229808492922564,10.796976214347124,0.20233139050791007,14.0,291,1201.0,1942,-1.7247683020224074,6.762103024748354,1.093532424685808,1944.0,-0.08949011446409989,0.04357212953876349,3.4412607449856734
2018-07-10,0.2891466445733223,0.24109362054681027,10.801589871121259,0.19635459817729908,14.0,291,1207.0,1943,-1.7219299875310707,6.762103024748354,1.0967022079429456,1948.5,-0.08949011446409989,0.04357212953876349,3.458452722063037
2018-07-11,0.2920502092050209,0.24351464435146444,10.806256885081533,0.2083682008368201,14.0,291,1195.0,1944,-1.7188352642930775,6.762103024748354,1.0882858581356358,1939.5,-0.08949011446409989,0.04357212953876349,3.4240687679083095
2018-07-12,0.2920502092050209,0.24351464435146444,10.810923307329679,0.2083682008368201,14.0,291,1195.0,1945,-1.716177025164904,6.762103024748354,1.0840770909443245,1928.0,-0.08949011446409989,0.04357212953876349,3.4240687679083095
2018-07-13,0.2920502092050209,0.24351464435146444,10.815589131869832,0.2083682008368201,14.0,291,1195.0,1946,-1.7135954337590544,6.762103024748354,1.0830078855415166,1926.75,-0.08949011446409989,0.04357212953876349,3.4240687679083095
2018-07-16,0.2844335778321108,0.2371638141809291,10.820106495896612,0.17685411572942136,14.0,291,1227.0,1949,-1.7117814508179288,6.762103024748354,1.1028634982753347,1950.75,-0.08949011446409989,0.04357212953876349,3.5157593123209168
2018-07-17,0.2844335778321108,0.2371638141809291,10.824623881326787,0.17685411572942136,14.0,291,1227.0,1950,-1.7097999039090344,6.762103024748354,1.104074325318159,1957.0,-0.08949011446409989,0.04357212953876349,3.5157593123209168
2018-07-18,0.28938640132669985,0.24129353233830847,10.829239846729454,0.19734660033167495,14.0,291,1206.0,1951,-1.7073629291058567,6.762103024748354,1.0899146536648527,1941.25,-0.08949011446409989,0.04357212953876349,3.4555873925501435
2018-07-19,0.29083333333333333,0.2425,10.833882109435391,0.20333333333333334,14.0,291,1200.0,1952,-1.7048192903124788,6.762103024748354,1.0853831466729764,1936.75,-0.08949011446409989,0.04357212953876349,3.438395415472779
2018-07-20,0.2877164056059357,0.23990107172300082,10.838465283742234,0.190436933223413,14.0,291,1213.0,1953,-1.7026059125793294,6.762103024748354,1.0930174992580608,1946.5,-0.08949011446409989,0.04357212953876349,3.475644699140401
2018-07-23,0.2877164056059357,0.23990107172300082,10.84304815789563,0.190436933223413,14.0,291,1213.0,1956,-1.7004209566352064,6.762103024748354,1.0923270652838857,1946.5,-0.08949011446409989,0.04357212953876349,3.475644699140401
2018-07-24,0.2814516129032258,0.2346774193548387,10.847500431569735,0.16451612903225807,14.0,291,1240.0,1957,-1.6988572833258595,6.762103024748354,1.1088897989494262,1966.75,-0.08949011446409989,0.04357212953876349,3.5530085959885387
2018-07-25,0.2814516129032258,0.2346774193548387,10.851952957320455,0.16451612903225807,14.0,291,1240.0,1958,-1.6983308061854112,6.762103024748354,1.0962069758531516,1927.5,-0.08949011446409989,0.04357212953876349,3.5530085959885387
2018-07-26,0.28213419563459985,0.23524656426839127,10.856420747986878,0.16734033953112368,14.0,291,1237.0,1959,-1.697753595434963,6.762103024748354,1.0935958411439033,1925.25,-0.08949011446409989,0.04357212953876349,3.5444126074498565
2018-07-27,0.28213419563459985,0.23524656426839127,10.860888702408072,0.16734033953112368,14.0,291,1237.0,1960,-1.6974426323662575,6.762103024748354,1.0893928615444648,1913.75,-0.08949011446409989,0.04357212953876349,3.5444126074498565
2018-07-30,0.28213419563459985,0.23524656426839127,10.865356810319495,0.16734033953112368,14.0,291,1237.0,1963,-1.6972048153283996,6.762103024748354,1.0877089714993482,1910.5,-0.08949011446409989,0.04357212953876349,3.5444126074498565
2018-07-31,0.28213419563459985,0.23524656426839127,10.8698250615408,0.16734033953112368,14.0,291,1237.0,1964,-1.696926374810237,6.762103024748354,1.0876272317160094,1912.5,-0.08949011446409989,0.04357212953876349,3.5444126074498565
2018-08-01,0.28213419563459985,0.23524656426839127,10.874293445975121,0.16734033953112368,14.0,291,1237.0,1965,-1.6967090011981616,6.762103024748354,1.0860983248974716,1909.75,-0.08949011446409989,0.04357212953876349,3.5444126074498565
2018-08-02,0.28213419563459985,0.23524656426839127,10.87876195360833,0.16734033953112368,14.0,291,1237.0,1966,-1.6965816866007315,6.762103024748354,1.0841138226192257,1905.5,-0.08949011446409989,0.04357212953876349,3.5444126074498565
2018-08-03,0.28213419563459985,0.23524656426839127,10.883230574508334,0.16734033953112368,14.0,291,1237.0,1967,-1.6966385358370308,6.762103024748354,1.0806080420321247,1896.25,-0.08949011446409989,0.04357212953876349,3.5444126074498565
2018-08-06,0.28213419563459985,0.23524656426839127,10.88769929882434,0.16734033953112368,14.0,291,1237.0,1970,-1.6967187215866966,6.762103024748354,1.0795409588563187,1895.0,-0.08949011446409989,0.04357212953876349,3.5444126074498565
2018-08-07,0.28213419563459985,0.23524656426839127,10.892168116786172,0.16734033953112368,14.0,291,1237.0,1971,-1.6967745171438888,6.762103024748354,1.0792360678704858,1896.25,-0.08949011446409989,0.04357212953876349,3.5444126074498565
2018-08-08,0.28213419563459985,0.23524656426839127,10.89663701870356,0.16734033953112368,14.0,291,1237.0,1972,-1.6966440265474219,6.762103024748354,1.0814425199795938,1905.75,-0.08949011446409989,0.04357212953876349,3.5444126074498565
2018-08-09,0.28213419563459985,0.23524656426839127,10.901105994965452,0.16734033953112368,14.0,291,1237.0,1973,-1.6962973584253973,6.762103024748354,1.0839523633829378,1916.25,-0.08949011446409989,0.04357212953876349,3.5444126074498565
2018-08-10,0.28213419563459985,0.23524656426839127,10.905575036039334,0.16734033953112368,14.0,291,1237.0,1974,-1.6958407264943818,6.762103024748354,1.0848644686086553,1921.5,-0.08949011446409989,0.04357212953876349,3.5444126074498565
2018-08-13,0.28213419563459985,0.23524656426839127,10.910044132470544,0.16734033953112368,14.0,291,1237.0,1977,-1.695210428805505,6.762103024748354,1.086612642192147,1929.5,-0.08949011446409989,0.04357212953876349,3.5444126074498565
2018-08-14,0.28213419563459985,0.23524656426839127,10.914513274881614,0.16734033953112368,14.0,291,1237.0,1978,-1.694430950098471,6.762103024748354,1.0879803152231666,1936.25,-0.08949011446409989,0.04357212953876349,3.5444126074498565
2018-08-15,0.28213419563459985,0.23524656426839127,10.918982453971593,0.16734033953112368,14.0,291,1237.0,1979,-1.6938024860154393,6.762103024748354,1.085397490133178,1930.0,-0.08949011446409989,0.04357212953876349,3.5444126074498565
2018-08-16,0.28213419563459985,0.23524656426839127,10.923451660515385,0.16734033953112368,14.0,291,1237.0,1980,-1.69294414702899,6.762103024748354,1.0878288838129913,1940.25,-0.08949011446409989,0.04357212953876349,3.5444126074498565
2018-08-17,0.28213419563459985,0.23524656426839127,10.927920885363118,0.16734033953112368,14.0,291,1237.0,1981,-1.6920532261445527,6.762103024748354,1.0876780656108402,1942.0,-0.08949011446409989,0.04357212953876349,3.5444126074498565
2018-08-20,0.28213419563459985,0.23524656426839127,10.93239011943949,0.16734033953112368,14.0,291,1237.0,1984,-1.6910881997363219,6.762103024748354,1.0880591044901466,1945.5,-0.08949011446409989,0.04357212953876349,3.5444126074498565
2018-08-21,0.28213419563459985,0.23524656426839127,10.936859353743111,0.16734033953112368,14.0,291,1237.0,1985,-1.6899880477245408,6.762103024748354,1.089199132763023,1951.5,-0.08949011446409989,0.04357212953876349,3.5444126074498565
2018-08-22,0.28213419563459985,0.23524656426839127,10.94132857934591,0.16734033953112368,14.0,291,1237.0,1986,-1.6888320321490289,6.762103024748354,1.0893529197198901,1954.25,-0.08949011446409989,0.04357212953876349,3.5444126074498565
2018-08-23,0.28213419563459985,0.23524656426839127,10.94579778739247,0.16734033953112368,14.0,291,1237.0,1987,-1.6872742367756741,6.762103024748354,1.0936017378154275,1970.5,-0.08949011446409989,0.04357212953876349,3.5444126074498565
2018-08-24,0.28213419563459985,0.23524656426839127,10.950266969099426,0.16734033953112368,14.0,291,1237.0,1988,-1.6857799461650107,6.762103024748354,1.0923906178184035,1968.75,-0.08949011446409989,0.04357212953876349,3.5444126074498565
2018-08-27,0.28213419563459985,0.23524656426839127,10.954736115754862,0.16734033953112368,14.0,291,1237.0,1991,-1.684417621160458,6.762103024748354,1.0903471366893347,1964.25,-0.08949011446409989,0.04357212953876349,3.5444126074498565
2018-08-28,0.28213419563459985,0.23524656426839127,10.95920521871767,0.16734033953112368,14.0,291,1237.0,1992,-1.6830450131718806,6.762103024748354,1.0899720500862453,1965.25,-0.08949011446409989,0.04357212953876349,3.5444126074498565
2018-08-29,0.28213419563459985,0.23524656426839127,10.963674269416986,0.16734033953112368,14.0,291,1237.0,1993,-1.681668580770604,6.762103024748354,1.089521944320584,1966.0,-0.08949011446409989,0.04357212953876349,3.5444126074498565
2018-08-30,0.2774244833068362,0.2313195548489666,10.968040480831627,0.1478537360890302,14.0,291,1258.0,1994,-1.6807005833903095,6.762103024748354,1.1019923597606978,1981.75,-0.08949011446409989,0.04357212953876349,3.6045845272206303
2018-08-31,0.2618154538634659,0.218304576144036,10.971981015526588,0.08327081770442611,14.0,291,1333.0,1995,-1.6810541900083078,6.762103024748354,1.1482249338545987,2038.0,-0.08949011446409989,0.04357212953876349,3.819484240687679
2018-09-03,0.2618154538634659,0.218304576144036,10.975923934605651,0.08327081770442611,14.0,291,1333.0,1998,-1.681404383162834,6.762103024748354,1.147505264265268,2038.0,-0.08949011446409989,0.04357212953876349,3.819484240687679
2018-09-04,0.2616191904047976,0.2181409295352324,10.979862934084883,0.08245877061469266,14.0,291,1334.0,1999,-1.6817676354045352,6.762103024748354,1.1474111883785285,2038.75,-0.08949011446409989,0.04357212953876349,3.822349570200573
2018-09-05,0.2616191904047976,0.2181409295352324,10.983804301710938,0.08245877061469266,14.0,291,1334.0,2000,-1.6821598344652062,6.762103024748354,1.1461636221777145,2037.0,-0.08949011446409989,0.04357212953876349,3.822349570200573
2018-09-06,0.2616191904047976,0.2181409295352324,10.987748013569867,0.08245877061469266,14.0,291,1334.0,2001,-1.6823690146420542,6.762103024748354,1.1483192042309067,2046.5,-0.08949011446409989,0.04357212953876349,3.822349570200573
2018-09-07,0.2616191904047976,0.2181409295352324,10.9916940459412,0.08245877061469266,14.0,291,1334.0,2002,-1.6821461509660849,6.762103024748354,1.1539504215264522,2067.5,-0.08949011446409989,0.04357212953876349,3.822349570200573
2018-09-10,0.2616191904047976,0.2181409295352324,10.995642375296176,0.08245877061469266,14.0,291,1334.0,2005,-1.6819738183402086,6.762103024748354,1.1525524597719778,2065.25,-0.08949011446409989,0.04357212953876349,3.822349570200573
2018-09-11,0.2616191904047976,0.2181409295352324,10.999592978295926,0.08245877061469266,14.0,291,1334.0,2006,-1.681917983461865,6.762103024748354,1.150173984816254,2059.75,-0.08949011446409989,0.04357212953876349,3.822349570200573
2018-09-12,0.2616191904047976,0.2181409295352324,11.003545831789722,0.08245877061469266,14.0,291,1334.0,2007,-1.6818370868611368,6.762103024748354,1.14983611957437,2061.0,-0.08949011446409989,0.04357212953876349,3.822349570200573
2018-09-13,0.2616191904047976,0.2181409295352324,11.00750091281323,0.08245877061469266,14.0,291,1334.0,2008,-1.681946581376871,6.762103024748354,1.1462531981686277,2051.5,-0.08949011446409989,0.04357212953876349,3.822349570200573
2018-09-14,0.2616191904047976,0.2181409295352324,11.011458198586789,0.08245877061469266,14.0,291,1334.0,2009,-1.6820886909311266,6.762103024748354,1.145012220786351,2049.75,-0.08949011446409989,0.04357212953876349,3.822349570200573
2018-09-17,0.2616191904047976,0.2181409295352324,11.015417666513684,0.08245877061469266,14.0,291,1334.0,2012,-1.6819928747602753,6.762103024748354,1.1479215672193084,2061.75,-0.08949011446409989,0.04357212953876349,3.822349570200573
2018-09-18,0.2616191904047976,0.2181409295352324,11.019379294178483,0.08245877061469266,14.0,291,1334.0,2013,-1.6815876496253206,6.762103024748354,1.1516592300769672,2076.5,-0.08949011446409989,0.04357212953876349,3.822349570200573
2018-09-19,0.2616191904047976,0.2181409295352324,11.023343059345338,0.08245877061469266,14.0,291,1334.0,2014,-1.6812407423272042,6.762103024748354,1.1501930958286775,2074.0,-0.08949011446409989,0.04357212953876349,3.822349570200573
2018-09-20,0.2616191904047976,0.2181409295352324,11.027308939956352,0.08245877061469266,14.0,291,1334.0,2015,-1.6807236135819776,6.762103024748354,1.1518938632633238,2082.0,-0.08949011446409989,0.04357212953876349,3.822349570200573
2018-09-21,0.2616191904047976,0.2181409295352324,11.031276914129936,0.08245877061469266,14.0,291,1334.0,2016,-1.680151186104217,6.762103024748354,1.1520118325002855,2084.75,-0.08949011446409989,0.04357212953876349,3.822349570200573
2018-09-24,0.2616191904047976,0.2181409295352324,11.035246960159187,0.08245877061469266,14.0,291,1334.0,2019,-1.6797485001513666,6.762103024748354,1.149041955303784,2077.25,-0.08949011446409989,0.04357212953876349,3.822349570200573
2018-09-25,0.2616191904047976,0.2181409295352324,11.03921905651029,0.08245877061469266,14.0,291,1334.0,2020,-1.6793447755829638,6.762103024748354,1.1484087075954545,2077.5,-0.08949011446409989,0.04357212953876349,3.822349570200573
2018-09-26,0.2616191904047976,0.2181409295352324,11.043193181820943,0.08245877061469266,14.0,291,1334.0,2021,-1.6776640714169682,6.762103024748354,1.1638106701165503,2131.0,-0.08949011446409989,0.04357212953876349,3.822349570200573
2018-09-27,0.2616191904047976,0.2181409295352324,11.047169314898772,0.08245877061469266,14.0,291,1334.0,2022,-1.6759989764002914,6.762103024748354,1.1631743602990654,2131.25,-0.08949011446409989,0.04357212953876349,3.822349570200573
2018-09-28,0.2589020771513353,0.2158753709198813,11.051061667801202,0.0712166172106825,14.0,291,1348.0,2023,-1.6746343945155493,6.762103024748354,1.171092315639062,2141.75,-0.08949011446409989,0.04357212953876349,3.8624641833810887
2018-10-01,0.25363372093023256,0.21148255813953487,11.054775790357107,0.04941860465116279,14.0,291,1376.0,2026,-1.6738281397134451,6.762103024748354,1.1876206903864337,2162.75,-0.08949011446409989,0.04357212953876349,3.9426934097421205
2018-10-02,0.2505384063173008,0.2089016511127064,11.058377651671409,0.0366116295764537,14.0,291,1393.0,2027,-1.6733499213523206,6.762103024748354,1.1973549204502971,2175.5,-0.08949011446409989,0.04357212953876349,3.991404011461318
2018-10-03,0.24786931818181818,0.20667613636363635,11.061877835174947,0.02556818181818182,14.0,291,1408.0,2028,-1.6731512526026062,6.762103024748354,1.2058447321166608,2186.75,-0.08949011446409989,0.04357212953876349,4.034383954154728
2018-10-04,0.24786931818181818,0.20667613636363635,11.065382435737314,0.02556818181818182,14.0,291,1408.0,2029,-1.6733608713030779,6.762103024748354,1.199167936320388,2167.0,-0.08949011446409989,0.04357212953876349,4.034383954154728
2018-10-05,0.24786931818181818,0.20667613636363635,11.068891415390755,0.02556818181818182,14.0,291,1408.0,2030,-1.67339408848499,6.762103024748354,1.2010593759111754,2175.75,-0.08949011446409989,0.04357212953876349,4.034383954154728
2018-10-08,0.24786931818181818,0.20667613636363635,11.072404736485137,0.02556818181818182,14.0,291,1408.0,2033,-1.6735268059944894,6.762103024748354,1.1988198294146026,2170.75,-0.08949011446409989,0.04357212953876349,4.034383954154728
2018-10-09,0.24786931818181818,0.20667613636363635,11.07592236168481,0.02556818181818182,14.0,291,1408.0,2034,-1.6737116624780672,6.762103024748354,1.1972578221717933,2168.0,-0.08949011446409989,0.04357212953876349,4.034383954154728
2018-10-10,0.24786931818181818,0.20667613636363635,11.079444253965525,0.02556818181818182,14.0,291,1408.0,2035,-1.6715018122445302,6.762103024748354,1.2263187050742947,2267.25,-0.08949011446409989,0.04357212953876349,4.034383954154728
2018-10-11,0.24786931818181818,0.20667613636363635,11.082970376611323,0.02556818181818182,14.0,291,1408.0,2036,-1.6676819538429382,6.762103024748354,1.2414070782952356,2320.0,-0.08949011446409989,0.04357212953876349,4.034383954154728
2018-10-12,0.24786931818181818,0.20667613636363635,11.08650069321154,0.02556818181818182,14.0,291,1408.0,2037,-1.6644702119285903,6.762103024748354,1.2357098347197357,2303.5,-0.08949011446409989,0.04357212953876349,4.034383954154728
2018-10-15,0.24786931818181818,0.20667613636363635,11.090035167657785,0.02556818181818182,14.0,291,1408.0,2040,-1.6603500759313579,6.762103024748354,1.2438137629852204,2333.0,-0.08949011446409989,0.04357212953876349,4.034383954154728
2018-10-16,0.24786931818181818,0.20667613636363635,11.093573764140979,0.02556818181818182,14.0,291,1408.0,2041,-1.6567632876710912,6.762103024748354,1.238944827997524,2319.25,-0.08949011446409989,0.04357212953876349,4.034383954154728
2018-10-17,0.24786931818181818,0.20667613636363635,11.097116447148435,0.02556818181818182,14.0,291,1408.0,2042,-1.6531135069371394,6.762103024748354,1.2394000666499014,2323.25,-0.08949011446409989,0.04357212953876349,4.034383954154728
2018-10-18,0.24786931818181818,0.20667613636363635,11.100663181460956,0.02556818181818182,14.0,291,1408.0,2043,-1.6493294736190125,6.762103024748354,1.240529800780785,2329.5,-0.08949011446409989,0.04357212953876349,4.034383954154728
2018-10-19,0.24786931818181818,0.20667613636363635,11.104213932149964,0.02556818181818182,14.0,291,1408.0,2044,-1.644811767736181,6.762103024748354,1.2470518173940466,2353.75,-0.08949011446409989,0.04357212953876349,4.034383954154728
2018-10-22,0.24786931818181818,0.20667613636363635,11.107768664574689,0.02556818181818182,14.0,291,1408.0,2047,-1.639359006096543,6.762103024748354,1.2550678893760225,2383.0,-0.08949011446409989,0.04357212953876349,4.034383954154728
2018-10-23,0.24786931818181818,0.20667613636363635,11.111327344379362,0.02556818181818182,14.0,291,1408.0,2048,-1.6334127019717128,6.762103024748354,1.2593371527621449,2399.75,-0.08949011446409989,0.04357212953876349,4.034383954154728
2018-10-24,0.24786931818181818,0.20667613636363635,11.11488993749044,0.02556818181818182,14.0,291,1408.0,2049,-1.6245416546875662,6.762103024748354,1.2815630606980992,2476.5,-0.08949011446409989,0.04357212953876349,4.034383954154728
2018-10-25,0.24786931818181818,0.20667613636363635,11.118456410113893,0.02556818181818182,14.0,291,1408.0,2050,-1.6140475356580957,6.762103024748354,1.2935278174357592,2519.0,-0.08949011446409989,0.04357212953876349,4.034383954154728
2018-10-26,0.24786931818181818,0.20667613636363635,11.122026728732493,0.02556818181818182,14.0,291,1408.0,2051,-1.6042899554899923,6.762103024748354,1.2899310281221292,2509.5,-0.08949011446409989,0.04357212953876349,4.034383954154728
2018-10-29,0.24786931818181818,0.20667613636363635,11.125600860103127,0.02556818181818182,14.0,291,1408.0,2054,-1.5972710106334296,6.762103024748354,1.2710109347429739,2448.75,-0.08949011446409989,0.04357212953876349,4.034383954154728
2018-10-30,0.24786931818181818,0.20667613636363635,11.129178771254198,0.02556818181818182,14.0,291,1408.0,2055,-1.5912871601156924,6.762103024748354,1.2631639398345573,2425.0,-0.08949011446409989,0.04357212953876349,4.034383954154728
2018-10-31,0.24786931818181818,0.20667613636363635,11.13276042948296,0.02556818181818182,14.0,291,1408.0,2056,-1.5837819379549445,6.762103024748354,1.2759437724122806,2470.25,-0.08949011446409989,0.04357212953876349,4.034383954154728
2018-11-01,0.24786931818181818,0.20667613636363635,11.136345802352984,0.02556818181818182,14.0,291,1408.0,2057,-1.5767554756601185,6.762103024748354,1.2728813903810703,2462.5,-0.08949011446409989,0.04357212953876349,4.034383954154728
2018-11-02,0.24786931818181818,0.20667613636363635,11.139934857691577,0.02556818181818182,14.0,291,1408.0,2058,-1.5697454917398055,6.762103024748354,1.2734055641242437,2466.75,-0.08949011446409989,0.04357212953876349,4.034383954154728
2018-11-05,0.24786931818181818,0.20667613636363635,11.143527563587268,0.02556818181818182,14.0,291,1408.0,2061,-1.5632186531153662,6.762103024748354,1.2700481649291806,2458.0,-0.08949011446409989,0.04357212953876349,4.034383954154728
2018-11-06,0.24786931818181818,0.20667613636363635,11.147123888387323,0.02556818181818182,14.0,291,1408.0,2062,-1.5575916997395052,6.762103024748354,1.2627380409561155,2436.0,-0.08949011446409989,0.04357212953876349,4.034383954154728
2018-11-07,0.24786931818181818,0.20667613636363635,11.150723800695259,0.02556818181818182,14.0,291,1408.0,2063,-1.5527485918836692,6.762103024748354,1.2558057964430311,2415.25,-0.08949011446409989,0.04357212953876349,4.034383954154728
2018-11-08,0.24786931818181818,0.20667613636363635,11.154327269368425,0.02556818181818182,14.0,291,1408.0,2064,-1.548776626624919,6.762103024748354,1.2473119513773714,2389.25,-0.08949011446409989,0.04357212953876349,4.034383954154728
2018-11-09,0.24786931818181818,0.20667613636363635,11.157934263515573,0.02556818181818182,14.0,291,1408.0,2065,-1.5446858552173945,6.762103024748354,1.2485910364621093,2396.0,-0.08949011446409989,0.04357212953876349,4.034383954154728
2018-11-12,0.24786931818181818,0.20667613636363635,11.161544752494489,0.02556818181818182,14.0,291,1408.0,2068,-1.5397485312120434,6.762103024748354,1.2571745597067983,2427.25,-0.08949011446409989,0.04357212953876349,4.034383954154728
2018-11-13,0.24786931818181818,0.20667613636363635,11.165158705909628,0.02556818181818182,14.0,291,1408.0,2069,-1.5351297749148012,6.762103024748354,1.2542780452095212,2420.0,-0.08949011446409989,0.04357212953876349,4.034383954154728
2018-11-14,0.24786931818181818,0.20667613636363635,11.168776093609777,0.02556818181818182,14.0,291,1408.0,2070,-1.5292412621173277,6.762103024748354,1.2667293942771305,2464.25,-0.08949011446409989,0.04357212953876349,4.034383954154728
2018-11-15,0.24786931818181818,0.20667613636363635,11.172396885685759,0.02556818181818182,14.0,291,1408.0,2071,-1.5246709779511152,6.762103024748354,1.2543748842676457,2425.25,-0.08949011446409989,0.04357212953876349,4.034383954154728
2018-11-16,0.24786931818181818,0.20667613636363635,11.176021052468153,0.02556818181818182,14.0,291,1408.0,2072,-1.5195510244598096,6.762103024748354,1.260119343730131,2447.0,-0.08949011446409989,0.04357212953876349,4.034383954154728
2018-11-19,0.24786931818181818,0.20667613636363635,11.179648564525031,0.02556818181818182,14.0,291,1408.0,2075,-1.5138999260462178,6.762103024748354,1.2656375865350968,2468.0,-0.08949011446409989,0.04357212953876349,4.034383954154728
2018-11-20,0.24786931818181818,0.20667613636363635,11.183279392659745,0.02556818181818182,14.0,291,1408.0,2076,-1.5082186514853144,6.762103024748354,1.2663911232058567,2473.0,-0.08949011446409989,0.04357212953876349,4.034383954154728
2018-11-21,0.24786931818181818,0.20667613636363635,11.186913507908695,0.02556818181818182,14.0,291,1408.0,2077,-1.5017545721939696,6.762103024748354,1.2742854255768763,2502.0,-0.08949011446409989,0.04357212953876349,4.034383954154728
2018-11-22,0.24786931818181818,0.20667613636363635,11.190550881539174,0.02556818181818182,14.0,291,1408.0,2078,-1.4954414625249801,6.762103024748354,1.2735496948465421,2502.0,-0.08949011446409989,0.04357212953876349,4.034383954154728
2018-11-23,0.24786931818181818,0.20667613636363635,11.194191485047199,0.02556818181818182,14.0,291,1408.0,2079,-1.4892740946466767,6.762103024748354,1.2728148816048608,2502.0,-0.08949011446409989,0.04357212953876349,4.034383954154728
2018-11-26,0.24786931818181818,0.20667613636363635,11.197835290155382,0.02556818181818182,14.0,291,1408.0,2082,-1.4837947543949686,6.762103024748354,1.2666558948860798,2483.75,-0.08949011446409989,0.04357212953876349,4.034383954154728
2018-11-27,0.24786931818181818,0.20667613636363635,11.201482268810825,0.02556818181818182,14.0,291,1408.0,2083,-1.4788681372323247,6.762103024748354,1.2613925769703942,2468.5,-0.08949011446409989,0.04357212953876349,4.034383954154728
2018-11-28,0.24786931818181818,0.20667613636363635,11.205132393183021,0.02556818181818182,14.0,291,1408.0,2084,-1.4747669146047937,6.762103024748354,1.2526420727641445,2441.5,-0.08949011446409989,0.04357212953876349,4.034383954154728
2018-11-29,0.24786931818181818,0.20667613636363635,11.208785635661801,0.02556818181818182,14.0,291,1408.0,2085,-1.4700074069905114,6.762103024748354,1.2601580081445853,2469.25,-0.08949011446409989,0.04357212953876349,4.034383954154728
2018-11-30,0.24786931818181818,0.20667613636363635,11.212441968855295,0.02556818181818182,14.0,291,1408.0,2086,-1.465530461768358,6.762103024748354,1.2573522588420467,2462.25,-0.08949011446409989,0.04357212953876349,4.034383954154728
2018-12-03,0.24786931818181818,0.20667613636363635,11.2161013655879,0.02556818181818182,14.0,291,1408.0,2089,-1.4613609288904572,6.762103024748354,1.254103412520879,2453.75,-0.08949011446409989,0.04357212953876349,4.034383954154728
2018-12-04,0.24786931818181818,0.20667613636363635,11.219763798898295,0.02556818181818182,14.0,291,1408.0,2090,-1.4568451546241197,6.762103024748354,1.258275364162332,2470.25,-0.08949011446409989,0.04357212953876349,4.034383954154728
2018-12-05,0.24786931818181818,0.20667613636363635,11.223429242037472,0.02556818181818182,14.0,291,1408.0,2091,-1.4524177419969957,6.762103024748354,1.2575506217493329,2470.25,-0.08949011446409989,0.04357212953876349,4.034383954154728
2018-12-06,0.24786931818181818,0.20667613636363635,11.227097668466769,0.02556818181818182,14.0,291,1408.0,2092,-1.4492072667663523,6.762103024748354,1.242962603696783,2423.5,-0.08949011446409989,0.04357212953876349,4.034383954154728
2018-12-07,0.24786931818181818,0.20667613636363635,11.230769051855933,0.02556818181818182,14.0,291,1408.0,2093,-1.4458102313109766,6.762103024748354,1.245356725554141,2434.0,-0.08949011446409989,0.04357212953876349,4.034383954154728
2018-12-10,0.24786931818181818,0.20667613636363635,11.234443366081235,0.02556818181818182,14.0,291,1408.0,2096,-1.4426534175617731,6.762103024748354,1.2422667900511555,2426.0,-0.08949011446409989,0.04357212953876349,4.034383954154728
2018-12-11,0.24786931818181818,0.20667613636363635,11.238120585223548,0.02556818181818182,14.0,291,1408.0,2097,-1.4387504310293495,6.762103024748354,1.251771745042773,2460.5,-0.08949011446409989,0.04357212953876349,4.034383954154728
2018-12-12,0.24786931818181818,0.20667613636363635,11.241800683566494,0.02556818181818182,14.0,291,1408.0,2098,-1.4343643545744962,6.762103024748354,1.2577910846567537,2483.25,-0.08949011446409989,0.04357212953876349,4.034383954154728
2018-12-13,0.24786931818181818,0.20667613636363635,11.245483635594598,0.02556818181818182,14.0,291,1408.0,2099,-1.4304851908086105,6.762103024748354,1.2518884611588195,2465.75,-0.08949011446409989,0.04357212953876349,4.034383954154728
2018-12-14,0.24786931818181818,0.20667613636363635,11.24916941599144,0.02556818181818182,14.0,291,1408.0,2100,-1.4263920426558891,6.762103024748354,1.2547227741205882,2477.75,-0.08949011446409989,0.04357212953876349,4.034383954154728
2018-12-17,0.24786931818181818,0.20667613636363635,11.252857999637865,0.02556818181818182,14.0,291,1408.0,2103,-1.4229117770696116,6.762103024748354,1.2471237915392677,2454.5,-0.08949011446409989,0.04357212953876349,4.034383954154728
2018-12-18,0.24786931818181818,0.20667613636363635,11.256549361610169,0.02556818181818182,14.0,291,1408.0,2104,-1.4199577165611403,6.762103024748354,1.2400475183754778,2433.0,-0.08949011446409989,0.04357212953876349,4.034383954154728
2018-12-19,0.24786931818181818,0.20667613636363635,11.260243477178342,0.02556818181818182,14.0,291,1408.0,2105,-1.417134511462656,6.762103024748354,1.238151874996067,2429.0,-0.08949011446409989,0.04357212953876349,4.034383954154728
2018-12-20,0.24786931818181818,0.20667613636363635,11.26394032180432,0.02556818181818182,14.0,291,1408.0,2106,-1.413958145061735,6.762103024748354,1.2430585216634478,2448.0,-0.08949011446409989,0.04357212953876349,4.034383954154728
2018-12-21,0.24786931818181818,0.20667613636363635,11.267639871140226,0.02556818181818182,14.0,291,1408.0,2107,-1.411059037807748,6.762103024748354,1.2391687560527425,2437.25,-0.08949011446409989,0.04357212953876349,4.034383954154728
2018-12-24,0.24786931818181818,0.20667613636363635,11.27134210102668,0.02556818181818182,14.0,291,1408.0,2110,-1.408206152298675,6.762103024748354,1.2384584605960207,2437.25,-0.08949011446409989,0.04357212953876349,4.034383954154728
2018-12-25,0.24786931818181818,0.20667613636363635,11.275046987491079,0.02556818181818182,14.0,291,1408.0,2111,-1.4053983918762942,6.762103024748354,1.2377490410572467,2437.25,-0.08949011446409989,0.04357212953876349,4.034383954154728
2018-12-26,0.24786931818181818,0.20667613636363635,11.278754506745939,0.02556818181818182,14.0,291,1408.0,2112,-1.4041336374105802,6.762103024748354,1.2123801295397532,2353.75,-0.08949011446409989,0.04357212953876349,4.034383954154728
2018-12-27,0.24786931818181818,0.20667613636363635,11.282464635187214,0.02556818181818182,14.0,291,1408.0,2113,-1.4038983324759193,6.762103024748354,1.190421987458866,2281.75,-0.08949011446409989,0.04357212953876349,4.034383954154728
2018-12-28,0.24786931818181818,0.20667613636363635,11.286177349392657,0.02556818181818182,14.0,291,1408.0,2114,-1.4033900121263592,6.762103024748354,1.1960746634089092,2303.25,-0.08949011446409989,0.04357212953876349,4.034383954154728
2018-12-31,0.24786931818181818,0.20667613636363635,11.2898926261202,0.02556818181818182,14.0,291,1408.0,2117,-1.403247815596321,6.762103024748354,1.1868970728516317,2274.5,-0.08949011446409989,0.04357212953876349,4.034383954154728
2019-01-01,0.24786931818181818,0.20667613636363635,11.293610442306326,0.02556818181818182,14.0,291,1408.0,2118,-1.4031069234064715,6.762103024748354,1.1862061738287837,2274.5,-0.08949011446409989,0.04357212953876349,4.034383954154728
2019-01-02,0.24786931818181818,0.20667613636363635,11.297330775064498,0.02556818181818182,14.0,291,1408.0,2119,-1.4032436378363298,6.762103024748354,1.1782174003997683,2249.75,-0.08949011446409989,0.04357212953876349,4.034383954154728
2019-01-03,0.24786931818181818,0.20667613636363635,11.301053601683561,0.02556818181818182,14.0,291,1408.0,2120,-1.4032988799624757,6.762103024748354,1.1797414514446727,2257.25,-0.08949011446409989,0.04357212953876349,4.034383954154728
2019-01-04,0.24786931818181818,0.20667613636363635,11.304778899626196,0.02556818181818182,14.0,291,1408.0,2121,-1.403558594828417,6.762103024748354,1.1732338113468128,2237.5,-0.08949011446409989,0.04357212953876349,4.034383954154728
2019-01-07,0.24786931818181818,0.20667613636363635,11.308506646527373,0.02556818181818182,14.0,291,1408.0,2124,-1.4036522355401326,6.762103024748354,1.1772637470677052,2253.5,-0.08949011446409989,0.04357212953876349,4.034383954154728
2019-01-08,0.24786931818181818,0.20667613636363635,11.312236820192814,0.02556818181818182,14.0,291,1408.0,2125,-1.403688871154976,6.762103024748354,1.1781253335040875,2258.75,-0.08949011446409989,0.04357212953876349,4.034383954154728
2019-01-09,0.24786931818181818,0.20667613636363635,11.315969398597497,0.02556818181818182,14.0,291,1408.0,2126,-1.4035895362654696,6.762103024748354,1.181048106008618,2271.0,-0.08949011446409989,0.04357212953876349,4.034383954154728
2019-01-10,0.24786931818181818,0.20667613636363635,11.319704359884147,0.02556818181818182,14.0,291,1408.0,2127,-1.4035718432169026,6.762103024748354,1.1782292425204903,2263.75,-0.08949011446409989,0.04357212953876349,4.034383954154728
2019-01-11,0.24786931818181818,0.20667613636363635,11.323441682361757,0.02556818181818182,14.0,291,1408.0,2128,-1.4036638362972518,6.762103024748354,1.1745296088235373,2253.5,-0.08949011446409989,0.04357212953876349,4.034383954154728
2019-01-14,0.24786931818181818,0.20667613636363635,11.327181344504124,0.02556818181818182,14.0,291,1408.0,2131,-1.4035602520911648,6.762103024748354,1.1791438619768742,2271.5,-0.08949011446409989,0.04357212953876349,4.034383954154728
2019-01-15,0.24786931818181818,0.20667613636363635,11.330923324948406,0.02556818181818182,14.0,291,1408.0,2132,-1.4035211472993359,6.762103024748354,1.1767705476806611,2265.75,-0.08949011446409989,0.04357212953876349,4.034383954154728
2019-01-16,0.24786931818181818,0.20667613636363635,11.334667602493676,0.02556818181818182,14.0,291,1408.0,2133,-1.403261528721672,6.762103024748354,1.1818233559528963,2285.25,-0.08949011446409989,0.04357212953876349,4.034383954154728
2019-01-17,0.24786931818181818,0.20667613636363635,11.338414156099509,0.02556818181818182,14.0,291,1408.0,2134,-1.4030851495614889,6.762103024748354,1.1790840971077765,2278.25,-0.08949011446409989,0.04357212953876349,4.034383954154728
2019-01-18,0.24786931818181818,0.20667613636363635,11.342162964884567,0.02556818181818182,14.0,291,1408.0,2135,-1.4030214711893367,6.762103024748354,1.175465311041179,2268.25,-0.08949011446409989,0.04357212953876349,4.034383954154728
2019-01-21,0.24786931818181818,0.20667613636363635,11.345914008125213,0.02556818181818182,14.0,291,1408.0,2138,-1.4029583307897209,6.762103024748354,1.1747868084621735,2268.25,-0.08949011446409989,0.04357212953876349,4.034383954154728
2019-01-22,0.24786931818181818,0.20667613636363635,11.349667265254142,0.02556818181818182,14.0,291,1408.0,2139,-1.4032109110575595,6.762103024748354,1.1649314605100292,2237.0,-0.08949011446409989,0.04357212953876349,4.034383954154728
2019-01-23,0.24786931818181818,0.20667613636363635,11.35342271585901,0.02556818181818182,14.0,291,1408.0,2140,-1.4035009187866534,6.762103024748354,1.1630095219185779,2232.75,-0.08949011446409989,0.04357212953876349,4.034383954154728
2019-01-24,0.24786931818181818,0.20667613636363635,11.35718033968107,0.02556818181818182,14.0,291,1408.0,2141,-1.40383830665398,6.762103024748354,1.1607222538756232,2227.25,-0.08949011446409989,0.04357212953876349,4.034383954154728
2019-01-25,0.24786931818181818,0.20667613636363635,11.360940116613872,0.02556818181818182,14.0,291,1408.0,2142,-1.404179907908038,6.762103024748354,1.1598305405040739,2226.5,-0.08949011446409989,0.04357212953876349,4.034383954154728
2019-01-28,0.24786931818181818,0.20667613636363635,11.364702026701906,0.02556818181818182,14.0,291,1408.0,2145,-1.4045963679508482,6.762103024748354,1.1565197178104036,2217.5,-0.08949011446409989,0.04357212953876349,4.034383954154728
2019-01-29,0.24786931818181818,0.20667613636363635,11.368466050139318,0.02556818181818182,14.0,291,1408.0,2146,-1.4049973881365414,6.762103024748354,1.1562904469223514,2219.0,-0.08949011446409989,0.04357212953876349,4.034383954154728
2019-01-30,0.24786931818181818,0.20667613636363635,11.372232167268605,0.02556818181818182,14.0,291,1408.0,2147,-1.4053745072080226,6.762103024748354,1.156354909742504,2221.5,-0.08949011446409989,0.04357212953876349,4.034383954154728
2019-01-31,0.24786931818181818,0.20667613636363635,11.376000358579324,0.02556818181818182,14.0,291,1408.0,2148,-1.4058497204117766,6.762103024748354,1.1520967862038942,2209.25,-0.08949011446409989,0.04357212953876349,4.034383954154728
2019-02-01,0.24786931818181818,0.20667613636363635,11.379770604706849,0.02556818181818182,14.0,291,1408.0,2149,-1.4063724053881632,6.762103024748354,1.1495263209297784,2202.75,-0.08949011446409989,0.04357212953876349,4.034383954154728
2019-02-04,0.24786931818181818,0.20667613636363635,11.383542886431082,0.02556818181818182,14.0,291,1408.0,2152,-1.4069764557664404,6.762103024748354,1.1454932310182078,2191.25,-0.08949011446409989,0.04357212953876349,4.034383954154728
2019-02-05,0.24786931818181818,0.20667613636363635,11.38731718467524,0.02556818181818182,14.0,291,1408.0,2153,-1.4075223866178537,6.762103024748354,1.1470266189666563,2198.75,-0.08949011446409989,0.04357212953876349,4.034383954154728
2019-02-06,0.24786931818181818,0.20667613636363635,11.391093480504603,0.02556818181818182,14.0,291,1408.0,2154,-1.4080978206256523,6.762103024748354,1.1450466538994724,2194.25,-0.08949011446409989,0.04357212953876349,4.034383954154728
2019-02-07,0.24786931818181818,0.20667613636363635,11.39487175512531,0.02556818181818182,14.0,291,1408.0,2155,-1.4088189446849015,6.762103024748354,1.1378736569254566,2172.0,-0.08949011446409989,0.04357212953876349,4.034383954154728
2019-02-08,0.24786931818181818,0.20667613636363635,11.398651989883142,0.02556818181818182,14.0,291,1408.0,2156,-1.409639246366547,6.762103024748354,1.1320218399441975,2154.25,-0.08949011446409989,0.04357212953876349,4.034383954154728
2019-02-11,0.24786931818181818,0.20667613636363635,11.402434166262331,0.02556818181818182,14.0,291,1408.0,2159,-1.4104647439965603,6.762103024748354,1.130853599458887,2152.5,-0.08949011446409989,0.04357212953876349,4.034383954154728
2019-02-12,0.24786931818181818,0.20667613636363635,11.406218265884378,0.02556818181818182,14.0,291,1408.0,2160,-1.411224701206956,6.762103024748354,1.133414533850288,2163.5,-0.08949011446409989,0.04357212953876349,4.034383954154728
2019-02-13,0.24786931818181818,0.20667613636363635,11.410004270506892,0.02556818181818182,14.0,291,1408.0,2161,-1.4118198568182538,6.762103024748354,1.1401398403339327,2188.75,-0.08949011446409989,0.04357212953876349,4.034383954154728
2019-02-14,0.24786931818181818,0.20667613636363635,11.413792162022414,0.02556818181818182,14.0,291,1408.0,2162,-1.4123710639105305,6.762103024748354,1.1411632138513597,2194.5,-0.08949011446409989,0.04357212953876349,4.034383954154728
2019-02-15,0.24786931818181818,0.20667613636363635,11.417581922457282,0.02556818181818182,14.0,291,1408.0,2163,-1.4130098001148967,6.762103024748354,1.1366357215986975,2181.25,-0.08949011446409989,0.04357212953876349,4.034383954154728
2019-02-18,0.24786931818181818,0.20667613636363635,11.421373533970497,0.02556818181818182,14.0,291,1408.0,2166,-1.4136449135251257,6.762103024748354,1.1359810346676413,2181.25,-0.08949011446409989,0.04357212953876349,4.034383954154728
2019-02-19,0.24786931818181818,0.20667613636363635,11.42516697885258,0.02556818181818182,14.0,291,1408.0,2167,-1.414212305169933,6.762103024748354,1.1381008694996133,2190.75,-0.08949011446409989,0.04357212953876349,4.034383954154728
2019-02-20,0.24786931818181818,0.20667613636363635,11.428962239524493,0.02556818181818182,14.0,291,1408.0,2168,-1.4148021048081907,6.762103024748354,1.1363523987944693,2187.0,-0.08949011446409989,0.04357212953876349,4.034383954154728
2019-02-21,0.24786931818181818,0.20667613636363635,11.432759298536492,0.02556818181818182,14.0,291,1408.0,2169,-1.415503293986142,6.762103024748354,1.130447207658349,2169.0,-0.08949011446409989,0.04357212953876349,4.034383954154728
2019-02-22,0.24786931818181818,0.20667613636363635,11.436558138567085,0.02556818181818182,14.0,291,1408.0,2170,-1.4162734278775164,6.762103024748354,1.1260773811001596,2156.25,-0.08949011446409989,0.04357212953876349,4.034383954154728
2019-02-25,0.24786931818181818,0.20667613636363635,11.440358742421909,0.02556818181818182,14.0,291,1408.0,2173,-1.4169978236779823,6.762103024748354,1.1276160282370202,2163.75,-0.08949011446409989,0.04357212953876349,4.034383954154728
2019-02-26,0.24786931818181818,0.20667613636363635,11.444161093032685,0.02556818181818182,14.0,291,1408.0,2174,-1.4176370711462418,6.762103024748354,1.1309034615594007,2177.25,-0.08949011446409989,0.04357212953876349,4.034383954154728
2019-02-27,0.24786931818181818,0.20667613636363635,11.447965173456145,0.02556818181818182,14.0,291,1408.0,2175,-1.4183007817922502,6.762103024748354,1.128943105990614,2172.75,-0.08949011446409989,0.04357212953876349,4.034383954154728
2019-02-28,0.24786931818181818,0.20667613636363635,11.451770966873003,0.02556818181818182,14.0,291,1408.0,2176,-1.4189219215776385,6.762103024748354,1.130116587592472,2179.0,-0.08949011446409989,0.04357212953876349,4.034383954154728
2019-03-01,0.24786931818181818,0.20667613636363635,11.455578456586885,0.02556818181818182,14.0,291,1408.0,2177,-1.4195475803139839,6.762103024748354,1.129105116901808,2177.75,-0.08949011446409989,0.04357212953876349,4.034383954154728
2019-03-04,0.24786931818181818,0.20667613636363635,11.45938762602333,0.02556818181818182,14.0,291,1408.0,2180,-1.4202940545437646,6.762103024748354,1.122270532051505,2156.5,-0.08949011446409989,0.04357212953876349,4.034383954154728
2019-03-05,0.24786931818181818,0.20667613636363635,11.463198458728757,0.02556818181818182,14.0,291,1408.0,2181,-1.4209617266925707,6.762103024748354,1.1254840023693273,2169.75,-0.08949011446409989,0.04357212953876349,4.034383954154728
2019-03-06,0.24786931818181818,0.20667613636363635,11.467010938369457,0.02556818181818182,14.0,291,1408.0,2182,-1.4216607946696578,6.762103024748354,1.1230935642754787,2163.75,-0.08949011446409989,0.04357212953876349,4.034383954154728
2019-03-07,0.24786931818181818,0.20667613636363635,11.470825048730603,0.02556818181818182,14.0,291,1408.0,2183,-1.4224589042954714,6.762103024748354,1.1167770789970382,2144.25,-0.08949011446409989,0.04357212953876349,4.034383954154728
2019-03-08,0.24786931818181818,0.20667613636363635,11.474640773715242,0.02556818181818182,14.0,291,1408.0,2184,-1.4233888209132795,6.762103024748354,1.106610688320124,2111.5,-0.08949011446409989,0.04357212953876349,4.034383954154728
2019-03-11,0.24786931818181818,0.20667613636363635,11.478458097343344,0.02556818181818182,14.0,291,1408.0,2187,-1.4243149822560808,6.762103024748354,1.1059737313090523,2111.5,-0.08949011446409989,0.04357212953876349,4.034383954154728
2019-03-12,0.24786931818181818,0.20667613636363635,11.482277003750806,0.02556818181818182,14.0,291,1408.0,2188,-1.4252532656147126,6.762103024748354,1.1039567338451697,2106.75,-0.08949011446409989,0.04357212953876349,4.034383954154728
2019-03-13,0.24786931818181818,0.20667613636363635,11.486097477188505,0.02556818181818182,14.0,291,1408.0,2189,-1.4261514960844666,6.762103024748354,1.1063731622060142,2117.25,-0.08949011446409989,0.04357212953876349,4.034383954154728
2019-03-14,0.2507183908045977,0.20905172413793102,11.49000380654897,0.03735632183908046,14.0,291,1392.0,2190,-1.4269560845301175,6.762103024748354,1.0966765087539194,2105.25,-0.08949011446409989,0.04357212953876349,3.988538681948424
2019-03-15,0.2507183908045977,0.20905172413793102,11.49391130827873,0.03735632183908046,14.0,291,1392.0,2191,-1.427717578698006,6.762103024748354,1.0987349533675412,2114.5,-0.08949011446409989,0.04357212953876349,3.988538681948424
2019-03-18,0.2507183908045977,0.20905172413793102,11.497819969127232,0.03735632183908046,14.0,291,1392.0,2194,-1.428513413818383,6.762103024748354,1.0955661168540758,2105.75,-0.08949011446409989,0.04357212953876349,3.988538681948424
2019-03-19,0.243205574912892,0.20278745644599303,11.501496510700228,0.0062717770034843206,14.0,291,1435.0,2195,-1.4295410113602431,6.762103024748354,1.1192424320962056,2138.0,-0.08949011446409989,0.04357212953876349,4.111747851002866
2019-03-20,0.243205574912892,0.20278745644599303,11.50517521045894,0.0062717770034843206,14.0,291,1435.0,2196,-1.430507034254677,6.762103024748354,1.123533182633489,2155.0,-0.08949011446409989,0.04357212953876349,4.111747851002866
2019-03-21,0.243205574912892,0.20278745644599303,11.50885604923629,0.0062717770034843206,14.0,291,1435.0,2197,-1.4314689269279615,6.762103024748354,1.1228900234488035,2155.0,-0.08949011446409989,0.04357212953876349,4.111747851002866
2019-03-22,0.25928677563150077,0.2161961367013373,11.512989888974746,0.07280832095096583,14.0,291,1346.0,2198,-1.4318834686285387,6.762103024748354,1.0720488431563386,2088.25,-0.08949011446409989,0.04357212953876349,3.8567335243553007
2019-03-25,0.25928677563150077,0.2161961367013373,11.517123932400173,0.07280832095096583,14.0,291,1346.0,2201,-1.4322686323320934,6.762103024748354,1.0727461291652927,2092.75,-0.08949011446409989,0.04357212953876349,3.8567335243553007
2019-03-26,0.23822525597269625,0.19863481228668942,11.520632630220499,0.0,14.0,291,1465.0,2202,-1.4333707145545436,6.762103024748354,1.1391674728433623,2182.0,-0.08949011446409989,0.04357212953876349,4.197707736389685
2019-03-27,0.24508426966292135,0.20435393258426968,11.524381415510097,0.028792134831460675,14.0,291,1424.0,2203,-1.434236968268014,6.762103024748354,1.1154374162581826,2151.25,-0.08949011446409989,0.04357212953876349,4.080229226361031
2019-03-28,0.24508426966292135,0.20435393258426968,11.528131979357344,0.028792134831460675,14.0,291,1424.0,2204,-1.435110843081123,6.762103024748354,1.11400531552907,2148.5,-0.08949011446409989,0.04357212953876349,4.080229226361031
2019-03-29,0.24508426966292135,0.20435393258426968,11.531884305055499,0.028792134831460675,14.0,291,1424.0,2205,-1.435999895845018,6.762103024748354,1.1119952340420527,2143.75,-0.08949011446409989,0.04357212953876349,4.080229226361031
2019-04-01,0.24508426966292135,0.20435393258426968,11.535638376018277,0.028792134831460675,14.0,291,1424.0,2208,-1.4368743615110962,6.762103024748354,1.11215810733257,2146.5,-0.08949011446409989,0.04357212953876349,4.080229226361031
2019-04-02,0.24508426966292135,0.20435393258426968,11.539394175778847,0.028792134831460675,14.0,291,1424.0,2209,-1.4377308451218964,6.762103024748354,1.1125383575538472,2150.0,-0.08949011446409989,0.04357212953876349,4.080229226361031
2019-04-03,0.24508426966292135,0.20435393258426968,11.543151687988871,0.028792134831460675,14.0,291,1424.0,2210,-1.4386258114384045,6.762103024748354,1.1087955174835222,2139.25,-0.08949011446409989,0.04357212953876349,4.080229226361031
2019-04-04,0.24152249134948098,0.2013840830449827,11.546793860437475,0.01384083044982699,14.0,291,1445.0,2211,-1.439630034550374,6.762103024748354,1.1199373496446396,2155.0,-0.08949011446409989,0.04357212953876349,4.140401146131805
2019-04-05,0.24152249134948098,0.2013840830449827,11.550438234665956,0.01384083044982699,14.0,291,1445.0,2212,-1.4406302469999868,6.762103024748354,1.1192994894183348,2155.0,-0.08949011446409989,0.04357212953876349,4.140401146131805
2019-04-08,0.24152249134948098,0.2013840830449827,11.554084791482813,0.01384083044982699,14.0,291,1445.0,2215,-1.4416512179681857,6.762103024748354,1.116277312450819,2146.75,-0.08949011446409989,0.04357212953876349,4.140401146131805
2019-04-09,0.24152249134948098,0.2013840830449827,11.557733511835819,0.01384083044982699,14.0,291,1445.0,2216,-1.4426825472781273,6.762103024748354,1.114124330403602,2141.5,-0.08949011446409989,0.04357212953876349,4.140401146131805
2019-04-10,0.24152249134948098,0.2013840830449827,11.56138437681082,0.01384083044982699,14.0,291,1445.0,2217,-1.443717046490055,6.762103024748354,1.1126953221904103,2138.75,-0.08949011446409989,0.04357212953876349,4.140401146131805
2019-04-11,0.24152249134948098,0.2013840830449827,11.565037367630609,0.01384083044982699,14.0,291,1445.0,2218,-1.4447726913719594,6.762103024748354,1.108884518166593,2127.75,-0.08949011446409989,0.04357212953876349,4.140401146131805
2019-04-12,0.24152249134948098,0.2013840830449827,11.568692465653761,0.01384083044982699,14.0,291,1445.0,2219,-1.4458320081161085,6.762103024748354,1.1071698688968847,2124.0,-0.08949011446409989,0.04357212953876349,4.140401146131805
2019-04-15,0.24152249134948098,0.2013840830449827,11.572349652373498,0.01384083044982699,14.0,291,1445.0,2222,-1.446882335888248,6.762103024748354,1.1073330455592567,2126.75,-0.08949011446409989,0.04357212953876349,4.140401146131805
2019-04-16,0.24152249134948098,0.2013840830449827,11.576008909416569,0.01384083044982699,14.0,291,1445.0,2223,-1.4479280108443418,6.762103024748354,1.1068471690637938,2127.25,-0.08949011446409989,0.04357212953876349,4.140401146131805
2019-04-17,0.24152249134948098,0.2013840830449827,11.57967021854213,0.01384083044982699,14.0,291,1445.0,2224,-1.4489883160265111,6.762103024748354,1.1033325350242236,2117.25,-0.08949011446409989,0.04357212953876349,4.140401146131805
2019-04-18,0.24152249134948098,0.2013840830449827,11.583333561640652,0.01384083044982699,14.0,291,1445.0,2225,-1.4500497888792858,6.762103024748354,1.1018393550692696,2114.25,-0.08949011446409989,0.04357212953876349,4.140401146131805
2019-04-19,0.24152249134948098,0.2013840830449827,11.586998920732817,0.01384083044982699,14.0,291,1445.0,2226,-1.451107805479581,6.762103024748354,1.1012124772636158,2114.25,-0.08949011446409989,0.04357212953876349,4.140401146131805
2019-04-22,0.24152249134948098,0.2013840830449827,11.590666277968438,0.01384083044982699,14.0,291,1445.0,2229,-1.4521703495682674,6.762103024748354,1.0989288109616981,2108.5,-0.08949011446409989,0.04357212953876349,4.140401146131805
2019-04-23,0.24152249134948098,0.2013840830449827,11.594335615625402,0.01384083044982699,14.0,291,1445.0,2230,-1.4532262287106152,6.762103024748354,1.0990243699470486,2111.0,-0.08949011446409989,0.04357212953876349,4.140401146131805
2019-04-24,0.24152249134948098,0.2013840830449827,11.59800691610859,0.01384083044982699,14.0,291,1445.0,2231,-1.454250231609232,6.762103024748354,1.1031536802334598,2127.5,-0.08949011446409989,0.04357212953876349,4.140401146131805
2019-04-25,0.24152249134948098,0.2013840830449827,11.60168016194884,0.01384083044982699,14.0,291,1445.0,2232,-1.4552381675986852,6.762103024748354,1.106488946954047,2141.25,-0.08949011446409989,0.04357212953876349,4.140401146131805
2019-04-26,0.24152249134948098,0.2013840830449827,11.605355335801905,0.01384083044982699,14.0,291,1445.0,2233,-1.4562576530629427,6.762103024748354,1.1015445322202715,2126.25,-0.08949011446409989,0.04357212953876349,4.140401146131805
2019-04-29,0.24152249134948098,0.2013840830449827,11.609032420447413,0.01384083044982699,14.0,291,1445.0,2236,-1.4572662873080722,6.762103024748354,1.1019286215626667,2129.75,-0.08949011446409989,0.04357212953876349,4.140401146131805
2019-04-30,0.24152249134948098,0.2013840830449827,11.612711398787862,0.01384083044982699,14.0,291,1445.0,2237,-1.4582866446781142,6.762103024748354,1.0991474054798713,2122.25,-0.08949011446409989,0.04357212953876349,4.140401146131805
2019-05-01,0.24152249134948098,0.2013840830449827,11.616392253847605,0.01384083044982699,14.0,291,1445.0,2238,-1.4591777388780447,6.762103024748354,1.1113998176363105,2167.0,-0.08949011446409989,0.04357212953876349,4.140401146131805
2019-05-02,0.24152249134948098,0.2013840830449827,11.620074968771842,0.01384083044982699,14.0,291,1445.0,2239,-1.4600595312553628,6.762103024748354,1.1112066796088582,2168.5,-0.08949011446409989,0.04357212953876349,4.140401146131805
2019-05-03,0.24152249134948098,0.2013840830449827,11.623759526825637,0.01384083044982699,14.0,291,1445.0,2240,-1.460970331684023,6.762103024748354,1.1079950569996684,2159.5,-0.08949011446409989,0.04357212953876349,4.140401146131805
2019-05-06,0.24152249134948098,0.2013840830449827,11.62744591139293,0.01384083044982699,14.0,291,1445.0,2243,-1.461877556593177,6.762103024748354,1.1073726109106934,2159.5,-0.08949011446409989,0.04357212953876349,4.140401146131805
2019-05-07,0.24152249134948098,0.2013840830449827,11.631134105975583,0.01384083044982699,14.0,291,1445.0,2244,-1.4629016579210332,6.762103024748354,1.0922394074329023,2109.0,-0.08949011446409989,0.04357212953876349,4.140401146131805
2019-05-08,0.24152249134948098,0.2013840830449827,11.634824094192384,0.01384083044982699,14.0,291,1445.0,2245,-1.463813686228859,6.762103024748354,1.1051244697793006,2156.0,-0.08949011446409989,0.04357212953876349,4.140401146131805
2019-05-09,0.24152249134948098,0.2013840830449827,11.638515859778131,0.01384083044982699,14.0,291,1445.0,2246,-1.4647311232495746,6.762103024748354,1.1037147430219678,2153.25,-0.08949011446409989,0.04357212953876349,4.140401146131805
2019-05-10,0.24152249134948098,0.2013840830449827,11.642209386582662,0.01384083044982699,14.0,291,1445.0,2247,-1.4655340768049125,6.762103024748354,1.11149368449995,2182.5,-0.08949011446409989,0.04357212953876349,4.140401146131805
2019-05-13,0.24152249134948098,0.2013840830449827,11.645904658569926,0.01384083044982699,14.0,291,1445.0,2250,-1.466339046220817,6.762103024748354,1.1105142309371243,2181.25,-0.08949011446409989,0.04357212953876349,4.140401146131805
2019-05-14,0.24152249134948098,0.2013840830449827,11.649601659817069,0.01384083044982699,14.0,291,1445.0,2251,-1.4670229295168056,6.762103024748354,1.1168527877113714,2205.5,-0.08949011446409989,0.04357212953876349,4.140401146131805
2019-05-15,0.24152249134948098,0.2013840830449827,11.653300374513496,0.01384083044982699,14.0,291,1445.0,2252,-1.467630545280037,6.762103024748354,1.119960887677497,2218.5,-0.08949011446409989,0.04357212953876349,4.140401146131805
2019-05-16,0.24152249134948098,0.2013840830449827,11.657000786959976,0.01384083044982699,14.0,291,1445.0,2253,-1.4681929723020144,6.762103024748354,1.1213469016239554,2225.5,-0.08949011446409989,0.04357212953876349,4.140401146131805
2019-05-17,0.24152249134948098,0.2013840830449827,11.66070288156774,0.01384083044982699,14.0,291,1445.0,2254,-1.4686435802015274,6.762103024748354,1.1255277916588362,2242.25,-0.08949011446409989,0.04357212953876349,4.140401146131805
2019-05-20,0.24152249134948098,0.2013840830449827,11.664406642857582,0.01384083044982699,14.0,291,1445.0,2257,-1.4690848770863207,6.762103024748354,1.1251924694911408,2243.25,-0.08949011446409989,0.04357212953876349,4.140401146131805
2019-05-21,0.24152249134948098,0.2013840830449827,11.668112055458987,0.01384083044982699,14.0,291,1445.0,2258,-1.4694959851501643,6.762103024748354,1.1257173093969663,2247.25,-0.08949011446409989,0.04357212953876349,4.140401146131805
2019-05-22,0.24152249134948098,0.2013840830449827,11.671819104109252,0.01384083044982699,14.0,291,1445.0,2259,-1.4697738840974721,6.762103024748354,1.1301809183962868,2265.0,-0.08949011446409989,0.04357212953876349,4.140401146131805
2019-05-23,0.24152249134948098,0.2013840830449827,11.675527773652604,0.01384083044982699,14.0,291,1445.0,2260,-1.470026795433587,6.762103024748354,1.1304183999517694,2268.0,-0.08949011446409989,0.04357212953876349,4.140401146131805
2019-05-24,0.24152249134948098,0.2013840830449827,11.679238049039375,0.01384083044982699,14.0,291,1445.0,2261,-1.4701730532077681,6.762103024748354,1.1335189828029468,2281.0,-0.08949011446409989,0.04357212953876349,4.140401146131805
2019-05-27,0.24152249134948098,0.2013840830449827,11.68294991532511,0.01384083044982699,14.0,291,1445.0,2264,-1.4703183986494226,6.762103024748354,1.1328974947422898,2281.0,-0.08949011446409989,0.04357212953876349,4.140401146131805
2019-05-28,0.24152249134948098,0.2013840830449827,11.686663357669762,0.01384083044982699,14.0,291,1445.0,2265,-1.4703292423784142,6.762103024748354,1.1367116364363004,2296.5,-0.08949011446409989,0.04357212953876349,4.140401146131805
2019-05-29,0.24152249134948098,0.2013840830449827,11.690378361336832,0.01384083044982699,14.0,291,1445.0,2266,-1.4704291596498151,6.762103024748354,1.13315840180183,2286.25,-0.08949011446409989,0.04357212953876349,4.140401146131805
2019-05-30,0.24152249134948098,0.2013840830449827,11.694094911692558,0.01384083044982699,14.0,291,1445.0,2267,-1.4705887514495797,6.762103024748354,1.1304654430428904,2279.0,-0.08949011446409989,0.04357212953876349,4.140401146131805
2019-05-31,0.24152249134948098,0.2013840830449827,11.69781299420508,0.01384083044982699,14.0,291,1445.0,2268,-1.470659589940714,6.762103024748354,1.1328487169366896,2289.5,-0.08949011446409989,0.04357212953876349,4.140401146131805
2019-06-03,0.24152249134948098,0.2013840830449827,11.701532594443648,0.01384083044982699,14.0,291,1445.0,2271,-1.4709310449338642,6.762103024748354,1.1250852366133146,2264.5,-0.08949011446409989,0.04357212953876349,4.140401146131805
2019-06-04,0.24152249134948098,0.2013840830449827,11.705253698077806,0.01384083044982699,14.0,291,1445.0,2272,-1.471319579891341,6.762103024748354,1.1197551271895079,2248.0,-0.08949011446409989,0.04357212953876349,4.140401146131805
2019-06-05,0.24152249134948098,0.2013840830449827,11.708976290876585,0.01384083044982699,14.0,291,1445.0,2273,-1.4717852764539163,6.762103024748354,1.1157137721382913,2236.0,-0.08949011446409989,0.04357212953876349,4.140401146131805
2019-06-06,0.24152249134948098,0.2013840830449827,11.712700358707744,0.01384083044982699,14.0,291,1445.0,2274,-1.4722406211430412,6.762103024748354,1.1154586390194614,2237.25,-0.08949011446409989,0.04357212953876349,4.140401146131805
2019-06-07,0.24152249134948098,0.2013840830449827,11.716425887536953,0.01384083044982699,14.0,291,1445.0,2275,-1.472603719942238,6.762103024748354,1.1187010150147176,2250.75,-0.08949011446409989,0.04357212953876349,4.140401146131805
2019-06-10,0.24152249134948098,0.2013840830449827,11.720152863427057,0.01384083044982699,14.0,291,1445.0,2278,-1.4729208627041723,6.762103024748354,1.1198728365229447,2257.0,-0.08949011446409989,0.04357212953876349,4.140401146131805
2019-06-11,0.24068965517241378,0.2006896551724138,11.723855353050348,0.010344827586206896,14.0,291,1450.0,2279,-1.4732720238382984,6.762103024748354,1.1219758015050454,2260.75,-0.08949011446409989,0.04357212953876349,4.154727793696275
2019-06-12,0.23757658270932608,0.1980939414567733,11.727458090359105,0.0,14.0,291,1469.0,2280,-1.4737547198329635,6.762103024748354,1.1316718476473024,2275.0,-0.08949011446409989,0.04357212953876349,4.2091690544412605
2019-06-13,0.23757658270932608,0.1980939414567733,11.731062772279593,0.0,14.0,291,1469.0,2281,-1.4743449857146522,6.762103024748354,1.1259917500669125,2257.25,-0.08949011446409989,0.04357212953876349,4.2091690544412605
2019-06-14,0.23757658270932608,0.1980939414567733,11.734669382109036,0.0,14.0,291,1469.0,2282,-1.4748272237217095,6.762103024748354,1.1302211831483369,2274.25,-0.08949011446409989,0.04357212953876349,4.2091690544412605
2019-06-17,0.23757658270932608,0.1980939414567733,11.738277903261206,0.0,14.0,291,1469.0,2285,-1.4752329389431342,6.762103024748354,1.132738678971161,2285.25,-0.08949011446409989,0.04357212953876349,4.2091690544412605
2019-06-18,0.23757658270932608,0.1980939414567733,11.741888319265541,0.0,14.0,291,1469.0,2286,-1.4755670039173319,6.762103024748354,1.1348989764176536,2295.0,-0.08949011446409989,0.04357212953876349,4.2091690544412605
2019-06-19,0.23757658270932608,0.1980939414567733,11.74550061376616,0.0,14.0,291,1469.0,2287,-1.475913665647452,6.762103024748354,1.1337117790668043,2293.0,-0.08949011446409989,0.04357212953876349,4.2091690544412605
2019-06-20,0.23757658270932608,0.1980939414567733,11.749114770520974,0.0,14.0,291,1469.0,2288,-1.4763300829775416,6.762103024748354,1.130176528877836,2282.75,-0.08949011446409989,0.04357212953876349,4.2091690544412605
2019-06-21,0.24875267284390593,0.2074126870990734,11.753057041761808,0.047042052744119746,14.0,291,1403.0,2289,-1.4762629783365309,6.762103024748354,1.0939159266628944,2233.25,-0.08949011446409989,0.04357212953876349,4.020057306590258
2019-06-24,0.2494639027877055,0.20800571837026446,11.757017738126008,0.05003573981415296,14.0,291,1399.0,2292,-1.4761659100825855,6.762103024748354,1.0911658801568316,2230.25,-0.08949011446409989,0.04357212953876349,4.008595988538682
2019-06-25,0.2505384063173008,0.2089016511127064,11.761005299310321,0.054558506819813356,14.0,291,1393.0,2293,-1.4760237380882946,6.762103024748354,1.0873405794458426,2225.75,-0.08949011446409989,0.04357212953876349,3.991404011461318
2019-06-26,0.2505384063173008,0.2089016511127064,11.764993187830818,0.054558506819813356,14.0,291,1393.0,2294,-1.4758823891705344,6.762103024748354,1.0867543283350027,2225.75,-0.08949011446409989,0.04357212953876349,3.991404011461318
2019-06-27,0.2505384063173008,0.2089016511127064,11.76898139615594,0.054558506819813356,14.0,291,1393.0,2295,-1.4756840566131655,6.762103024748354,1.0880879976698545,2232.5,-0.08949011446409989,0.04357212953876349,3.991404011461318
2019-06-28,0.2366101694915254,0.19728813559322034,11.772570243218011,0.0,14.0,291,1475.0,2296,-1.4760900568572943,6.762103024748354,1.1316448982320921,2294.0,-0.08949011446409989,0.04357212953876349,4.226361031518625
2019-07-01,0.2366101694915254,0.19728813559322034,11.77616099455537,0.0,14.0,291,1475.0,2299,-1.476528919521416,6.762103024748354,1.1295394342665308,2288.75,-0.08949011446409989,0.04357212953876349,4.226361031518625
2019-07-02,0.2366101694915254,0.19728813559322034,11.779753633914218,0.0,14.0,291,1475.0,2300,-1.4770714867333656,6.762103024748354,1.12409745372932,2271.75,-0.08949011446409989,0.04357212953876349,4.226361031518625
2019-07-03,0.2366101694915254,0.19728813559322034,11.783348145153168,0.0,14.0,291,1475.0,2301,-1.477611360184824,6.762103024748354,1.123487092737285,2271.75,-0.08949011446409989,0.04357212953876349,4.226361031518625
2019-07-04,0.2366101694915254,0.19728813559322034,11.786944512242366,0.0,14.0,291,1475.0,2302,-1.4781485598872588,6.762103024748354,1.1228774321718973,2271.75,-0.08949011446409989,0.04357212953876349,4.226361031518625
2019-07-05,0.23953328757721346,0.1997254632807138,11.790636907831649,0.012354152367879203,14.0,291,1457.0,2303,-1.478566416854346,6.762103024748354,1.1126101897994398,2258.25,-0.08949011446409989,0.04357212953876349,4.174785100286533
2019-07-08,0.23904109589041095,0.19931506849315067,11.794315358017936,0.010273972602739725,14.0,291,1460.0,2306,-1.479001779839073,6.762103024748354,1.1136168709041376,2260.5,-0.08949011446409989,0.04357212953876349,4.1833810888252145
2019-07-09,0.23904109589041095,0.19931506849315067,11.797995288575656,0.010273972602739725,14.0,291,1460.0,2307,-1.479522216581414,6.762103024748354,1.1088301315155271,2245.75,-0.08949011446409989,0.04357212953876349,4.1833810888252145
2019-07-10,0.23904109589041095,0.19931506849315067,11.801676685804003,0.010273972602739725,14.0,291,1460.0,2308,-1.4800945323912569,6.762103024748354,1.1053935900924157,2235.75,-0.08949011446409989,0.04357212953876349,4.1833810888252145
2019-07-11,0.23158593231585933,0.1930988719309887,11.80510502171644,0.0,14.0,291,1507.0,2309,-1.4809328550301526,6.762103024748354,1.1299480200359135,2271.0,-0.08949011446409989,0.04357212953876349,4.318051575931232
2019-07-12,0.23158593231585933,0.1930988719309887,11.808535886146137,0.0,14.0,291,1507.0,2310,-1.4818213829782398,6.762103024748354,1.1254360289441843,2257.25,-0.08949011446409989,0.04357212953876349,4.318051575931232
2019-07-15,0.23158593231585933,0.1930988719309887,11.811969259258227,0.0,14.0,291,1507.0,2313,-1.4827197478955334,6.762103024748354,1.1237606150903239,2253.5,-0.08949011446409989,0.04357212953876349,4.318051575931232
2019-07-16,0.23251165889407063,0.1938707528314457,11.815438967487895,0.003997335109926716,14.0,291,1501.0,2314,-1.4835838833478603,6.762103024748354,1.1199439940086613,2249.0,-0.08949011446409989,0.04357212953876349,4.300859598853868
2019-07-17,0.24542897327707455,0.20464135021097046,11.819312663161478,0.05977496483825598,14.0,291,1422.0,2315,-1.4840117366313914,6.762103024748354,1.0771653008060924,2189.75,-0.08949011446409989,0.04357212953876349,4.074498567335244
2019-07-18,0.24542897327707455,0.20464135021097046,11.8231870146228,0.05977496483825598,14.0,291,1422.0,2316,-1.4844873484309233,6.762103024748354,1.0738945694607438,2180.25,-0.08949011446409989,0.04357212953876349,4.074498567335244
2019-07-19,0.24542897327707455,0.20464135021097046,11.827062012807328,0.05977496483825598,14.0,291,1422.0,2317,-1.4848627905432346,6.762103024748354,1.0784805375404571,2198.5,-0.08949011446409989,0.04357212953876349,4.074498567335244
2019-07-22,0.24542897327707455,0.20464135021097046,11.830937648711332,0.05977496483825598,14.0,291,1422.0,2320,-1.4852293856749685,6.762103024748354,1.0782538297678317,2199.75,-0.08949011446409989,0.04357212953876349,4.074498567335244
2019-07-23,0.24542897327707455,0.20464135021097046,11.83481391339144,0.05977496483825598,14.0,291,1422.0,2321,-1.4856459767854577,6.762103024748354,1.075057285152951,2190.5,-0.08949011446409989,0.04357212953876349,4.074498567335244
2019-07-24,0.24542897327707455,0.20464135021097046,11.838690797964183,0.05977496483825598,14.0,291,1422.0,2322,-1.4860715049029682,6.762103024748354,1.0739132191338072,2188.5,-0.08949011446409989,0.04357212953876349,4.074498567335244
2019-07-25,0.2491077801570307,0.20770877944325483,11.842660537169364,0.07566024268379729,14.0,291,1401.0,2323,-1.4863729775878882,6.762103024748354,1.0621692878383764,2172.75,-0.08949011446409989,0.04357212953876349,4.01432664756447
2019-07-26,0.2491077801570307,0.20770877944325483,11.846630536523172,0.07566024268379729,14.0,291,1401.0,2324,-1.4866257695589653,6.762103024748354,1.063860667819484,2180.75,-0.08949011446409989,0.04357212953876349,4.01432664756447
2019-07-29,0.2491077801570307,0.20770877944325483,11.850600789088922,0.07566024268379729,14.0,291,1401.0,2327,-1.4868894844900908,6.762103024748354,1.062725759280549,2178.75,-0.08949011446409989,0.04357212953876349,4.01432664756447
2019-07-30,0.2491077801570307,0.20770877944325483,11.854571287976514,0.07566024268379729,14.0,291,1401.0,2328,-1.4871565082029594,6.762103024748354,1.0619449228981725,2178.0,-0.08949011446409989,0.04357212953876349,4.01432664756447
2019-07-31,0.2491077801570307,0.20770877944325483,11.85854202634208,0.07566024268379729,14.0,291,1401.0,2329,-1.4870667297525042,6.762103024748354,1.0759205692112181,2229.5,-0.08949011446409989,0.04357212953876349,4.01432664756447
2019-08-01,0.2491077801570307,0.20770877944325483,11.862512997387675,0.07566024268379729,14.0,291,1401.0,2330,-1.4868825950196969,6.762103024748354,1.0786661732313907,2241.25,-0.08949011446409989,0.04357212953876349,4.01432664756447
2019-08-02,0.2491077801570307,0.20770877944325483,11.866484194360924,0.07566024268379729,14.0,291,1401.0,2331,-1.4866428411741588,6.762103024748354,1.0799993155602632,2248.0,-0.08949011446409989,0.04357212953876349,4.01432664756447
2019-08-05,0.2491077801570307,0.20770877944325483,11.870455610554709,0.07566024268379729,14.0,291,1401.0,2334,-1.4866145169396026,6.762103024748354,1.0720205140687438,2221.75,-0.08949011446409989,0.04357212953876349,4.01432664756447
2019-08-06,0.2491077801570307,0.20770877944325483,11.874427239306824,0.07566024268379729,14.0,291,1401.0,2335,-1.4866324433335436,6.762103024748354,1.0696882832239145,2215.5,-0.08949011446409989,0.04357212953876349,4.01432664756447
2019-08-07,0.2491077801570307,0.20770877944325483,11.878399073999683,0.07566024268379729,14.0,291,1401.0,2336,-1.4866484679140521,6.762103024748354,1.069190738718755,2215.75,-0.08949011446409989,0.04357212953876349,4.01432664756447
2019-08-08,0.2491077801570307,0.20770877944325483,11.88237110805997,0.07566024268379729,14.0,291,1401.0,2337,-1.4868554916342402,6.762103024748354,1.0605883524746391,2187.25,-0.08949011446409989,0.04357212953876349,4.01432664756447
2019-08-09,0.2491077801570307,0.20770877944325483,11.886343334958335,0.07566024268379729,14.0,291,1401.0,2338,-1.4869100224475247,6.762103024748354,1.0665063534921941,2210.25,-0.08949011446409989,0.04357212953876349,4.01432664756447
2019-08-12,0.2491077801570307,0.20770877944325483,11.890315748209076,0.07566024268379729,14.0,291,1401.0,2341,-1.4870190993695023,6.762103024748354,1.0636864822087493,2202.25,-0.08949011446409989,0.04357212953876349,4.01432664756447
2019-08-13,0.2491077801570307,0.20770877944325483,11.894288341369823,0.07566024268379729,14.0,291,1401.0,2342,-1.4870903139823874,6.762103024748354,1.0646713334399704,2207.75,-0.08949011446409989,0.04357212953876349,4.01432664756447
2019-08-14,0.2491077801570307,0.20770877944325483,11.898261108041243,0.07566024268379729,14.0,291,1401.0,2343,-1.4870978085713007,6.762103024748354,1.066641584126436,2216.75,-0.08949011446409989,0.04357212953876349,4.01432664756447
2019-08-15,0.2491077801570307,0.20770877944325483,11.902234041866706,0.07566024268379729,14.0,291,1401.0,2344,-1.4871319692720393,6.762103024748354,1.0650215140513648,2213.0,-0.08949011446409989,0.04357212953876349,4.01432664756447
2019-08-16,0.2491077801570307,0.20770877944325483,11.90620713653201,0.07566024268379729,14.0,291,1401.0,2345,-1.487158909452758,6.762103024748354,1.0647395693041009,2214.0,-0.08949011446409989,0.04357212953876349,4.01432664756447
2019-08-19,0.2491077801570307,0.20770877944325483,11.910180385765061,0.07566024268379729,14.0,291,1401.0,2348,-1.4871427299224638,6.762103024748354,1.0658649630590844,2220.0,-0.08949011446409989,0.04357212953876349,4.01432664756447
2019-08-20,0.2491077801570307,0.20770877944325483,11.914153783335568,0.07566024268379729,14.0,291,1401.0,2349,-1.4869338000114407,6.762103024748354,1.0723346224575838,2245.0,-0.08949011446409989,0.04357212953876349,4.01432664756447
2019-08-21,0.2491077801570307,0.20770877944325483,11.918127323054764,0.07566024268379729,14.0,291,1401.0,2350,-1.4867821423861598,6.762103024748354,1.0698020810233742,2238.0,-0.08949011446409989,0.04357212953876349,4.01432664756447
2019-08-22,0.2491077801570307,0.20770877944325483,11.922100998775095,0.07566024268379729,14.0,291,1401.0,2351,-1.4865854518812556,6.762103024748354,1.0708557572593278,2243.75,-0.08949011446409989,0.04357212953876349,4.01432664756447
2019-08-23,0.2491077801570307,0.20770877944325483,11.92607480438994,0.07566024268379729,14.0,291,1401.0,2352,-1.4863552766340455,6.762103024748354,1.0714875677938698,2248.0,-0.08949011446409989,0.04357212953876349,4.01432664756447
2019-08-26,0.2491077801570307,0.20770877944325483,11.9300487338333,0.07566024268379729,14.0,291,1401.0,2355,-1.4863286767340642,6.762103024748354,1.0635495113959719,2221.75,-0.08949011446409989,0.04357212953876349,4.01432664756447
2019-08-27,0.2491077801570307,0.20770877944325483,11.934022781079541,0.07566024268379729,14.0,291,1401.0,2356,-1.486278575073732,6.762103024748354,1.0639027418934888,2225.0,-0.08949011446409989,0.04357212953876349,4.01432664756447
2019-08-28,0.2491077801570307,0.20770877944325483,11.93799694014308,0.07566024268379729,14.0,291,1401.0,2357,-1.4862450853071665,6.762103024748354,1.062711573852657,2222.75,-0.08949011446409989,0.04357212953876349,4.01432664756447
2019-08-29,0.2491077801570307,0.20770877944325483,11.941971205078119,0.07566024268379729,14.0,291,1401.0,2358,-1.4862665754244613,6.762103024748354,1.0599773074507204,2215.0,-0.08949011446409989,0.04357212953876349,4.01432664756447
2019-08-30,0.2491077801570307,0.20770877944325483,11.945945569978356,0.07566024268379729,14.0,291,1401.0,2359,-1.4863780563807922,6.762103024748354,1.0556310758157936,2201.5,-0.08949011446409989,0.04357212953876349,4.01432664756447
2019-09-02,0.2491077801570307,0.20770877944325483,11.949920028976711,0.07566024268379729,14.0,291,1401.0,2362,-1.4864890303703429,6.762103024748354,1.0550754698403384,2201.5,-0.08949011446409989,0.04357212953876349,4.01432664756447
2019-09-03,0.2491077801570307,0.20770877944325483,11.95389457624504,0.07566024268379729,14.0,291,1401.0,2363,-1.486618549723188,6.762103024748354,1.0536789681141696,2198.5,-0.08949011446409989,0.04357212953876349,4.01432664756447
2019-09-04,0.2491077801570307,0.20770877944325483,11.957869205993877,0.07566024268379729,14.0,291,1401.0,2364,-1.4867443437671817,6.762103024748354,1.0532650481307075,2199.0,-0.08949011446409989,0.04357212953876349,4.01432664756447
2019-09-05,0.2491077801570307,0.20770877944325483,11.961843912472151,0.07566024268379729,14.0,291,1401.0,2365,-1.4868312043689538,6.762103024748354,1.0543935782145009,2205.0,-0.08949011446409989,0.04357212953876349,4.01432664756447
2019-09-06,0.2491077801570307,0.20770877944325483,11.965818689966913,0.07566024268379729,14.0,291,1401.0,2366,-1.4867825583056078,6.762103024748354,1.059375480650662,2224.75,-0.08949011446409989,0.04357212953876349,4.01432664756447
2019-09-09,0.2491077801570307,0.20770877944325483,11.96979353280308,0.07566024268379729,14.0,291,1401.0,2369,-1.4868327831206292,6.762103024748354,1.0548284180760648,2210.5,-0.08949011446409989,0.04357212953876349,4.01432664756447
2019-09-10,0.2491077801570307,0.20770877944325483,11.973768435343157,0.07566024268379729,14.0,291,1401.0,2370,-1.487141026234926,6.762103024748354,1.0419508736749277,2166.5,-0.08949011446409989,0.04357212953876349,4.01432664756447
2019-09-11,0.2491077801570307,0.20770877944325483,11.977743391986989,0.07566024268379729,14.0,291,1401.0,2371,-1.4875270171622113,6.762103024748354,1.036781769184203,2150.0,-0.08949011446409989,0.04357212953876349,4.01432664756447
2019-09-12,0.2491077801570307,0.20770877944325483,11.98171839717148,0.07566024268379729,14.0,291,1401.0,2372,-1.4877950455758127,6.762103024748354,1.0428840589045576,2173.75,-0.08949011446409989,0.04357212953876349,4.01432664756447
2019-09-13,0.2475177304964539,0.20638297872340425,11.985656984161551,0.06879432624113475,14.0,291,1410.0,2373,-1.4881105408854567,6.762103024748354,1.0470130406771965,2180.5,-0.08949011446409989,0.04357212953876349,4.040114613180516
2019-09-16,0.2475177304964539,0.20638297872340425,11.989595735243409,0.06879432624113475,14.0,291,1410.0,2376,-1.4884561437087518,6.762103024748354,1.0447140580879586,2174.25,-0.08949011446409989,0.04357212953876349,4.040114613180516
2019-09-17,0.2475177304964539,0.20638297872340425,11.993534644347426,0.06879432624113475,14.0,291,1410.0,2377,-1.4888913042194825,6.762103024748354,1.0385705107613235,2154.25,-0.08949011446409989,0.04357212953876349,4.040114613180516
2019-09-18,0.22516129032258064,0.18774193548387097,11.996780415674012,0.0,14.0,291,1550.0,2378,-1.4899146897022186,6.762103024748354,1.1106374834914077,2259.25,-0.08949011446409989,0.04357212953876349,4.441260744985673
2019-09-19,0.22516129032258064,0.18774193548387097,12.000029085862543,0.0,14.0,291,1550.0,2379,-1.4909211876454664,6.762103024748354,1.1127012448815141,2268.75,-0.08949011446409989,0.04357212953876349,4.441260744985673
2019-09-20,0.22516129032258064,0.18774193548387097,12.003280633776976,0.0,14.0,291,1550.0,2380,-1.4918945267245396,6.762103024748354,1.116510969610156,2284.5,-0.08949011446409989,0.04357212953876349,4.441260744985673
2019-09-23,0.22516129032258064,0.18774193548387097,12.006535038426414,0.0,14.0,291,1550.0,2383,-1.4928229908530513,6.762103024748354,1.1205983033946882,2301.25,-0.08949011446409989,0.04357212953876349,4.441260744985673
2019-09-24,0.22516129032258064,0.18774193548387097,12.00979227896394,0.0,14.0,291,1550.0,2384,-1.49378754411286,6.762103024748354,1.1156054711206316,2285.5,-0.08949011446409989,0.04357212953876349,4.441260744985673
2019-09-25,0.22516129032258064,0.18774193548387097,12.013052334685456,0.0,14.0,291,1550.0,2385,-1.4947354570562335,6.762103024748354,1.116619665868243,2291.25,-0.08949011446409989,0.04357212953876349,4.441260744985673
2019-09-26,0.22516129032258064,0.18774193548387097,12.016315185028528,0.0,14.0,291,1550.0,2386,-1.495653297949759,6.762103024748354,1.1188899040657834,2301.5,-0.08949011446409989,0.04357212953876349,4.441260744985673
2019-09-27,0.22516129032258064,0.18774193548387097,12.019580809571247,0.0,14.0,291,1550.0,2387,-1.4966376176834366,6.762103024748354,1.1096465038270142,2270.5,-0.08949011446409989,0.04357212953876349,4.441260744985673
2019-09-30,0.22516129032258064,0.18774193548387097,12.022849188031103,0.0,14.0,291,1550.0,2390,-1.4976295619296158,6.762103024748354,1.1071747717512972,2263.75,-0.08949011446409989,0.04357212953876349,4.441260744985673
2019-10-01,0.22516129032258064,0.18774193548387097,12.026120300263855,0.0,14.0,291,1550.0,2391,-1.4985867913572672,6.762103024748354,1.1115387756035262,2281.5,-0.08949011446409989,0.04357212953876349,4.441260744985673
2019-10-02,0.22516129032258064,0.18774193548387097,12.029394126262437,0.0,14.0,291,1550.0,2392,-1.4995392948216553,6.762103024748354,1.1111600130799282,2282.25,-0.08949011446409989,0.04357212953876349,4.441260744985673
2019-10-03,0.22516129032258064,0.18774193548387097,12.032670646155852,0.0,14.0,291,1550.0,2393,-1.5005249648561867,6.762103024748354,1.1048576161153745,2261.75,-0.08949011446409989,0.04357212953876349,4.441260744985673
2019-10-04,0.22516129032258064,0.18774193548387097,12.035949840208081,0.0,14.0,291,1550.0,2394,-1.501518408324228,6.762103024748354,1.1019035381266342,2253.25,-0.08949011446409989,0.04357212953876349,4.441260744985673
2019-10-07,0.22516129032258064,0.18774193548387097,12.03923168881702,0.0,14.0,291,1550.0,2397,-1.5024659498525326,6.762103024748354,1.1088427646260772,2280.25,-0.08949011446409989,0.04357212953876349,4.441260744985673
2019-10-08,0.22516129032258064,0.18774193548387097,12.042516172513396,0.0,14.0,291,1550.0,2398,-1.503268345352908,6.762103024748354,1.121767306213179,2328.75,-0.08949011446409989,0.04357212953876349,4.441260744985673
2019-10-09,0.22516129032258064,0.18774193548387097,12.04580327195973,0.0,14.0,291,1550.0,2399,-1.503940629684153,6.762103024748354,1.1293939665707768,2358.25,-0.08949011446409989,0.04357212953876349,4.441260744985673
2019-10-10,0.22516129032258064,0.18774193548387097,12.04909296794926,0.0,14.0,291,1550.0,2400,-1.504598993977259,6.762103024748354,1.1294303992675658,2360.5,-0.08949011446409989,0.04357212953876349,4.441260744985673
2019-10-11,0.22516129032258064,0.18774193548387097,12.052385241404945,0.0,14.0,291,1550.0,2401,-1.5049340791710806,6.762103024748354,1.144078877797219,2415.25,-0.08949011446409989,0.04357212953876349,4.441260744985673
2019-10-14,0.22516129032258064,0.18774193548387097,12.055680073378388,0.0,14.0,291,1550.0,2404,-1.5051814660353513,6.762103024748354,1.1468942607704746,2427.5,-0.08949011446409989,0.04357212953876349,4.441260744985673
2019-10-15,0.22516129032258064,0.18774193548387097,12.058977445048875,0.0,14.0,291,1550.0,2405,-1.5053403770527278,6.762103024748354,1.149569315162535,2439.25,-0.08949011446409989,0.04357212953876349,4.441260744985673
2019-10-16,0.21949685534591196,0.1830188679245283,12.062044838677336,0.0,14.0,291,1590.0,2406,-1.5057788598033492,6.762103024748354,1.169464156411914,2469.25,-0.08949011446409989,0.04357212953876349,4.555873925501433
2019-10-17,0.21949685534591196,0.1830188679245283,12.065115759544968,0.0,14.0,291,1590.0,2407,-1.5062080429855806,6.762103024748354,1.1691364250570566,2470.25,-0.08949011446409989,0.04357212953876349,4.555873925501433
2019-10-18,0.21949685534591196,0.1830188679245283,12.068190183019558,0.0,14.0,291,1590.0,2408,-1.5064789302690327,6.762103024748354,1.1745762947263296,2492.0,-0.08949011446409989,0.04357212953876349,4.555873925501433
2019-10-21,0.21949685534591196,0.1830188679245283,12.071268084639673,0.0,14.0,291,1590.0,2411,-1.506783479784724,6.762103024748354,1.172650310335914,2487.25,-0.08949011446409989,0.04357212953876349,4.555873925501433
2019-10-22,0.21949685534591196,0.1830188679245283,12.074349440113266,0.0,14.0,291,1590.0,2412,-1.5069345443289694,6.762103024748354,1.1775312761978463,2507.0,-0.08949011446409989,0.04357212953876349,4.555873925501433
2019-10-23,0.21949685534591196,0.1830188679245283,12.077434225316276,0.0,14.0,291,1590.0,2413,-1.507185650920273,6.762103024748354,1.1733151592977202,2494.0,-0.08949011446409989,0.04357212953876349,4.555873925501433
2019-10-24,0.21949685534591196,0.1830188679245283,12.080522416291261,0.0,14.0,291,1590.0,2414,-1.5074979492115483,6.762103024748354,1.1703510127224006,2485.5,-0.08949011446409989,0.04357212953876349,4.555873925501433
2019-10-25,0.21949685534591196,0.1830188679245283,12.083613989246015,0.0,14.0,291,1590.0,2415,-1.5078405151700291,6.762103024748354,1.168499020225517,2481.0,-0.08949011446409989,0.04357212953876349,4.555873925501433
2019-10-28,0.21949685534591196,0.1830188679245283,12.086708920552237,0.0,14.0,291,1590.0,2418,-1.508110757243106,6.762103024748354,1.1706023176333058,2490.75,-0.08949011446409989,0.04357212953876349,4.555873925501433
2019-10-29,0.22443729903536977,0.18713826366559486,12.090007493596522,0.022508038585209004,14.0,291,1555.0,2419,-1.5081260473889149,6.762103024748354,1.1521727474700776,2464.5,-0.08949011446409989,0.04357212953876349,4.455587392550143
2019-10-30,0.22443729903536977,0.18713826366559486,12.09330850666095,0.022508038585209004,14.0,291,1555.0,2420,-1.5081088611943119,6.762103024748354,1.1526915811222667,2468.5,-0.08949011446409989,0.04357212953876349,4.455587392550143
2019-10-31,0.21254567600487212,0.17722289890377588,12.096089067651326,0.0,14.0,291,1642.0,2421,-1.5087068888848028,6.762103024748354,1.1963605609516499,2533.75,-0.08949011446409989,0.04357212953876349,4.70487106017192
2019-11-01,0.21254567600487212,0.17722289890377588,12.098874399700293,0.0,14.0,291,1642.0,2422,-1.5094200192920877,6.762103024748354,1.1903390677498236,2514.25,-0.08949011446409989,0.04357212953876349,4.70487106017192
2019-11-04,0.21254567600487212,0.17722289890377588,12.101664470445337,0.0,14.0,291,1642.0,2425,-1.5101449657471657,6.762103024748354,1.1889624156186387,2511.5,-0.08949011446409989,0.04357212953876349,4.70487106017192
2019-11-05,0.21636701797892127,0.18040917544947302,12.104642242061924,0.017978921264724116,14.0,291,1613.0,2426,-1.510681635138952,6.762103024748354,1.1736229506100417,2489.75,-0.08949011446409989,0.04357212953876349,4.621776504297994
2019-11-06,0.21254567600487212,0.17722289890377588,12.107441249164,0.0,14.0,291,1642.0,2427,-1.511399329568333,6.762103024748354,1.187735507645644,2511.5,-0.08949011446409989,0.04357212953876349,4.70487106017192
2019-11-07,0.2073677956030897,0.17290552584670232,12.109970364401013,0.0,14.0,291,1683.0,2428,-1.5123616751758253,6.762103024748354,1.2079164153430288,2542.25,-0.08949011446409989,0.04357212953876349,4.822349570200573
2019-11-08,0.2073677956030897,0.17290552584670232,12.112505447739867,0.0,14.0,291,1683.0,2429,-1.5133656132328495,6.762103024748354,1.2045240178515626,2532.25,-0.08949011446409989,0.04357212953876349,4.822349570200573
2019-11-11,0.2073677956030897,0.17290552584670232,12.115046458879235,0.0,14.0,291,1683.0,2432,-1.51437463244183,6.762103024748354,1.2032782701698346,2530.0,-0.08949011446409989,0.04357212953876349,4.822349570200573
2019-11-12,0.20185078079814922,0.1683053788316946,12.117264073081829,0.0,14.0,291,1729.0,2433,-1.515629569516482,6.762103024748354,1.2259419660123478,2564.5,-0.08949011446409989,0.04357212953876349,4.954154727793696
2019-11-13,0.20173410404624278,0.16820809248554913,12.119481841261544,0.0,14.0,291,1730.0,2434,-1.5168839675609551,6.762103024748354,1.2258118906069504,2565.25,-0.08949011446409989,0.04357212953876349,4.957020057306591
2019-11-14,0.2022016222479722,0.16859791425260717,12.121736680591027,0.002317497103128621,14.0,291,1726.0,2435,-1.518111523205879,6.762103024748354,1.22315391239962,2562.25,-0.08949011446409989,0.04357212953876349,4.945558739255015
2019-11-15,0.2022016222479722,0.16859791425260717,12.123998868245398,0.002317497103128621,14.0,291,1726.0,2436,-1.5193893010780195,6.762103024748354,1.2178215200721136,2545.25,-0.08949011446409989,0.04357212953876349,4.945558739255015
2019-11-18,0.2022016222479722,0.16859791425260717,12.12626835430615,0.002317497103128621,14.0,291,1726.0,2439,-1.5206585414036462,6.762103024748354,1.2174661635601616,2546.25,-0.08949011446409989,0.04357212953876349,4.945558739255015
2019-11-19,0.2022016222479722,0.16859791425260717,12.12854508923835,0.002317497103128621,14.0,291,1726.0,2440,-1.521921533033747,6.762103024748354,1.2169041596536105,2546.5,-0.08949011446409989,0.04357212953876349,4.945558739255015
2019-11-20,0.1913377192982456,0.15953947368421054,12.130059737987306,0.0,14.0,291,1824.0,2441,-1.5236269489016079,6.762103024748354,1.2657003362140824,2620.0,-0.08949011446409989,0.04357212953876349,5.226361031518625
2019-11-21,0.19421257651641624,0.16193656093489148,12.13180839987046,0.015025041736227046,14.0,291,1797.0,2442,-1.5252096926482912,6.762103024748354,1.2514311221301215,2599.75,-0.08949011446409989,0.04357212953876349,5.148997134670487
2019-11-22,0.19421257651641624,0.16193656093489148,12.133567190841061,0.015025041736227046,14.0,291,1797.0,2443,-1.5267894248988076,6.762103024748354,1.2502281149547612,2597.75,-0.08949011446409989,0.04357212953876349,5.148997134670487
2019-11-25,0.19421257651641624,0.16193656093489148,12.1353360401632,0.015025041736227046,14.0,291,1797.0,2446,-1.5283664980881975,6.762103024748354,1.2489571368640786,2595.5,-0.08949011446409989,0.04357212953876349,5.148997134670487
2019-11-26,0.19421257651641624,0.16193656093489148,12.137114877680993,0.015025041736227046,14.0,291,1797.0,2447,-1.5299441411045134,6.762103024748354,1.2470665193718928,2591.0,-0.08949011446409989,0.04357212953876349,5.148997134670487
2019-11-27,0.19421257651641624,0.16193656093489148,12.138903633812772,0.015025041736227046,14.0,291,1797.0,2448,-1.5315205338516367,6.762103024748354,1.2454530790110305,2587.5,-0.08949011446409989,0.04357212953876349,5.148997134670487
2019-11-28,0.19421257651641624,0.16193656093489148,12.140702239545309,0.015025041736227046,14.0,291,1797.0,2449,-1.5330909485800888,6.762103024748354,1.2448058608058608,2587.5,-0.08949011446409989,0.04357212953876349,5.148997134670487
2019-11-29,0.19421257651641624,0.16193656093489148,12.142510626428148,0.015025041736227046,14.0,291,1797.0,2450,-1.5346554192304047,6.762103024748354,1.2441593463366658,2587.5,-0.08949011446409989,0.04357212953876349,5.148997134670487
2019-12-02,0.19421257651641624,0.16193656093489148,12.144328726567988,0.015025041736227046,14.0,291,1797.0,2453,-1.5362203070243978,6.762103024748354,1.242135744402964,2582.5,-0.08949011446409989,0.04357212953876349,5.148997134670487
2019-12-03,0.19421257651641624,0.16193656093489148,12.146156472623119,0.015025041736227046,14.0,291,1797.0,2454,-1.5377831066429972,6.762103024748354,1.2405956966333982,2579.25,-0.08949011446409989,0.04357212953876349,5.148997134670487
2019-12-04,0.19421257651641624,0.16193656093489148,12.14799379779796,0.015025041736227046,14.0,291,1797.0,2455,-1.53933338282488,6.762103024748354,1.2415354980409101,2585.0,-0.08949011446409989,0.04357212953876349,5.148997134670487
2019-12-05,0.19421257651641624,0.16193656093489148,12.14984063583763,0.015025041736227046,14.0,291,1797.0,2456,-1.5408782149909959,6.762103024748354,1.2408231437554125,2584.75,-0.08949011446409989,0.04357212953876349,5.148997134670487
2019-12-06,0.19421257651641624,0.16193656093489148,12.151696921022586,0.015025041736227046,14.0,291,1797.0,2457,-1.5424153384456878,6.762103024748354,1.2405932207109343,2586.25,-0.08949011446409989,0.04357212953876349,5.148997134670487
2019-12-09,0.19421257651641624,0.16193656093489148,12.15356258816335,0.015025041736227046,14.0,291,1797.0,2460,-1.543918427840423,6.762103024748354,1.244697834184138,2603.5,-0.08949011446409989,0.04357212953876349,5.148997134670487
2019-12-10,0.19421257651641624,0.16193656093489148,12.155437572595268,0.015025041736227046,14.0,291,1797.0,2461,-1.5454080370415666,6.762103024748354,1.2450866387181883,2607.25,-0.08949011446409989,0.04357212953876349,5.148997134670487
2019-12-11,0.19421257651641624,0.16193656093489148,12.157321810173348,0.015025041736227046,14.0,291,1797.0,2462,-1.5468825456255446,6.762103024748354,1.24561308461716,2611.5,-0.08949011446409989,0.04357212953876349,5.148997134670487
2019-12-12,0.19421257651641624,0.16193656093489148,12.15921523726716,0.015025041736227046,14.0,291,1797.0,2463,-1.5483627190866804,6.762103024748354,1.243458800959832,2606.0,-0.08949011446409989,0.04357212953876349,5.148997134670487
2019-12-13,0.19421257651641624,0.16193656093489148,12.161117790755785,0.015025041736227046,14.0,291,1797.0,2464,-1.5498385011758713,6.762103024748354,1.2426117042049987,2605.25,-0.08949011446409989,0.04357212953876349,5.148997134670487
2019-12-16,0.19421257651641624,0.16193656093489148,12.163029408022819,0.015025041736227046,14.0,291,1797.0,2467,-1.55129622230127,6.762103024748354,1.2435516174723382,2611.0,-0.08949011446409989,0.04357212953876349,5.148997134670487
2019-12-17,0.1960674157303371,0.16348314606741574,12.165078861331999,0.024719101123595506,14.0,291,1780.0,2468,-1.5526701991803602,6.762103024748354,1.2344366106100366,2598.25,-0.08949011446409989,0.04357212953876349,5.100286532951289
2019-12-18,0.1960674157303371,0.16348314606741574,12.167136539425949,0.024719101123595506,14.0,291,1780.0,2469,-1.5539903367638488,6.762103024748354,1.2384715581737593,2615.25,-0.08949011446409989,0.04357212953876349,5.100286532951289
2019-12-19,0.1960674157303371,0.16348314606741574,12.169202386507449,0.024719101123595506,14.0,291,1780.0,2470,-1.5553370061544178,6.762103024748354,1.2348165407357972,2604.25,-0.08949011446409989,0.04357212953876349,5.100286532951289
2019-12-20,0.1960674157303371,0.16348314606741574,12.17127634721446,0.024719101123595506,14.0,291,1780.0,2471,-1.5566645381945083,6.762103024748354,1.2354872233598373,2609.0,-0.08949011446409989,0.04357212953876349,5.100286532951289
2019-12-23,0.1960674157303371,0.16348314606741574,12.173358366615977,0.024719101123595506,14.0,291,1780.0,2474,-1.5579767362378547,6.762103024748354,1.2357462352545787,2612.25,-0.08949011446409989,0.04357212953876349,5.100286532951289
2019-12-24,0.1960674157303371,0.16348314606741574,12.17544839020795,0.024719101123595506,14.0,291,1780.0,2475,-1.5592832822801084,6.762103024748354,1.235113804939513,2612.25,-0.08949011446409989,0.04357212953876349,5.100286532951289
2019-12-25,0.1960674157303371,0.16348314606741574,12.177546363909219,0.024719101123595506,14.0,291,1780.0,2476,-1.5605842127599008,6.762103024748354,1.234482053169615,2612.25,-0.08949011446409989,0.04357212953876349,5.100286532951289
2019-12-26,0.1960674157303371,0.16348314606741574,12.179652234057544,0.024719101123595506,14.0,291,1780.0,2477,-1.5619332136480306,6.762103024748354,1.2284355688988242,2592.5,-0.08949011446409989,0.04357212953876349,5.100286532951289
2019-12-27,0.1960674157303371,0.16348314606741574,12.18176594740563,0.024719101123595506,14.0,291,1780.0,2478,-1.5632663842035608,6.762103024748354,1.228971677278671,2596.75,-0.08949011446409989,0.04357212953876349,5.100286532951289
2019-12-30,0.19965675057208238,0.16647597254004576,12.184115359348588,0.043478260869565216,14.0,291,1748.0,2481,-1.5644448773565585,6.762103024748354,1.2124768095653158,2572.75,-0.08949011446409989,0.04357212953876349,5.008595988538682
2019-12-31,0.19529938444320089,0.16284275321768327,12.186192729258657,0.020705092333519866,14.0,291,1787.0,2482,-1.5657991739422052,6.762103024748354,1.2311838923270673,2602.0,-0.08949011446409989,0.04357212953876349,5.1203438395415475
2020-01-01,0.19529938444320089,0.16284275321768327,12.188278064614378,0.020705092333519866,14.0,291,1787.0,2483,-1.5671480790367025,6.762103024748354,1.2305545854373576,2602.0,-0.08949011446409989,0.04357212953876349,5.1203438395415475
2020-01-02,0.19529938444320089,0.16284275321768327,12.190371311760783,0.020705092333519866,14.0,291,1787.0,2484,-1.5685378308353197,6.762103024748354,1.2237649445412893,2579.5,-0.08949011446409989,0.04357212953876349,5.1203438395415475
2020-01-03,0.19529938444320089,0.16284275321768327,12.192472417457253,0.020705092333519866,14.0,291,1787.0,2485,-1.5698896139267942,6.762103024748354,1.227723942804014,2596.25,-0.08949011446409989,0.04357212953876349,5.1203438395415475
2020-01-06,0.19529938444320089,0.16284275321768327,12.194581328873632,0.020705092333519866,14.0,291,1787.0,2488,-1.5712772568091484,6.762103024748354,1.2211447033939418,2574.5,-0.08949011446409989,0.04357212953876349,5.1203438395415475
2020-01-07,0.19529938444320089,0.16284275321768327,12.196697993586346,0.020705092333519866,14.0,291,1787.0,2489,-1.5726253526916059,6.762103024748354,1.2256501025607092,2593.25,-0.08949011446409989,0.04357212953876349,5.1203438395415475
2020-01-08,0.19529938444320089,0.16284275321768327,12.198822359574617,0.020705092333519866,14.0,291,1787.0,2490,-1.5738581059573271,6.762103024748354,1.2357605845242883,2632.5,-0.08949011446409989,0.04357212953876349,5.1203438395415475
2020-01-09,0.19529938444320089,0.16284275321768327,12.200954375216702,0.020705092333519866,14.0,291,1787.0,2491,-1.5751183265986082,6.762103024748354,1.2323985399710575,2622.5,-0.08949011446409989,0.04357212953876349,5.1203438395415475
2020-01-10,0.19529938444320089,0.16284275321768327,12.203093989286122,0.020705092333519866,14.0,291,1787.0,2492,-1.5763587716033485,6.762103024748354,1.2330025734861851,2627.0,-0.08949011446409989,0.04357212953876349,5.1203438395415475
2020-01-13,0.19529938444320089,0.16284275321768327,12.205241150948032,0.020705092333519866,14.0,291,1787.0,2495,-1.5776476210823034,6.762103024748354,1.227457380276912,2609.0,-0.08949011446409989,0.04357212953876349,5.1203438395415475
2020-01-14,0.19529938444320089,0.16284275321768327,12.207395809755537,0.020705092333519866,14.0,291,1787.0,2496,-1.5789474975556783,6.762103024748354,1.2251259236443768,2602.75,-0.08949011446409989,0.04357212953876349,5.1203438395415475
2020-01-15,0.19529938444320089,0.16284275321768327,12.209557915646107,0.020705092333519866,14.0,291,1787.0,2497,-1.5802734954072426,6.762103024748354,1.2207474433582435,2589.0,-0.08949011446409989,0.04357212953876349,5.1203438395415475
2020-01-16,0.19529938444320089,0.16284275321768327,12.211727418938011,0.020705092333519866,14.0,291,1787.0,2498,-1.5816388433354134,6.762103024748354,1.2125486295009538,2561.25,-0.08949011446409989,0.04357212953876349,5.1203438395415475
2020-01-17,0.19529938444320089,0.16284275321768327,12.213904270326793,0.020705092333519866,14.0,291,1787.0,2499,-1.583016292677669,6.762103024748354,1.2063338661882894,2540.75,-0.08949011446409989,0.04357212953876349,5.1203438395415475
2020-01-20,0.19529938444320089,0.16284275321768327,12.21608842088178,0.020705092333519866,14.0,291,1787.0,2502,-1.584389561398332,6.762103024748354,1.2057177947598254,2540.75,-0.08949011446409989,0.04357212953876349,5.1203438395415475
2020-01-21,0.19529938444320089,0.16284275321768327,12.218279822042645,0.020705092333519866,14.0,291,1787.0,2503,-1.5857549653406522,6.762103024748354,1.2068077008768476,2547.0,-0.08949011446409989,0.04357212953876349,5.1203438395415475
2020-01-22,0.19529938444320089,0.16284275321768327,12.220478425615994,0.020705092333519866,14.0,291,1787.0,2504,-1.5871164770057742,6.762103024748354,1.206056088657209,2546.5,-0.08949011446409989,0.04357212953876349,5.1203438395415475
2020-01-23,0.19529938444320089,0.16284275321768327,12.222684183771998,0.020705092333519866,14.0,291,1787.0,2505,-1.5884760042200337,6.762103024748354,1.204487098430361,2543.0,-0.08949011446409989,0.04357212953876349,5.1203438395415475
2020-01-24,0.19529938444320089,0.16284275321768327,12.22489704904105,0.020705092333519866,14.0,291,1787.0,2506,-1.5898258595499772,6.762103024748354,1.2059863491089278,2550.75,-0.08949011446409989,0.04357212953876349,5.1203438395415475
2020-01-27,0.19529938444320089,0.16284275321768327,12.227116974310478,0.020705092333519866,14.0,291,1787.0,2509,-1.5911557298022234,6.762103024748354,1.2093248391445703,2565.25,-0.08949011446409989,0.04357212953876349,5.1203438395415475
2020-01-28,0.19529938444320089,0.16284275321768327,12.22934391282127,0.020705092333519866,14.0,291,1787.0,2510,-1.5924455059631553,6.762103024748354,1.2145010645395127,2586.5,-0.08949011446409989,0.04357212953876349,5.1203438395415475
2020-01-29,0.19529938444320089,0.16284275321768327,12.231577818164862,0.020705092333519866,14.0,291,1787.0,2511,-1.5936667141273941,6.762103024748354,1.2209687122576631,2612.5,-0.08949011446409989,0.04357212953876349,5.1203438395415475
2020-01-30,0.19529938444320089,0.16284275321768327,12.233818644279944,0.020705092333519866,14.0,291,1787.0,2512,-1.5949525333055048,6.762103024748354,1.2125230229820185,2583.75,-0.08949011446409989,0.04357212953876349,5.1203438395415475
2020-01-31,0.19529938444320089,0.16284275321768327,12.236066345449293,0.020705092333519866,14.0,291,1787.0,2513,-1.5962404063757258,6.762103024748354,1.2109567378152861,2580.25,-0.08949011446409989,0.04357212953876349,5.1203438395415475
2020-02-03,0.19529938444320089,0.16284275321768327,12.238320876296664,0.020705092333519866,14.0,291,1787.0,2516,-1.5975020583884205,6.762103024748354,1.2132702268857338,2591.0,-0.08949011446409989,0.04357212953876349,5.1203438395415475
2020-02-04,0.19529938444320089,0.16284275321768327,12.24058219178368,0.020705092333519866,14.0,291,1787.0,2517,-1.5987135129082601,6.762103024748354,1.2176235878110977,2609.25,-0.08949011446409989,0.04357212953876349,5.1203438395415475
2020-02-05,0.19529938444320089,0.16284275321768327,12.24285024720682,0.020705092333519866,14.0,291,1787.0,2518,-1.5999087664589875,6.762103024748354,1.2180983979734843,2613.25,-0.08949011446409989,0.04357212953876349,5.1203438395415475
2020-02-06,0.19529938444320089,0.16284275321768327,12.245124998194344,0.020705092333519866,14.0,291,1787.0,2519,-1.601157579746569,6.762103024748354,1.2112983108210196,2590.5,-0.08949011446409989,0.04357212953876349,5.1203438395415475
2020-02-07,0.19529938444320089,0.16284275321768327,12.247406400703344,0.020705092333519866,14.0,291,1787.0,2520,-1.6024217333218058,6.762103024748354,1.2080367637579146,2580.75,-0.08949011446409989,0.04357212953876349,5.1203438395415475
2020-02-10,0.19529938444320089,0.16284275321768327,12.249694411016756,0.020705092333519866,14.0,291,1787.0,2523,-1.603708800968539,6.762103024748354,1.2028066576987486,2563.75,-0.08949011446409989,0.04357212953876349,5.1203438395415475
2020-02-11,0.19529938444320089,0.16284275321768327,12.251988985740466,0.020705092333519866,14.0,291,1787.0,2524,-1.604998255475236,6.762103024748354,1.2007726404060866,2558.5,-0.08949011446409989,0.04357212953876349,5.1203438395415475
2020-02-12,0.19529938444320089,0.16284275321768327,12.254290081800386,0.020705092333519866,14.0,291,1787.0,2525,-1.6062947299821226,6.762103024748354,1.1971100473396377,2547.25,-0.08949011446409989,0.04357212953876349,5.1203438395415475
2020-02-13,0.19529938444320089,0.16284275321768327,12.256597656439611,0.020705092333519866,14.0,291,1787.0,2526,-1.6075805490341357,6.762103024748354,1.1984741973003352,2554.5,-0.08949011446409989,0.04357212953876349,5.1203438395415475
2020-02-14,0.19529938444320089,0.16284275321768327,12.258911667215573,0.020705092333519866,14.0,291,1787.0,2527,-1.60887852411956,6.762103024748354,1.1910814676633743,2529.5,-0.08949011446409989,0.04357212953876349,5.1203438395415475
2020-02-17,0.19529938444320089,0.16284275321768327,12.261232071997249,0.020705092333519866,14.0,291,1787.0,2530,-1.6101728642208426,6.762103024748354,1.1904791626483329,2529.5,-0.08949011446409989,0.04357212953876349,5.1203438395415475
2020-02-18,0.19529938444320089,0.16284275321768327,12.263558828962374,0.020705092333519866,14.0,291,1787.0,2531,-1.611461479613222,6.762103024748354,1.1915057155893902,2535.5,-0.08949011446409989,0.04357212953876349,5.1203438395415475
2020-02-19,0.19529938444320089,0.16284275321768327,12.265891896594717,0.020705092333519866,14.0,291,1787.0,2532,-1.6127437192317078,6.762103024748354,1.1922607226722841,2540.5,-0.08949011446409989,0.04357212953876349,5.1203438395415475
2020-02-20,0.19529938444320089,0.16284275321768327,12.268231233681343,0.020705092333519866,14.0,291,1787.0,2533,-1.614027593102228,6.762103024748354,1.1881336096513508,2527.5,-0.08949011446409989,0.04357212953876349,5.1203438395415475
2020-02-21,0.19529938444320089,0.16284275321768327,12.270576799309946,0.020705092333519866,14.0,291,1787.0,2534,-1.6153013317653335,6.762103024748354,1.180077371234598,2500.0,-0.08949011446409989,0.04357212953876349,5.1203438395415475
2020-02-24,0.19529938444320089,0.16284275321768327,12.272928552866196,0.020705092333519866,14.0,291,1787.0,2537,-1.6165583384657864,6.762103024748354,1.1947962051729473,2556.5,-0.08949011446409989,0.04357212953876349,5.1203438395415475
2020-02-25,0.19529938444320089,0.16284275321768327,12.27528645403107,0.020705092333519866,14.0,291,1787.0,2538,-1.617782018751198,6.762103024748354,1.1995480174051603,2576.25,-0.08949011446409989,0.04357212953876349,5.1203438395415475
2020-02-26,0.19529938444320089,0.16284275321768327,12.277650462778304,0.020705092333519866,14.0,291,1787.0,2539,-1.6189757815351409,6.762103024748354,1.2024010548020947,2589.0,-0.08949011446409989,0.04357212953876349,5.1203438395415475
2020-02-27,0.19529938444320089,0.16284275321768327,12.28002053937179,0.020705092333519866,14.0,291,1787.0,2540,-1.6196491398504298,6.762103024748354,1.2349115726356443,2711.25,-0.08949011446409989,0.04357212953876349,5.1203438395415475
2020-02-28,0.19529938444320089,0.16284275321768327,12.28239664436302,0.020705092333519866,14.0,291,1787.0,2541,-1.62088904099744,6.762103024748354,1.1726985868013184,2483.75,-0.08949011446409989,0.04357212953876349,5.1203438395415475
2020-03-02,0.19529938444320089,0.16284275321768327,12.284778738588585,0.020705092333519866,14.0,291,1787.0,2544,-1.6214730489115794,6.762103024748354,1.1268298202711027,2316.5,-0.08949011446409989,0.04357212953876349,5.1203438395415475
2020-03-03,0.19529938444320089,0.16284275321768327,12.287166783167669,0.020705092333519866,14.0,291,1787.0,2545,-1.622587048730307,6.762103024748354,1.155952354369402,2426.25,-0.08949011446409989,0.04357212953876349,5.1203438395415475
2020-03-04,0.19529938444320089,0.16284275321768327,12.289560739499585,0.020705092333519866,14.0,291,1787.0,2546,-1.6234752296422044,6.762103024748354,1.1400783709830575,2369.75,-0.08949011446409989,0.04357212953876349,5.1203438395415475
2020-03-05,0.19529938444320089,0.16284275321768327,12.29196056926133,0.020705092333519866,14.0,291,1787.0,2547,-1.6240791956000287,6.762103024748354,1.1260390812865793,2320.0,-0.08949011446409989,0.04357212953876349,5.1203438395415475
2020-03-06,0.19529938444320089,0.16284275321768327,12.294366234405171,0.020705092333519866,14.0,291,1787.0,2548,-1.6232932089405214,6.762103024748354,1.0837491672925894,2165.75,-0.08949011446409989,0.04357212953876349,5.1203438395415475
2020-03-09,0.19529938444320089,0.16284275321768327,12.296777697156243,0.020705092333519866,14.0,291,1787.0,2551,-1.6235990357085037,6.762103024748354,1.1136640899474715,2278.5,-0.08949011446409989,0.04357212953876349,5.1203438395415475
2020-03-10,0.19529938444320089,0.16284275321768327,12.299194920010198,0.020705092333519866,14.0,291,1787.0,2552,-1.6227122338278046,6.762103024748354,1.0802523313219967,2157.0,-0.08949011446409989,0.04357212953876349,5.1203438395415475
2020-03-11,0.19529938444320089,0.16284275321768327,12.301617865730845,0.020705092333519866,14.0,291,1787.0,2553,-1.6212569174509968,6.762103024748354,1.067393917954844,2111.5,-0.08949011446409989,0.04357212953876349,5.1203438395415475
2020-03-12,0.19529938444320089,0.16284275321768327,12.30404649734784,0.020705092333519866,14.0,291,1787.0,2554,-1.6207859635128916,6.762103024748354,1.089118654855206,2194.0,-0.08949011446409989,0.04357212953876349,5.1203438395415475
2020-03-13,0.19529938444320089,0.16284275321768327,12.306480778154386,0.020705092333519866,14.0,291,1787.0,2555,-1.6139170063923636,8.152816254378118,0.9853256100039073,1811.75,-0.08949011446409989,0.04357212953876349,5.1203438395415475
2020-03-16,0.19529938444320089,0.16284275321768327,12.30892067170497,0.020705092333519866,14.0,291,1787.0,2558,-1.6124493843644563,8.152816254378118,1.065241714160404,2109.75,-0.08949011446409989,0.04357212953876349,5.1203438395415475
2020-03-17,0.19529938444320089,0.16284275321768327,12.311366141813103,0.020705092333519866,14.0,291,1787.0,2559,-1.6092040662119387,8.152816254378118,1.0329017502517446,1992.0,-0.08949011446409989,0.04357212953876349,5.1203438395415475
2020-03-18,0.19529938444320089,0.16284275321768327,12.313817152549106,0.020705092333519866,14.0,291,1787.0,2560,-1.5991480882019946,6.36010829053641,0.9483669072687235,1680.75,-0.08949011446409989,0.04357212953876349,5.1203438395415475
2020-03-19,0.19529938444320089,0.16284275321768327,12.316273668237898,0.020705092333519866,14.0,291,1787.0,2561,-1.5931047292223928,6.36010829053641,0.9920139272768548,1844.5,-0.08949011446409989,0.04357212953876349,5.1203438395415475
2020-03-20,0.19529938444320089,0.16284275321768327,12.318735653456821,0.020705092333519866,14.0,291,1787.0,2562,-1.5900035198574107,6.36010829053641,1.0328734069898906,1998.0,-0.08949011446409989,0.04357212953876349,5.1203438395415475
2020-03-23,0.19529938444320089,0.16284275321768327,12.321203073033493,0.020705092333519866,14.0,291,1787.0,2565,-1.5849033424925434,6.36010829053641,1.0027351444203347,1888.25,-0.08949011446409989,0.04357212953876349,5.1203438395415475
2020-03-24,0.19529938444320089,0.16284275321768327,12.323675892043644,0.020705092333519866,14.0,291,1787.0,2566,-1.5792460976239315,6.36010829053641,0.9945810779612466,1860.0,-0.08949011446409989,0.04357212953876349,5.1203438395415475
2020-03-25,0.19529938444320089,0.16284275321768327,12.326154075809029,0.020705092333519866,14.0,291,1787.0,2567,-1.5771927033364308,6.36010829053641,1.0490159086708235,2064.0,-0.08949011446409989,0.04357212953876349,5.1203438395415475
2020-03-26,0.19529938444320089,0.16284275321768327,12.328637589895317,0.020705092333519866,14.0,291,1787.0,2568,-1.5737710258887734,6.36010829053641,1.0249599575425161,1976.75,-0.08949011446409989,0.04357212953876349,5.1203438395415475
2020-03-27,0.19529938444320089,0.16284275321768327,12.331126400110048,0.020705092333519866,14.0,291,1787.0,2569,-1.572999039060297,6.36010829053641,1.0747120316241527,2163.5,-0.08949011446409989,0.04357212953876349,5.1203438395415475
2020-03-30,0.19529938444320089,0.16284275321768327,12.333620472500542,0.020705092333519866,14.0,291,1787.0,2572,-1.5717599848191968,6.36010829053641,1.0635194583662753,2124.0,-0.08949011446409989,0.04357212953876349,5.1203438395415475
2020-03-31,0.19529938444320089,0.16284275321768327,12.336119773351896,0.020705092333519866,14.0,291,1787.0,2573,-1.5700236535711138,6.36010829053641,1.0526696757696425,2085.75,-0.08949011446409989,0.04357212953876349,5.1203438395415475
2020-04-01,0.19529938444320089,0.16284275321768327,12.338624269184967,0.020705092333519866,14.0,291,1787.0,2574,-1.5679037125559119,6.36010829053641,1.0447189189964359,2058.25,-0.08949011446409989,0.04357212953876349,5.1203438395415475
2020-04-02,0.19529938444320089,0.16284275321768327,12.34113392675439,0.020705092333519866,14.0,291,1787.0,2575,-1.5648320313461064,6.36010829053641,1.0274910516896516,1996.25,-0.08949011446409989,0.04357212953876349,5.1203438395415475
2020-04-03,0.19529938444320089,0.16284275321768327,12.343648713046605,0.020705092333519866,14.0,291,1787.0,2576,-1.5611157120558135,6.36010829053641,1.0165933437723436,1957.75,-0.08949011446409989,0.04357212953876349,5.1203438395415475
2020-04-06,0.19529938444320089,0.16284275321768327,12.346168595277888,0.020705092333519866,14.0,291,1787.0,2579,-1.556165265035942,6.36010829053641,0.9979712127674918,1890.5,-0.08949011446409989,0.04357212953876349,5.1203438395415475
2020-04-07,0.19529938444320089,0.16284275321768327,12.348693540892462,0.020705092333519866,14.0,291,1787.0,2580,-1.5515347518847225,6.36010829053641,1.0016712101587524,1906.25,-0.08949011446409989,0.04357212953876349,5.1203438395415475
2020-04-08,0.19529938444320089,0.16284275321768327,12.351223517560546,0.020705092333519866,14.0,291,1787.0,2581,-1.5469241131960638,6.36010829053641,1.0012039599365972,1906.5,-0.08949011446409989,0.04357212953876349,5.1203438395415475
2020-04-09,0.19529938444320089,0.16284275321768327,12.35375849317649,0.020705092333519866,14.0,291,1787.0,2582,-1.5419746752763392,6.36010829053641,0.995699634051687,1888.0,-0.08949011446409989,0.04357212953876349,5.1203438395415475
2020-04-10,0.19529938444320089,0.16284275321768327,12.356298435856889,0.020705092333519866,14.0,291,1787.0,2583,-1.5370425845197395,6.36010829053641,0.9951676629333222,1888.0,-0.08949011446409989,0.04357212953876349,5.1203438395415475
2020-04-13,0.19529938444320089,0.16284275321768327,12.35884331393873,0.020705092333519866,14.0,291,1787.0,2586,-1.531389299706237,6.36010829053641,0.9846335785902998,1850.75,-0.08949011446409989,0.04357212953876349,5.1203438395415475
2020-04-14,0.19529938444320089,0.16284275321768327,12.361393095977563,0.020705092333519866,14.0,291,1787.0,2587,-1.5255749455130165,6.36010829053641,0.9816893285685232,1841.75,-0.08949011446409989,0.04357212953876349,5.1203438395415475
2020-04-15,0.19529938444320089,0.16284275321768327,12.363947750745684,0.020705092333519866,14.0,291,1787.0,2588,-1.520178412113777,6.36010829053641,0.9863958975082496,1861.25,-0.08949011446409989,0.04357212953876349,5.1203438395415475
2020-04-16,0.19529938444320089,0.16284275321768327,12.36650724723032,0.020705092333519866,14.0,291,1787.0,2589,-1.5142774365816651,6.36010829053641,0.9788920151705234,1835.25,-0.08949011446409989,0.04357212953876349,5.1203438395415475
2020-04-17,0.17546505781799898,0.14630467571644043,12.367644695255379,0.0,14.0,291,1989.0,2590,-1.5064366773354165,6.36010829053641,1.0739507542031566,1986.75,-0.08949011446409989,0.04357212953876349,5.699140401146132
2020-04-20,0.1881401617250674,0.1568733153638814,12.36978360286745,0.07223719676549865,14.0,291,1855.0,2593,-1.4999638638094457,6.36010829053641,1.0100001332154087,1886.25,-0.08949011446409989,0.04357212953876349,5.315186246418338
2020-04-21,0.1881401617250674,0.1568733153638814,12.371929348140057,0.07223719676549865,14.0,291,1855.0,2594,-1.4944905227755896,6.36010829053641,1.0219908589650288,1933.0,-0.08949011446409989,0.04357212953876349,5.315186246418338
2020-04-22,0.1881401617250674,0.1568733153638814,12.374081887172192,0.07223719676549865,14.0,291,1855.0,2595,-1.4895338780556946,6.36010829053641,1.028212920292011,1958.25,-0.08949011446409989,0.04357212953876349,5.315186246418338
2020-04-23,0.1881401617250674,0.1568733153638814,12.376241176382695,0.07223719676549865,14.0,291,1855.0,2596,-1.4850193259617142,6.36010829053641,1.0336950696677385,1980.75,-0.08949011446409989,0.04357212953876349,5.315186246418338
2020-04-24,0.1881401617250674,0.1568733153638814,12.378407172507428,0.07223719676549865,14.0,291,1855.0,2597,-1.4802992746571635,6.36010829053641,1.0299996478287778,1969.0,-0.08949011446409989,0.04357212953876349,5.315186246418338
2020-04-27,0.1881401617250674,0.1568733153638814,12.38057983259646,0.07223719676549865,14.0,291,1855.0,2600,-1.4756695438738914,6.36010829053641,1.0305244938086582,1973.0,-0.08949011446409989,0.04357212953876349,5.315186246418338
2020-04-28,0.1881401617250674,0.1568733153638814,12.382759114011296,0.07223719676549865,14.0,291,1855.0,2601,-1.4720615219513529,6.36010829053641,1.0451055747928923,2029.5,-0.08949011446409989,0.04357212953876349,5.315186246418338
2020-04-29,0.1881401617250674,0.1568733153638814,12.384944974422131,0.07223719676549865,14.0,291,1855.0,2602,-1.4691667686712733,6.36010829053641,1.0560656502943606,2072.5,-0.08949011446409989,0.04357212953876349,5.315186246418338
2020-04-30,0.18272251308900522,0.15235602094240838,12.386760665576569,0.041361256544502616,14.0,291,1910.0,2603,-1.4659285643843867,6.36010829053641,1.081404064556412,2113.75,-0.08949011446409989,0.04357212953876349,5.472779369627507
2020-05-01,0.18272251308900522,0.15235602094240838,12.388584803139128,0.041361256544502616,14.0,291,1910.0,2604,-1.4627968341572308,6.36010829053641,1.082442824741124,2119.75,-0.08949011446409989,0.04357212953876349,5.472779369627507
2020-05-04,0.18272251308900522,0.15235602094240838,12.390417332063864,0.041361256544502616,14.0,291,1910.0,2607,-1.4593591031312156,6.36010829053641,1.0768619098657888,2101.0,-0.08949011446409989,0.04357212953876349,5.472779369627507
2020-05-05,0.18272251308900522,0.15235602094240838,12.392258197722489,0.041361256544502616,14.0,291,1910.0,2608,-1.4564522730811706,6.36010829053641,1.0847869502068137,2132.75,-0.08949011446409989,0.04357212953876349,5.472779369627507
2020-05-06,0.18272251308900522,0.15235602094240838,12.394107345900453,0.041361256544502616,14.0,291,1910.0,2609,-1.4542942840013071,6.36010829053641,1.0971854625636577,2181.25,-0.08949011446409989,0.04357212953876349,5.472779369627507
2020-05-07,0.18272251308900522,0.15235602094240838,12.395964722793165,0.041361256544502616,14.0,291,1910.0,2610,-1.4521326054598387,6.36010829053641,1.0964830422864578,2180.75,-0.08949011446409989,0.04357212953876349,5.472779369627507
2020-05-08,0.18272251308900522,0.15235602094240838,12.397830275002162,0.041361256544502616,14.0,291,1910.0,2611,-1.4497371734401274,6.36010829053641,1.0916402293212426,2164.75,-0.08949011446409989,0.04357212953876349,5.472779369627507
2020-05-11,0.18272251308900522,0.15235602094240838,12.399703949531387,0.041361256544502616,14.0,291,1910.0,2614,-1.4476917374407985,6.36010829053641,1.0973505117561426,2188.25,-0.08949011446409989,0.04357212953876349,5.472779369627507
2020-05-12,0.357679180887372,0.19863481228668942,12.40372025155876,0.357679180887372,17.0,291,1465.0,2615,-1.447328470095053,6.36010829053641,0.8882665824239601,1854.5,-0.08949011446409989,0.04357212953876349,2.795801526717557
2020-05-13,0.357679180887372,0.19863481228668942,12.407735819255892,0.357679180887372,17.0,291,1465.0,2616,-1.4463862881279288,6.36010829053641,0.8684652250433278,1782.0,-0.08949011446409989,0.04357212953876349,2.795801526717557
2020-05-14,0.357679180887372,0.19863481228668942,12.41175065151603,0.357679180887372,17.0,291,1465.0,2617,-1.4449766891886773,6.36010829053641,0.8550797857537367,1733.5,-0.08949011446409989,0.04357212953876349,2.795801526717557
2020-05-15,0.357679180887372,0.19863481228668942,12.41576474724151,0.357679180887372,17.0,291,1465.0,2618,-1.443263971794082,6.36010829053641,0.8470378928622969,1705.0,-0.08949011446409989,0.04357212953876349,2.795801526717557
2020-05-18,0.357679180887372,0.19863481228668942,12.419778105343715,0.357679180887372,17.0,291,1465.0,2621,-1.4417311809206885,6.36010829053641,0.8509370305015811,1721.25,-0.08949011446409989,0.04357212953876349,2.795801526717557
2020-05-19,0.357679180887372,0.19863481228668942,12.423790724742991,0.357679180887372,17.0,291,1465.0,2622,-1.4409862611062778,6.36010829053641,0.8725676454885212,1804.0,-0.08949011446409989,0.04357212953876349,2.795801526717557
2020-05-20,0.357679180887372,0.19863481228668942,12.427802604368631,0.357679180887372,17.0,291,1465.0,2623,-1.4402150668864968,6.36010829053641,0.8712597309518599,1800.75,-0.08949011446409989,0.04357212953876349,2.795801526717557
2020-05-21,0.4392185238784371,0.2105643994211288,12.431995615357861,0.4392185238784371,24.0,291,1382.0,2624,-1.4396865931277256,6.36010829053641,0.832082658137882,1738.5,-0.08949011446409989,0.04357212953876349,2.2767710049423395
2020-05-22,0.4392185238784371,0.2105643994211288,12.43618743266495,0.4392185238784371,24.0,291,1382.0,2625,-1.4389914104101669,6.36010829053641,0.8256026309016752,1715.75,-0.08949011446409989,0.04357212953876349,2.2767710049423395
2020-05-25,0.4392185238784371,0.2105643994211288,12.440378056877007,0.4392185238784371,24.0,291,1382.0,2628,-1.4382971422185609,6.36010829053641,0.8251864677677145,1715.75,-0.08949011446409989,0.04357212953876349,2.2767710049423395
2020-05-26,0.5748218527315915,0.23040380047505937,12.444710267515854,0.5748218527315915,27.0,291,1263.0,2629,-1.4379157619755245,6.36010829053641,0.7693282226466948,1626.5,-0.08949011446409989,0.04357212953876349,1.7396694214876034
2020-05-27,0.5200573065902578,0.20845272206303725,12.448872422474818,0.42478510028653294,27.0,291,1396.0,2630,-1.4371802864105239,6.36010829053641,0.8308743618866901,1726.25,-0.08949011446409989,0.04357212953876349,1.9228650137741048
2020-05-28,0.5200573065902578,0.20845272206303725,12.453033446291288,0.42478510028653294,27.0,291,1396.0,2631,-1.4367740043379704,6.36010829053641,0.8424999575260932,1771.5,-0.08949011446409989,0.04357212953876349,1.9228650137741048
2020-05-29,0.5200573065902578,0.20845272206303725,12.457193339353553,0.42478510028653294,27.0,291,1396.0,2632,-1.4361514443271761,6.36010829053641,0.8338960527659723,1740.75,-0.08949011446409989,0.04357212953876349,1.9228650137741048
2020-06-01,0.5200573065902578,0.20845272206303725,12.461352102051935,0.42478510028653294,27.0,291,1396.0,2635,-1.4355939530015347,6.36010829053641,0.8358050491077877,1749.5,-0.08949011446409989,0.04357212953876349,1.9228650137741048
2020-06-02,0.5200573065902578,0.20845272206303725,12.465509734778738,0.42478510028653294,27.0,291,1396.0,2636,-1.4346352431237153,6.36010829053641,0.8218887710308358,1698.75,-0.08949011446409989,0.04357212953876349,1.9228650137741048
2020-06-03,0.5200573065902578,0.20845272206303725,12.46966623792827,0.42478510028653294,27.0,291,1396.0,2637,-1.4338324975317194,6.36010829053641,0.8263927581712186,1717.25,-0.08949011446409989,0.04357212953876349,1.9228650137741048
2020-06-04,0.5200573065902578,0.20845272206303725,12.473821611896797,0.42478510028653294,27.0,291,1396.0,2638,-1.432804533621193,6.36010829053641,0.8188663826594861,1690.5,-0.08949011446409989,0.04357212953876349,1.9228650137741048
2020-06-05,0.5200573065902578,0.20845272206303725,12.47797585708255,0.42478510028653294,27.0,291,1396.0,2639,-1.4319654783391487,6.36010829053641,0.824299304299355,1712.5,-0.08949011446409989,0.04357212953876349,1.9228650137741048
2020-06-08,0.5200573065902578,0.20845272206303725,12.48212897388568,0.42478510028653294,27.0,291,1396.0,2642,-1.4308509344412352,6.36010829053641,0.8153831067424241,1680.5,-0.08949011446409989,0.04357212953876349,1.9228650137741048
2020-06-09,0.5200573065902578,0.20845272206303725,12.486280962708276,0.42478510028653294,27.0,291,1396.0,2643,-1.4299710546271445,6.36010829053641,0.8220761023701804,1707.25,-0.08949011446409989,0.04357212953876349,1.9228650137741048
2020-06-10,0.5200573065902578,0.20845272206303725,12.490431823954326,0.42478510028653294,27.0,291,1396.0,2644,-1.4295530389018023,6.36010829053641,0.8379930472054017,1768.75,-0.08949011446409989,0.04357212953876349,1.9228650137741048
2020-06-11,0.5200573065902578,0.20845272206303725,12.4945815580297,0.42478510028653294,27.0,291,1396.0,2645,-1.429198968293868,6.36010829053641,0.8401640253777233,1778.5,-0.08949011446409989,0.04357212953876349,1.9228650137741048
2020-06-12,0.5200573065902578,0.20845272206303725,12.498730165342158,0.42478510028653294,27.0,291,1396.0,2646,-1.428200443347276,6.36010829053641,0.8170553948135149,1693.0,-0.08949011446409989,0.04357212953876349,1.9228650137741048
2020-06-15,0.5200573065902578,0.20845272206303725,12.502877646301304,0.42478510028653294,27.0,291,1396.0,2649,-1.4269749285398199,6.36010829053641,0.8099449049411103,1667.75,-0.08949011446409989,0.04357212953876349,1.9228650137741048
2020-06-16,0.5200573065902578,0.20845272206303725,12.507024001318593,0.42478510028653294,27.0,291,1396.0,2650,-1.425455150685992,6.36010829053641,0.8015121325110942,1637.5,-0.08949011446409989,0.04357212953876349,1.9228650137741048
2020-06-17,0.5200573065902578,0.20845272206303725,12.511169230807303,0.42478510028653294,27.0,291,1396.0,2651,-1.4239635969016535,6.36010829053641,0.8017687363996397,1640.0,-0.08949011446409989,0.04357212953876349,1.9228650137741048
2020-06-18,0.5200573065902578,0.20845272206303725,12.515313335182523,0.42478510028653294,27.0,291,1396.0,2652,-1.4220710610532608,6.36010829053641,0.791288399175147,1602.0,-0.08949011446409989,0.04357212953876349,1.9228650137741048
2020-06-19,0.5200573065902578,0.20845272206303725,12.519456314861147,0.42478510028653294,27.0,291,1396.0,2653,-1.4203490408687691,6.36010829053641,0.7949272590838078,1617.25,-0.08949011446409989,0.04357212953876349,1.9228650137741048
2020-06-22,0.5200573065902578,0.20845272206303725,12.523598170261842,0.42478510028653294,27.0,291,1396.0,2656,-1.4182890520473634,6.36010829053641,0.7863757350950752,1586.5,-0.08949011446409989,0.04357212953876349,1.9228650137741048
2020-06-23,0.5200573065902578,0.20845272206303725,12.527738901805042,0.42478510028653294,27.0,291,1396.0,2657,-1.4163837713249452,6.36010829053641,0.7894845742119624,1599.75,-0.08949011446409989,0.04357212953876349,1.9228650137741048
2020-06-24,0.5200573065902578,0.20845272206303725,12.531878509912948,0.42478510028653294,27.0,291,1396.0,2658,-1.4146005986259735,6.36010829053641,0.7919298934095554,1610.5,-0.08949011446409989,0.04357212953876349,1.9228650137741048
2020-06-25,0.5200573065902578,0.20845272206303725,12.536016995009472,0.42478510028653294,27.0,291,1396.0,2659,-1.4125424871647896,6.36010829053641,0.7849089363599626,1585.5,-0.08949011446409989,0.04357212953876349,1.9228650137741048
2020-06-26,0.5200573065902578,0.20845272206303725,12.540154357520274,0.42478510028653294,27.0,291,1396.0,2660,-1.4108499937743464,6.36010829053641,0.7931777638416603,1618.25,-0.08949011446409989,0.04357212953876349,1.9228650137741048
2020-06-29,0.5200573065902578,0.20845272206303725,12.544290597872703,0.42478510028653294,27.0,291,1396.0,2663,-1.4085032545678209,6.36010829053641,0.7774281274929886,1560.25,-0.08949011446409989,0.04357212953876349,1.9228650137741048
2020-06-30,0.5200573065902578,0.20845272206303725,12.548425716495814,0.42478510028653294,27.0,291,1396.0,2664,-1.4056379447968592,6.36010829053641,0.7660521051417005,1518.75,-0.08949011446409989,0.04357212953876349,1.9228650137741048
2020-07-01,0.5200573065902578,0.20845272206303725,12.552559713820342,0.42478510028653294,27.0,291,1396.0,2665,-1.40311439656356,6.36010829053641,0.7725347213733417,1544.75,-0.08949011446409989,0.04357212953876349,1.9228650137741048
2020-07-02,0.5200573065902578,0.20845272206303725,12.55669259027867,0.42478510028653294,27.0,291,1396.0,2666,-1.4010795256397603,6.36010829053641,0.7828480605048642,1585.25,-0.08949011446409989,0.04357212953876349,1.9228650137741048
2020-07-03,0.5200573065902578,0.20845272206303725,12.560824346304855,0.42478510028653294,27.0,291,1396.0,2667,-1.399049322621108,6.36010829053641,0.7824503584961607,1585.25,-0.08949011446409989,0.04357212953876349,1.9228650137741048
2020-07-06,0.5200573065902578,0.20845272206303725,12.564954982334577,0.42478510028653294,27.0,291,1396.0,2670,-1.3967326791777017,6.36010829053641,0.7754463013754821,1560.25,-0.08949011446409989,0.04357212953876349,1.9228650137741048
2020-07-07,0.5200573065902578,0.20845272206303725,12.569084498805136,0.42478510028653294,27.0,291,1396.0,2671,-1.3949729744428256,6.36010829053641,0.7879309533106796,1609.0,-0.08949011446409989,0.04357212953876349,1.9228650137741048
2020-07-08,0.5200573065902578,0.20845272206303725,12.573212896155448,0.42478510028653294,27.0,291,1396.0,2672,-1.392942635358476,6.36010829053641,0.7809295474463139,1584.0,-0.08949011446409989,0.04357212953876349,1.9228650137741048
2020-07-09,0.5200573065902578,0.20845272206303725,12.577340174826025,0.42478510028653294,27.0,291,1396.0,2673,-1.3904969982166882,6.36010829053641,0.7710933795279248,1548.25,-0.08949011446409989,0.04357212953876349,1.9228650137741048
2020-07-10,0.5200573065902578,0.20845272206303725,12.581466335258956,0.42478510028653294,27.0,291,1396.0,2674,-1.3878846956185589,6.36010829053641,0.7670044197518175,1534.25,-0.08949011446409989,0.04357212953876349,1.9228650137741048
2020-07-13,0.5200573065902578,0.20845272206303725,12.585591377897899,0.42478510028653294,27.0,291,1396.0,2677,-1.3864940631195943,6.36010829053641,0.7955121685654686,1643.75,-0.08949011446409989,0.04357212953876349,1.9228650137741048
2020-07-14,0.5200573065902578,0.20845272206303725,12.589715303188063,0.42478510028653294,27.0,291,1396.0,2678,-1.384406824381534,6.36010829053641,0.7775670768123119,1577.25,-0.08949011446409989,0.04357212953876349,1.9228650137741048
2020-07-15,0.5200573065902578,0.20845272206303725,12.593838111576206,0.42478510028653294,27.0,291,1396.0,2679,-1.382227012897054,6.36010829053641,0.7749310430274419,1568.75,-0.08949011446409989,0.04357212953876349,1.9228650137741048
2020-07-16,0.5200573065902578,0.20845272206303725,12.597959803510605,0.42478510028653294,27.0,291,1396.0,2680,-1.3801864675251538,6.36010829053641,0.7776367865287371,1580.5,-0.08949011446409989,0.04357212953876349,1.9228650137741048
2020-07-17,0.5200573065902578,0.20845272206303725,12.602080379441063,0.42478510028653294,27.0,291,1396.0,2681,-1.3783806515909902,6.36010829053641,0.7827800029391577,1601.5,-0.08949011446409989,0.04357212953876349,1.9228650137741048
2020-07-20,0.5200573065902578,0.20845272206303725,12.606199839818867,0.42478510028653294,27.0,291,1396.0,2684,-1.3764734773796714,6.36010829053641,0.7798158020144923,1591.75,-0.08949011446409989,0.04357212953876349,1.9228650137741048
2020-07-21,0.5200573065902578,0.20845272206303725,12.610318185096801,0.42478510028653294,27.0,291,1396.0,2685,-1.3746993498894005,6.36010829053641,0.7825845845680819,1603.75,-0.08949011446409989,0.04357212953876349,1.9228650137741048
2020-07-22,0.5200573065902578,0.20845272206303725,12.614435415729131,0.42478510028653294,27.0,291,1396.0,2686,-1.3725691383744003,6.36010829053641,0.773563379021059,1571.0,-0.08949011446409989,0.04357212953876349,1.9228650137741048
2020-07-23,0.5200573065902578,0.20845272206303725,12.618551532171574,0.42478510028653294,27.0,291,1396.0,2687,-1.3702615457653862,6.36010829053641,0.7690243393907471,1555.25,-0.08949011446409989,0.04357212953876349,1.9228650137741048
2020-07-24,0.5200573065902578,0.20845272206303725,12.622666534881299,0.42478510028653294,27.0,291,1396.0,2688,-1.3676298304092185,6.36010829053641,0.7614599755097274,1528.0,-0.08949011446409989,0.04357212953876349,1.9228650137741048
2020-07-27,0.5200573065902578,0.20845272206303725,12.62678042431692,0.42478510028653294,27.0,291,1396.0,2691,-1.3651498925776446,6.36010829053641,0.76416564795106,1539.75,-0.08949011446409989,0.04357212953876349,1.9228650137741048
2020-07-28,0.5200573065902578,0.20845272206303725,12.630893200938457,0.42478510028653294,27.0,291,1396.0,2692,-1.3629854451866548,6.36010829053641,0.7706858800667816,1566.0,-0.08949011446409989,0.04357212953876349,1.9228650137741048
2020-07-29,0.5200573065902578,0.20845272206303725,12.635004865207366,0.42478510028653294,27.0,291,1396.0,2693,-1.3608716729722174,6.36010829053641,0.7713491525646221,1570.0,-0.08949011446409989,0.04357212953876349,1.9228650137741048
2020-07-30,0.5200573065902578,0.20845272206303725,12.639115417586478,0.42478510028653294,27.0,291,1396.0,2694,-1.3590048745908685,6.36010829053641,0.7767466200291029,1592.0,-0.08949011446409989,0.04357212953876349,1.9228650137741048
2020-07-31,0.5200573065902578,0.20845272206303725,12.643224858540028,0.42478510028653294,27.0,291,1396.0,2695,-1.3565033757967835,6.36010829053641,0.7616313185551441,1536.0,-0.08949011446409989,0.04357212953876349,1.9228650137741048
2020-08-03,0.5200573065902578,0.20845272206303725,12.647333188533617,0.42478510028653294,27.0,291,1396.0,2698,-1.354068865571861,6.36010829053641,0.7625599088060147,1541.0,-0.08949011446409989,0.04357212953876349,1.9228650137741048
2020-08-04,0.5200573065902578,0.20845272206303725,12.651440408034208,0.42478510028653294,27.0,291,1396.0,2699,-1.3510720478803095,6.36010829053641,0.7502161929324267,1495.5,-0.08949011446409989,0.04357212953876349,1.9228650137741048
2020-08-05,0.5200573065902578,0.20845272206303725,12.655546517510123,0.42478510028653294,27.0,291,1396.0,2700,-1.3479864426597954,6.36010829053641,0.7478633910550775,1488.0,-0.08949011446409989,0.04357212953876349,1.9228650137741048
2020-08-06,0.5200573065902578,0.20845272206303725,12.659651517431001,0.42478510028653294,27.0,291,1396.0,2701,-1.3449406749792576,6.36010829053641,0.748073088706242,1490.25,-0.08949011446409989,0.04357212953876349,1.9228650137741048
2020-08-07,0.5200573065902578,0.20845272206303725,12.663755408267836,0.42478510028653294,27.0,291,1396.0,2702,-1.3413051932088957,6.36010829053641,0.7361373844592213,1446.25,-0.08949011446409989,0.04357212953876349,1.9228650137741048
2020-08-10,0.5200573065902578,0.20845272206303725,12.667858190492915,0.42478510028653294,27.0,291,1396.0,2705,-1.3372824072709337,6.36010829053641,0.7284743500057345,1418.5,-0.08949011446409989,0.04357212953876349,1.9228650137741048
2020-08-11,0.5200573065902578,0.20845272206303725,12.671959864579833,0.42478510028653294,27.0,291,1396.0,2706,-1.334332903228363,6.36010829053641,0.7481777336032686,1495.0,-0.08949011446409989,0.04357212953876349,1.9228650137741048
2020-08-12,0.5200573065902578,0.20845272206303725,12.67606043100348,0.42478510028653294,27.0,291,1396.0,2707,-1.3315730753693404,6.36010829053641,0.7515366718612669,1509.25,-0.08949011446409989,0.04357212953876349,1.9228650137741048
2020-08-13,0.5200573065902578,0.20845272206303725,12.68015989024002,0.42478510028653294,27.0,291,1396.0,2708,-1.329044466006356,6.36010829053641,0.7559433558109709,1527.5,-0.08949011446409989,0.04357212953876349,1.9228650137741048
2020-08-14,0.5200573065902578,0.20845272206303725,12.684258242766882,0.42478510028653294,27.0,291,1396.0,2709,-1.3261468815078694,6.36010829053641,0.7475627095647123,1497.0,-0.08949011446409989,0.04357212953876349,1.9228650137741048
2020-08-17,0.5200573065902578,0.20845272206303725,12.688355489062758,0.42478510028653294,27.0,291,1396.0,2712,-1.3233683572701145,6.36010829053641,0.7494776803879087,1505.75,-0.08949011446409989,0.04357212953876349,1.9228650137741048
2020-08-18,0.5200573065902578,0.20845272206303725,12.692451629607582,0.42478510028653294,27.0,291,1396.0,2713,-1.3206723732493217,6.36010829053641,0.750670997515375,1511.75,-0.08949011446409989,0.04357212953876349,1.9228650137741048
2020-08-19,0.5200573065902578,0.20845272206303725,12.696546664882518,0.42478510028653294,27.0,291,1396.0,2714,-1.3182943356914982,6.36010829053641,0.7571049680344858,1537.75,-0.08949011446409989,0.04357212953876349,1.9228650137741048
2020-08-20,0.5200573065902578,0.20845272206303725,12.70064059536996,0.42478510028653294,27.0,291,1396.0,2715,-1.3157730936215293,6.36010829053641,0.753383803872529,1525.0,-0.08949011446409989,0.04357212953876349,1.9228650137741048
2020-08-21,0.5200573065902578,0.20845272206303725,12.704733421553497,0.42478510028653294,27.0,291,1396.0,2716,-1.3133061650059432,6.36010829053641,0.7540518906484077,1529.0,-0.08949011446409989,0.04357212953876349,1.9228650137741048
2020-08-24,0.5200573065902578,0.20845272206303725,12.708825143917938,0.42478510028653294,27.0,291,1396.0,2719,-1.3104334400975206,6.36010829053641,0.7447695664449717,1495.0,-0.08949011446409989,0.04357212953876349,1.9228650137741048
2020-08-25,0.5200573065902578,0.20845272206303725,12.712915762949264,0.42478510028653294,27.0,291,1396.0,2720,-1.3075038154880536,6.36010829053641,0.7430184674209742,1489.75,-0.08949011446409989,0.04357212953876349,1.9228650137741048
2020-08-26,0.5200573065902578,0.20845272206303725,12.717005279134643,0.42478510028653294,27.0,291,1396.0,2721,-1.3043888172453746,6.36010829053641,0.7386513559999268,1474.5,-0.08949011446409989,0.04357212953876349,1.9228650137741048
2020-08-27,0.5200573065902578,0.20845272206303725,12.72109369296241,0.42478510028653294,27.0,291,1396.0,2722,-1.3018563227679427,6.36010829053641,0.7503777682716354,1520.75,-0.08949011446409989,0.04357212953876349,1.9228650137741048
2020-08-28,0.5200573065902578,0.20845272206303725,12.725181004922048,0.42478510028653294,27.0,291,1396.0,2723,-1.2991909332422684,6.36010829053641,0.7469269007648035,1509.0,-0.08949011446409989,0.04357212953876349,1.9228650137741048
2020-08-31,0.5200573065902578,0.20845272206303725,12.729267215504192,0.42478510028653294,27.0,291,1396.0,2726,-1.2971161034071041,6.36010829053641,0.759887542899386,1560.0,-0.08949011446409989,0.04357212953876349,1.9228650137741048
2020-09-01,0.5200573065902578,0.20845272206303725,12.733352325200608,0.42478510028653294,27.0,291,1396.0,2727,-1.2947432878299625,6.36010829053641,0.7523840775187557,1532.75,-0.08949011446409989,0.04357212953876349,1.9228650137741048
2020-09-02,0.5200573065902578,0.20845272206303725,12.737436334504197,0.42478510028653294,27.0,291,1396.0,2728,-1.2923939555283785,6.36010829053641,0.752399095116801,1534.25,-0.08949011446409989,0.04357212953876349,1.9228650137741048
2020-09-03,0.5200573065902578,0.20845272206303725,12.741519243908948,0.42478510028653294,27.0,291,1396.0,2729,-1.2886570579371508,6.36010829053641,0.7232138717479716,1424.0,-0.08949011446409989,0.04357212953876349,1.9228650137741048
2020-09-04,0.5200573065902578,0.20845272206303725,12.745601053909988,0.42478510028653294,27.0,291,1396.0,2730,-1.2863967012832684,6.36010829053641,0.7533439768047573,1540.75,-0.08949011446409989,0.04357212953876349,1.9228650137741048
2020-09-07,0.5200573065902578,0.20845272206303725,12.749681765003508,0.42478510028653294,27.0,291,1396.0,2733,-1.2841422086637704,6.36010829053641,0.7529675385004003,1540.75,-0.08949011446409989,0.04357212953876349,1.9228650137741048
2020-09-08,0.5200573065902578,0.20845272206303725,12.753761377686791,0.42478510028653294,27.0,291,1396.0,2734,-1.2828069781402176,6.36010829053641,0.7763512718599891,1631.75,-0.08949011446409989,0.04357212953876349,1.9228650137741048
2020-09-09,0.5200573065902578,0.20845272206303725,12.757839892458191,0.42478510028653294,27.0,291,1396.0,2735,-1.2820806004465632,6.36010829053641,0.7955465259838195,1706.75,-0.08949011446409989,0.04357212953876349,1.9228650137741048
2020-09-10,0.5200573065902578,0.20845272206303725,12.761917309817132,0.42478510028653294,27.0,291,1396.0,2736,-1.2811344765519215,6.36010829053641,0.7875268301929105,1677.5,-0.08949011446409989,0.04357212953876349,1.9228650137741048
2020-09-11,0.5200573065902578,0.20845272206303725,12.76599363026408,0.42478510028653294,27.0,291,1396.0,2737,-1.2803389352479022,6.36010829053641,0.7922299991943818,1697.0,-0.08949011446409989,0.04357212953876349,1.9228650137741048
2020-09-14,0.5200573065902578,0.20845272206303725,12.770068854300549,0.42478510028653294,27.0,291,1396.0,2740,-1.2794653188533984,6.36010829053641,0.7891061713112567,1686.5,-0.08949011446409989,0.04357212953876349,1.9228650137741048
2020-09-15,0.5200573065902578,0.20845272206303725,12.774142982429078,0.42478510028653294,27.0,291,1396.0,2741,-1.2784795129490647,6.36010829053641,0.7849411300944342,1672.0,-0.08949011446409989,0.04357212953876349,1.9228650137741048
2020-09-16,0.5200573065902578,0.20845272206303725,12.778216015153225,0.42478510028653294,27.0,291,1396.0,2742,-1.2777638929016464,6.36010829053641,0.7938128532731208,1707.5,-0.08949011446409989,0.04357212953876349,1.9228650137741048
2020-09-17,0.5200573065902578,0.20845272206303725,12.782287952977583,0.42478510028653294,27.0,291,1396.0,2743,-1.276236878832769,6.36010829053641,0.7678873269401584,1609.5,-0.08949011446409989,0.04357212953876349,1.9228650137741048
2020-09-18,0.5200573065902578,0.20845272206303725,12.786358796407722,0.42478510028653294,27.0,291,1396.0,2744,-1.2746702247886483,6.36010829053641,0.766337138558323,1605.0,-0.08949011446409989,0.04357212953876349,1.9228650137741048
2020-09-21,0.5200573065902578,0.20845272206303725,12.790428545950215,0.42478510028653294,27.0,291,1396.0,2747,-1.2720998957355565,6.36010829053641,0.7412140914414777,1510.0,-0.08949011446409989,0.04357212953876349,1.9228650137741048
2020-09-22,0.5200573065902578,0.20845272206303725,12.794497202112618,0.42478510028653294,27.0,291,1396.0,2748,-1.2693835237702162,6.36010829053641,0.7374584766089318,1497.0,-0.08949011446409989,0.04357212953876349,1.9228650137741048
2020-09-23,0.5200573065902578,0.20845272206303725,12.798564765403457,0.42478510028653294,27.0,291,1396.0,2749,-1.2670313368338844,6.36010829053641,0.7450952606431518,1527.75,-0.08949011446409989,0.04357212953876349,1.9228650137741048
2020-09-24,0.5200573065902578,0.20845272206303725,12.802631236332225,0.42478510028653294,27.0,291,1396.0,2750,-1.264094263688574,6.36010829053641,0.7316454799172929,1477.5,-0.08949011446409989,0.04357212953876349,1.9228650137741048
2020-09-25,0.5200573065902578,0.20845272206303725,12.806696615409368,0.42478510028653294,27.0,291,1396.0,2751,-1.2613038204670601,6.36010829053641,0.7342060011080908,1488.75,-0.08949011446409989,0.04357212953876349,1.9228650137741048
2020-09-28,0.5200573065902578,0.20845272206303725,12.81076090314628,0.42478510028653294,27.0,291,1396.0,2754,-1.2583240494958992,6.36010829053641,0.7296113632480148,1472.5,-0.08949011446409989,0.04357212953876349,1.9228650137741048
2020-09-29,0.5200573065902578,0.20845272206303725,12.814824100055286,0.42478510028653294,27.0,291,1396.0,2755,-1.2554976631799677,6.36010829053641,0.7323014790616047,1484.25,-0.08949011446409989,0.04357212953876349,1.9228650137741048
2020-09-30,0.5200573065902578,0.20845272206303725,12.818886206649642,0.42478510028653294,27.0,291,1396.0,2756,-1.2524038576947734,6.36010829053641,0.7260850185150117,1461.75,-0.08949011446409989,0.04357212953876349,1.9228650137741048
2020-10-01,0.5200573065902578,0.20845272206303725,12.822947223443515,0.42478510028653294,27.0,291,1396.0,2757,-1.2490437136820742,6.36010829053641,0.7200669253779397,1440.0,-0.08949011446409989,0.04357212953876349,1.9228650137741048
2020-10-02,0.5200573065902578,0.20845272206303725,12.82700715095199,0.42478510028653294,27.0,291,1396.0,2758,-1.24618381073667,6.36010829053641,0.7298395603190123,1479.0,-0.08949011446409989,0.04357212953876349,1.9228650137741048
2020-10-05,0.5200573065902578,0.20845272206303725,12.831065989691043,0.42478510028653294,27.0,291,1396.0,2761,-1.2433751596054383,6.36010829053641,0.7303841202135166,1482.5,-0.08949011446409989,0.04357212953876349,1.9228650137741048
2020-10-06,0.5200573065902578,0.20845272206303725,12.835123740177533,0.42478510028653294,27.0,291,1396.0,2762,-1.24107277085763,6.36010829053641,0.7413181851093661,1526.0,-0.08949011446409989,0.04357212953876349,1.9228650137741048
2020-10-07,0.5200573065902578,0.20845272206303725,12.839180402929225,0.42478510028653294,27.0,291,1396.0,2763,-1.2389669266701782,6.36010829053641,0.7455601737150602,1543.75,-0.08949011446409989,0.04357212953876349,1.9228650137741048
2020-10-08,0.5200573065902578,0.20845272206303725,12.843235978464731,0.42478510028653294,27.0,291,1396.0,2764,-1.2368347179463037,6.36010829053641,0.7444133246579123,1540.75,-0.08949011446409989,0.04357212953876349,1.9228650137741048
2020-10-09,0.5200573065902578,0.20845272206303725,12.847290467303536,0.42478510028653294,27.0,291,1396.0,2765,-1.2346066983342208,6.36010829053641,0.7415802503123388,1531.25,-0.08949011446409989,0.04357212953876349,1.9228650137741048
2020-10-12,0.5200573065902578,0.20845272206303725,12.851343869965982,0.42478510028653294,27.0,291,1396.0,2768,-1.232810836528392,6.36010829053641,0.7519818270778195,1572.75,-0.08949011446409989,0.04357212953876349,1.9228650137741048
2020-10-13,0.5200573065902578,0.20845272206303725,12.855396186973257,0.42478510028653294,27.0,291,1396.0,2769,-1.2315416054437114,6.36010829053641,0.7663989356330793,1629.75,-0.08949011446409989,0.04357212953876349,1.9228650137741048
2020-10-14,0.5200573065902578,0.20845272206303725,12.859447418847376,0.42478510028653294,27.0,291,1396.0,2770,-1.2304749610762,6.36010829053641,0.7723154847894594,1654.0,-0.08949011446409989,0.04357212953876349,1.9228650137741048
2020-10-15,0.5200573065902578,0.20845272206303725,12.863497566111198,0.42478510028653294,27.0,291,1396.0,2771,-1.2294984485142548,6.36010829053641,0.7748586460927659,1665.25,-0.08949011446409989,0.04357212953876349,1.9228650137741048
2020-10-16,0.5200573065902578,0.20845272206303725,12.867546629288391,0.42478510028653294,27.0,291,1396.0,2772,-1.2290044778552467,6.36010829053641,0.7923695598072827,1734.25,-0.08949011446409989,0.04357212953876349,1.9228650137741048
2020-10-19,0.5200573065902578,0.20845272206303725,12.871594608903434,0.42478510028653294,27.0,291,1396.0,2775,-1.2283990671686387,6.36010829053641,0.7874564393875013,1716.75,-0.08949011446409989,0.04357212953876349,1.9228650137741048
2020-10-20,0.5200573065902578,0.20845272206303725,12.875641505481621,0.42478510028653294,27.0,291,1396.0,2776,-1.2279416415037787,6.36010829053641,0.7931030338185457,1740.0,-0.08949011446409989,0.04357212953876349,1.9228650137741048
2020-10-21,0.5200573065902578,0.20845272206303725,12.879687319549026,0.42478510028653294,27.0,291,1396.0,2777,-1.2279151555497478,6.36010829053641,0.8143516429806752,1823.5,-0.08949011446409989,0.04357212953876349,1.9228650137741048
2020-10-22,0.5200573065902578,0.20845272206303725,12.883732051632519,0.42478510028653294,27.0,291,1396.0,2778,-1.227954591005468,6.36010829053641,0.8181761645797652,1839.75,-0.08949011446409989,0.04357212953876349,1.9228650137741048
2020-10-23,0.5200573065902578,0.20845272206303725,12.887775702259747,0.42478510028653294,27.0,291,1396.0,2779,-1.227862168491037,6.36010829053641,0.8097027366559444,1808.5,-0.08949011446409989,0.04357212953876349,1.9228650137741048
2020-10-26,0.5200573065902578,0.20845272206303725,12.891818271959124,0.42478510028653294,27.0,291,1396.0,2782,-1.2275589263101574,6.36010829053641,0.7984517766100774,1766.5,-0.08949011446409989,0.04357212953876349,1.9228650137741048
2020-10-27,0.5200573065902578,0.20845272206303725,12.895859761259825,0.42478510028653294,27.0,291,1396.0,2783,-1.2272477656857357,6.36010829053641,0.7976854659652612,1765.0,-0.08949011446409989,0.04357212953876349,1.9228650137741048
2020-10-28,0.5200573065902578,0.20845272206303725,12.899900170691785,0.42478510028653294,27.0,291,1396.0,2784,-1.2274022092474894,6.36010829053641,0.8251142405839462,1872.5,-0.08949011446409989,0.04357212953876349,1.9228650137741048
2020-10-29,0.5200573065902578,0.20845272206303725,12.903939500785679,0.42478510028653294,27.0,291,1396.0,2785,-1.2277500155666978,6.36010829053641,0.847938879814121,1962.25,-0.08949011446409989,0.04357212953876349,1.9228650137741048
2020-10-30,0.5200573065902578,0.20845272206303725,12.907977752072918,0.42478510028653294,27.0,291,1396.0,2786,-1.227935755881928,6.36010829053641,0.8270600587857353,1883.0,-0.08949011446409989,0.04357212953876349,1.9228650137741048
2020-11-02,0.5200573065902578,0.20845272206303725,12.912014925085654,0.42478510028653294,27.0,291,1396.0,2789,-1.2280258846114929,6.36010829053641,0.8190508220527497,1853.5,-0.08949011446409989,0.04357212953876349,1.9228650137741048
2020-11-03,0.5200573065902578,0.20845272206303725,12.916051020356747,0.42478510028653294,27.0,291,1396.0,2790,-1.2282412700810328,6.36010829053641,0.829069151591293,1893.75,-0.08949011446409989,0.04357212953876349,1.9228650137741048
2020-11-04,0.5200573065902578,0.20845272206303725,12.92008603841978,0.42478510028653294,27.0,291,1396.0,2791,-1.2284183790582057,6.36010829053641,0.8251971750954232,1880.25,-0.08949011446409989,0.04357212953876349,1.9228650137741048
2020-11-05,0.5200573065902578,0.20845272206303725,12.924119979809038,0.42478510028653294,27.0,291,1396.0,2792,-1.228640576883257,6.36010829053641,0.8290107370699477,1896.5,-0.08949011446409989,0.04357212953876349,1.9228650137741048
2020-11-06,0.5200573065902578,0.20845272206303725,12.92815284505951,0.42478510028653294,27.0,291,1396.0,2793,-1.2287960033259864,6.36010829053641,0.8226236878611342,1873.25,-0.08949011446409989,0.04357212953876349,1.9228650137741048
2020-11-09,0.5200573065902578,0.20845272206303725,12.932184634706864,0.42478510028653294,27.0,291,1396.0,2796,-1.2291714492825576,6.36010829053641,0.8576701526218082,2010.5,-0.08949011446409989,0.04357212953876349,1.9228650137741048
2020-11-10,0.5200573065902578,0.20845272206303725,12.936215349287473,0.42478510028653294,27.0,291,1396.0,2797,-1.2295384084798693,6.36010829053641,0.8653438599890213,2041.75,-0.08949011446409989,0.04357212953876349,1.9228650137741048
2020-11-11,0.5200573065902578,0.20845272206303725,12.940244989338353,0.42478510028653294,27.0,291,1396.0,2798,-1.2299126267054739,6.36010829053641,0.8568889062694401,2010.5,-0.08949011446409989,0.04357212953876349,1.9228650137741048
2020-11-12,0.5200573065902578,0.20845272206303725,12.944273555397224,0.42478510028653294,27.0,291,1396.0,2799,-1.2302789608090148,6.36010829053641,0.8508243487232395,1988.5,-0.08949011446409989,0.04357212953876349,1.9228650137741048
2020-11-13,0.5200573065902578,0.20845272206303725,12.948301048002442,0.42478510028653294,27.0,291,1396.0,2800,-1.23064058006904,6.36010829053641,0.8487599933916486,1982.0,-0.08949011446409989,0.04357212953876349,1.9228650137741048
2020-11-16,0.5200573065902578,0.20845272206303725,12.952327467693022,0.42478510028653294,27.0,291,1396.0,2803,-1.2309446770541308,6.36010829053641,0.8363849349928236,1935.5,-0.08949011446409989,0.04357212953876349,1.9228650137741048
2020-11-17,0.5098314606741573,0.20435393258426968,12.95630231274874,0.3967696629213483,27.0,291,1424.0,2804,-1.2312602551746228,6.36010829053641,0.8481758676418363,1956.5,-0.08949011446409989,0.04357212953876349,1.9614325068870524
2020-11-18,0.5098314606741573,0.20435393258426968,12.960276192417904,0.3967696629213483,27.0,291,1424.0,2805,-1.2316790586113775,6.36010829053641,0.8740676338639393,2058.5,-0.08949011446409989,0.04357212953876349,1.9614325068870524
2020-11-19,0.5098314606741573,0.20435393258426968,12.964249106909799,0.3967696629213483,27.0,291,1424.0,2806,-1.2320972986064869,6.36010829053641,0.871545922673995,2050.25,-0.08949011446409989,0.04357212953876349,1.9614325068870524
2020-11-20,0.5663026521060842,0.22698907956318254,12.968400529966187,0.5514820592823713,27.0,291,1282.0,2807,-1.232215491690009,6.36010829053641,0.8095051055948816,1943.75,-0.08949011446409989,0.04357212953876349,1.765840220385675
2020-11-23,0.5663026521060842,0.22698907956318254,12.972550641964695,0.5514820592823713,27.0,291,1282.0,2810,-1.2322954899300942,6.36010829053641,0.8136484649247716,1961.25,-0.08949011446409989,0.04357212953876349,1.765840220385675
2020-11-24,0.5663026521060842,0.22698907956318254,12.976699444125877,0.5514820592823713,27.0,291,1282.0,2811,-1.2323607679933415,6.36010829053641,0.8148297415229686,1967.25,-0.08949011446409989,0.04357212953876349,1.765840220385675
2020-11-25,0.5663026521060842,0.22698907956318254,12.98084693766845,0.5514820592823713,27.0,291,1282.0,2812,-1.232384683089034,6.36010829053641,0.8184552363053854,1982.75,-0.08949011446409989,0.04357212953876349,1.765840220385675
2020-11-26,0.5663026521060842,0.22698907956318254,12.984993123809266,0.5514820592823713,27.0,291,1282.0,2813,-1.2324085443505735,6.36010829053641,0.8180913671928497,1982.75,-0.08949011446409989,0.04357212953876349,1.765840220385675
2020-11-27,0.5663026521060842,0.22698907956318254,12.989138003763353,0.5514820592823713,27.0,291,1282.0,2814,-1.2324323519595393,6.36010829053641,0.8177278376849141,1982.75,-0.08949011446409989,0.04357212953876349,1.765840220385675
2020-11-30,0.5663026521060842,0.22698907956318254,12.993281578743892,0.5514820592823713,27.0,291,1282.0,2817,-1.2325346131351007,6.36010829053641,0.8092005948367393,1951.0,-0.08949011446409989,0.04357212953876349,1.765840220385675
2020-12-01,0.5663026521060842,0.22698907956318254,12.997423849962221,0.5514820592823713,27.0,291,1282.0,2818,-1.2326263424912025,6.36010829053641,0.8100609214910282,1955.75,-0.08949011446409989,0.04357212953876349,1.765840220385675
2020-12-02,0.5663026521060842,0.22698907956318254,13.001564818627857,0.5514820592823713,27.0,291,1282.0,2819,-1.2327606653213063,6.36010829053641,0.8041746198609222,1934.25,-0.08949011446409989,0.04357212953876349,1.765840220385675
2020-12-03,0.5663026521060842,0.22698907956318254,13.005704485948481,0.5514820592823713,27.0,291,1282.0,2820,-1.2328262021319174,6.36010829053641,0.8121661090128253,1966.75,-0.08949011446409989,0.04357212953876349,1.765840220385675
2020-12-04,0.5663026521060842,0.22698907956318254,13.009842853129953,0.5514820592823713,27.0,291,1282.0,2821,-1.232929254938648,6.36010829053641,0.807566949632837,1950.25,-0.08949011446409989,0.04357212953876349,1.765840220385675
2020-12-07,0.5663026521060842,0.22698907956318254,13.013979921376311,0.5514820592823713,27.0,291,1282.0,2824,-1.2330575542093325,6.36010829053641,0.8038691219650943,1937.25,-0.08949011446409989,0.04357212953876349,1.765840220385675
2020-12-08,0.5663026521060842,0.22698907956318254,13.01811569188978,0.5514820592823713,27.0,291,1282.0,2825,-1.233179605919519,6.36010829053641,0.8043453590344156,1940.5,-0.08949011446409989,0.04357212953876349,1.765840220385675
2020-12-09,0.49658002735978113,0.19904240766073872,13.021992040982019,0.36046511627906974,27.0,291,1462.0,2826,-1.2336471457430955,6.36010829053641,0.8815900510855293,2075.5,-0.08949011446409989,0.04357212953876349,2.0137741046831956
2020-12-10,0.49658002735978113,0.19904240766073872,13.025867611727383,0.36046511627906974,27.0,291,1462.0,2827,-1.2341159512204443,6.36010829053641,0.8819609905563304,2078.5,-0.08949011446409989,0.04357212953876349,2.0137741046831956
2020-12-11,0.48239202657807306,0.19335548172757475,13.029636173414092,0.3215946843853821,27.0,291,1505.0,2828,-1.2346405740252109,6.36010829053641,0.9000810562972827,2110.75,-0.08949011446409989,0.04357212953876349,2.0730027548209367
2020-12-14,0.48239202657807306,0.19335548172757475,13.033404208589397,0.3215946843853821,27.0,291,1505.0,2831,-1.2351990195944436,6.36010829053641,0.9123043545873564,2160.0,-0.08949011446409989,0.04357212953876349,2.0730027548209367
2020-12-15,0.48239202657807306,0.19335548172757475,13.037171716033843,0.3215946843853821,27.0,291,1505.0,2832,-1.235753039468793,6.36010829053641,0.9088805341140981,2148.25,-0.08949011446409989,0.04357212953876349,2.0730027548209367
2020-12-16,0.48239202657807306,0.19335548172757475,13.04093869453597,0.3215946843853821,27.0,291,1505.0,2833,-1.23630973571785,6.36010829053641,0.9146870469009163,2172.5,-0.08949011446409989,0.04357212953876349,2.0730027548209367
2020-12-17,0.48239202657807306,0.19335548172757475,13.044705142892264,0.3215946843853821,27.0,291,1505.0,2834,-1.2368573096616697,6.36010829053641,0.9058187950465415,2139.5,-0.08949011446409989,0.04357212953876349,2.0730027548209367
2020-12-18,0.48239202657807306,0.19335548172757475,13.048471059907106,0.3215946843853821,27.0,291,1505.0,2835,-1.237300432753292,6.36010829053641,0.8865786284830638,2066.0,-0.08949011446409989,0.04357212953876349,2.0730027548209367
2020-12-21,0.48239202657807306,0.19335548172757475,13.052236444392735,0.3215946843853821,27.0,291,1505.0,2838,-1.2377086199502356,6.36010829053641,0.8824611975017591,2051.5,-0.08949011446409989,0.04357212953876349,2.0730027548209367
2020-12-22,0.48239202657807306,0.19335548172757475,13.056001295169205,0.3215946843853821,27.0,291,1505.0,2839,-1.2380462736522062,6.36010829053641,0.8756571886041008,2026.5,-0.08949011446409989,0.04357212953876349,2.0730027548209367
2020-12-23,0.48239202657807306,0.19335548172757475,13.059765611064329,0.3215946843853821,27.0,291,1505.0,2840,-1.2384959722905493,6.36010829053641,0.8863299552797796,2069.75,-0.08949011446409989,0.04357212953876349,2.0730027548209367
2020-12-24,0.48239202657807306,0.19335548172757475,13.063529390913644,0.3215946843853821,27.0,291,1505.0,2841,-1.2389450984512214,6.36010829053641,0.8859275570814542,2069.75,-0.08949011446409989,0.04357212953876349,2.0730027548209367
2020-12-25,0.48239202657807306,0.19335548172757475,13.067292633560372,0.3215946843853821,27.0,291,1505.0,2842,-1.2393936532266971,6.36010829053641,0.8855255376364407,2069.75,-0.08949011446409989,0.04357212953876349,2.0730027548209367
2020-12-28,0.48239202657807306,0.19335548172757475,13.071055337855372,0.3215946843853821,27.0,291,1505.0,2845,-1.2398534520709514,6.36010829053641,0.8865948608400159,2075.5,-0.08949011446409989,0.04357212953876349,2.0730027548209367
2020-12-29,0.48239202657807306,0.19335548172757475,13.074817502657096,0.3215946843853821,27.0,291,1505.0,2846,-1.2403327695000648,6.36010829053641,0.8889425816734873,2086.25,-0.08949011446409989,0.04357212953876349,2.0730027548209367
2020-12-30,0.48239202657807306,0.19335548172757475,13.078579126831553,0.3215946843853821,27.0,291,1505.0,2847,-1.2407938173745108,6.36010829053641,0.8861115699435347,2076.75,-0.08949011446409989,0.04357212953876349,2.0730027548209367
2020-12-31,0.48239202657807306,0.19335548172757475,13.082340209252244,0.3215946843853821,27.0,291,1505.0,2848,-1.2411661261657587,6.36010829053641,0.8761886189033428,2039.5,-0.08949011446409989,0.04357212953876349,2.0730027548209367
2021-01-01,0.48239202657807306,0.19335548172757475,13.086100748800163,0.3215946843853821,27.0,291,1505.0,2849,-1.2415380074131595,6.36010829053641,0.8757904611950393,2039.5,-0.08949011446409989,0.04357212953876349,2.0730027548209367
2021-01-04,0.48239202657807306,0.19335548172757475,13.089860744363712,0.3215946843853821,27.0,291,1505.0,2852,-1.2417846864677136,6.36010829053641,0.865428447005814,2000.5,-0.08949011446409989,0.04357212953876349,2.0730027548209367
2021-01-05,0.48239202657807306,0.19335548172757475,13.093620194838685,0.3215946843853821,27.0,291,1505.0,2853,-1.2418852370575362,6.36010829053641,0.8557743236112835,1964.25,-0.08949011446409989,0.04357212953876349,2.0730027548209367
2021-01-06,0.48239202657807306,0.19335548172757475,13.097379099128215,0.3215946843853821,27.0,291,1505.0,2854,-1.2421466793988325,6.36010829053641,0.8657243819573475,2004.75,-0.08949011446409989,0.04357212953876349,2.0730027548209367
2021-01-07,0.48239202657807306,0.19335548172757475,13.101137456142748,0.3215946843853821,27.0,291,1505.0,2855,-1.242486935301248,6.36010829053641,0.8715209469031422,2029.0,-0.08949011446409989,0.04357212953876349,2.0730027548209367
2021-01-08,0.48239202657807306,0.19335548172757475,13.104895264799977,0.3215946843853821,27.0,291,1505.0,2856,-1.242715153957031,6.36010829053641,0.8626388677341653,1995.75,-0.08949011446409989,0.04357212953876349,2.0730027548209367
2021-01-11,0.48239202657807306,0.19335548172757475,13.108652524024826,0.3215946843853821,27.0,291,1505.0,2859,-1.2428746427739907,6.36010829053641,0.8577803733237631,1978.25,-0.08949011446409989,0.04357212953876349,2.0730027548209367
2021-01-12,0.48239202657807306,0.19335548172757475,13.112409232749398,0.3215946843853821,27.0,291,1505.0,2860,-1.243027790809745,6.36010829053641,0.8570061596591647,1976.75,-0.08949011446409989,0.04357212953876349,2.0730027548209367
2021-01-13,0.48239202657807306,0.19335548172757475,13.116165389912938,0.3215946843853821,27.0,291,1505.0,2861,-1.2431640696533752,6.36010829053641,0.8555949174274105,1972.75,-0.08949011446409989,0.04357212953876349,2.0730027548209367
2021-01-14,0.48239202657807306,0.19335548172757475,13.119920994461783,0.3215946843853821,27.0,291,1505.0,2862,-1.2433413220242016,6.36010829053641,0.8577541708798341,1982.75,-0.08949011446409989,0.04357212953876349,2.0730027548209367
2021-01-15,0.48239202657807306,0.19335548172757475,13.123676045349354,0.3215946843853821,27.0,291,1505.0,2863,-1.2436276242923119,6.36010829053641,0.8649469043505865,2012.5,-0.08949011446409989,0.04357212953876349,2.0730027548209367
2021-01-18,0.48239202657807306,0.19335548172757475,13.12743054153607,0.3215946843853821,27.0,291,1505.0,2866,-1.2439136223036908,6.36010829053641,0.8645545904675398,2012.5,-0.08949011446409989,0.04357212953876349,2.0730027548209367
2021-01-19,0.48239202657807306,0.19335548172757475,13.131184481989344,0.3215946843853821,27.0,291,1505.0,2867,-1.2442205616305262,6.36010829053641,0.8658186952627389,2019.0,-0.08949011446409989,0.04357212953876349,2.0730027548209367
2021-01-20,0.48239202657807306,0.19335548172757475,13.134937865683542,0.3215946843853821,27.0,291,1505.0,2868,-1.2446021371642917,6.36010829053641,0.8719855329948607,2044.75,-0.08949011446409989,0.04357212953876349,2.0730027548209367
2021-01-21,0.48239202657807306,0.19335548172757475,13.138690691599917,0.3215946843853821,27.0,291,1505.0,2869,-1.2450041830322183,6.36010829053641,0.8736930692454365,2053.0,-0.08949011446409989,0.04357212953876349,2.0730027548209367
2021-01-22,0.48239202657807306,0.19335548172757475,13.142442958726615,0.3215946843853821,27.0,291,1505.0,2870,-1.2454751907304042,6.36010829053641,0.881828110772054,2086.5,-0.08949011446409989,0.04357212953876349,2.0730027548209367
2021-01-25,0.48239202657807306,0.19335548172757475,13.146194666058586,0.3215946843853821,27.0,291,1505.0,2873,-1.2457423994327759,6.36010829053641,0.8613259379324134,2007.5,-0.08949011446409989,0.04357212953876349,2.0730027548209367
2021-01-26,0.48239202657807306,0.19335548172757475,13.149945812597592,0.3215946843853821,27.0,291,1505.0,2874,-1.2460691947597686,6.36010829053641,0.8656435254558277,2026.0,-0.08949011446409989,0.04357212953876349,2.0730027548209367
2021-01-27,0.48239202657807306,0.19335548172757475,13.153696397352133,0.3215946843853821,27.0,291,1505.0,2875,-1.246236966454969,6.36010829053641,0.8538054319187087,1981.0,-0.08949011446409989,0.04357212953876349,2.0730027548209367
2021-01-28,0.48239202657807306,0.19335548172757475,13.157446419337449,0.3215946843853821,27.0,291,1505.0,2876,-1.246641677436755,6.36010829053641,0.8722380220438452,2055.0,-0.08949011446409989,0.04357212953876349,2.0730027548209367
2021-01-29,0.48239202657807306,0.19335548172757475,13.16119587757543,0.3215946843853821,27.0,291,1505.0,2877,-1.2471583051351802,6.36010829053641,0.8894536749305735,2124.25,-0.08949011446409989,0.04357212953876349,2.0730027548209367
2021-02-01,0.48239202657807306,0.19335548172757475,13.164944771094639,0.3215946843853821,27.0,291,1505.0,2880,-1.2476857637178407,6.36010829053641,0.893506190747232,2141.75,-0.08949011446409989,0.04357212953876349,2.0730027548209367
2021-02-02,0.48239202657807306,0.19335548172757475,13.168693098930222,0.3215946843853821,27.0,291,1505.0,2881,-1.248215427919896,6.36010829053641,0.9018770151008307,2176.25,-0.08949011446409989,0.04357212953876349,2.0730027548209367
2021-02-03,0.48239202657807306,0.19335548172757475,13.172440860123904,0.3215946843853821,27.0,291,1505.0,2882,-1.2487283628013754,6.36010829053641,0.9082747466012786,2203.0,-0.08949011446409989,0.04357212953876349,2.0730027548209367
2021-02-04,0.48239202657807306,0.19335548172757475,13.176188053723944,0.3215946843853821,27.0,291,1505.0,2883,-1.2492571347489092,6.36010829053641,0.8998103627275216,2171.25,-0.08949011446409989,0.04357212953876349,2.0730027548209367
2021-02-05,0.48239202657807306,0.19335548172757475,13.179934678785102,0.3215946843853821,27.0,291,1505.0,2884,-1.2497827654413838,6.36010829053641,0.8931279938513234,2146.5,-0.08949011446409989,0.04357212953876349,2.0730027548209367
2021-02-08,0.48239202657807306,0.19335548172757475,13.183680734368586,0.3215946843853821,27.0,291,1505.0,2887,-1.2502768156987287,6.36010829053641,0.8828315122790351,2107.5,-0.08949011446409989,0.04357212953876349,2.0730027548209367
2021-02-09,0.48239202657807306,0.19335548172757475,13.18742621954205,0.3215946843853821,27.0,291,1505.0,2888,-1.2507799366840848,6.36010829053641,0.8846597102440632,2116.25,-0.08949011446409989,0.04357212953876349,2.0730027548209367
2021-02-10,0.48239202657807306,0.19335548172757475,13.191171133379518,0.3215946843853821,27.0,291,1505.0,2889,-1.2512911972599565,6.36010829053641,0.8867408864078491,2126.0,-0.08949011446409989,0.04357212953876349,2.0730027548209367
2021-02-11,0.48239202657807306,0.19335548172757475,13.19491547496138,0.3215946843853821,27.0,291,1505.0,2890,-1.251783356034361,6.36010829053641,0.8817181762677466,2107.75,-0.08949011446409989,0.04357212953876349,2.0730027548209367
2021-02-12,0.48239202657807306,0.19335548172757475,13.198659243374351,0.3215946843853821,27.0,291,1505.0,2891,-1.2521795196972718,6.36010829053641,0.8678216865257313,2054.5,-0.08949011446409989,0.04357212953876349,2.0730027548209367
2021-02-15,0.48239202657807306,0.19335548172757475,13.202402437711418,0.3215946843853821,27.0,291,1505.0,2894,-1.2525752153505867,6.36010829053641,0.8674339274271342,2054.5,-0.08949011446409989,0.04357212953876349,2.0730027548209367
2021-02-16,0.48239202657807306,0.19335548172757475,13.206145057071831,0.3215946843853821,27.0,291,1505.0,2895,-1.252981463680316,6.36010829053641,0.8682505828448713,2059.25,-0.08949011446409989,0.04357212953876349,2.0730027548209367
2021-02-17,0.48239202657807306,0.19335548172757475,13.20988710056105,0.3215946843853821,27.0,291,1505.0,2896,-1.253356547368509,6.36010829053641,0.8646321154826504,2046.5,-0.08949011446409989,0.04357212953876349,2.0730027548209367
2021-02-18,0.48239202657807306,0.19335548172757475,13.213628567290717,0.3215946843853821,27.0,291,1505.0,2897,-1.2537624150724458,6.36010829053641,0.8675395854981892,2059.5,-0.08949011446409989,0.04357212953876349,2.0730027548209367
2021-02-19,0.48239202657807306,0.19335548172757475,13.21736945637863,0.3215946843853821,27.0,291,1505.0,2898,-1.2542057443718204,6.36010829053641,0.871838854407148,2078.0,-0.08949011446409989,0.04357212953876349,2.0730027548209367
2021-02-22,0.48239202657807306,0.19335548172757475,13.221109766948697,0.3215946843853821,27.0,291,1505.0,2901,-1.2546893234531677,6.36010829053641,0.8780986291431974,2104.25,-0.08949011446409989,0.04357212953876349,2.0730027548209367
2021-02-23,0.48239202657807306,0.19335548172757475,13.22484949813089,0.3215946843853821,27.0,291,1505.0,2902,-1.2552079534479985,6.36010829053641,0.8936591926334365,2167.25,-0.08949011446409989,0.04357212953876349,2.0730027548209367
2021-02-24,0.48239202657807306,0.19335548172757475,13.228588649061264,0.3215946843853821,27.0,291,1505.0,2903,-1.255723897963657,6.36010829053641,0.8882679750765586,2147.5,-0.08949011446409989,0.04357212953876349,2.0730027548209367
2021-02-25,0.48239202657807306,0.19335548172757475,13.232327218881862,0.3215946843853821,27.0,291,1505.0,2904,-1.2562366434581929,6.36010829053641,0.8862956380176576,2141.25,-0.08949011446409989,0.04357212953876349,2.0730027548209367
2021-02-26,0.48239202657807306,0.19335548172757475,13.236065206740713,0.3215946843853821,27.0,291,1505.0,2905,-1.2566919373644851,6.36010829053641,0.9097481876402255,2235.5,-0.08949011446409989,0.04357212953876349,2.0730027548209367
2021-03-01,0.48239202657807306,0.19335548172757475,13.2398026117918,0.3215946843853821,27.0,291,1505.0,2908,-1.2571469369138488,6.36010829053641,0.9092259589029252,2235.0,-0.08949011446409989,0.04357212953876349,2.0730027548209367
2021-03-02,0.48239202657807306,0.19335548172757475,13.243539433195023,0.3215946843853821,27.0,291,1505.0,2909,-1.2574841972900177,6.36010829053641,0.9221681233413923,2287.75,-0.08949011446409989,0.04357212953876349,2.0730027548209367
2021-03-03,0.48239202657807306,0.19335548172757475,13.247275670116155,0.3215946843853821,27.0,291,1505.0,2910,-1.2577225296313934,6.36010829053641,0.9296691212768058,2319.0,-0.08949011446409989,0.04357212953876349,2.0730027548209367
2021-03-04,0.48239202657807306,0.19335548172757475,13.251011321726835,0.3215946843853821,27.0,291,1505.0,2911,-1.258004926978064,6.36010829053641,0.9258574143193172,2305.5,-0.08949011446409989,0.04357212953876349,2.0730027548209367
2021-03-05,0.48239202657807306,0.19335548172757475,13.254746387204515,0.3215946843853821,27.0,291,1505.0,2912,-1.258294277431784,6.36010829053641,0.9248269734664725,2303.0,-0.08949011446409989,0.04357212953876349,2.0730027548209367
2021-03-08,0.48239202657807306,0.19335548172757475,13.258480865732427,0.3215946843853821,27.0,291,1505.0,2915,-1.2584295360967321,6.36010829053641,0.9352268654768048,2345.75,-0.08949011446409989,0.04357212953876349,2.0730027548209367
2021-03-09,0.48239202657807306,0.19335548172757475,13.262214756499569,0.3215946843853821,27.0,291,1505.0,2916,-1.2582579566042573,6.36010829053641,0.9511140873448843,2410.25,-0.08949011446409989,0.04357212953876349,2.0730027548209367
2021-03-10,0.48239202657807306,0.19335548172757475,13.265948058700669,0.3215946843853821,27.0,291,1505.0,2917,-1.2579622471040404,6.36010829053641,0.9562638314739536,2432.25,-0.08949011446409989,0.04357212953876349,2.0730027548209367
2021-03-11,0.48239202657807306,0.19335548172757475,13.269680771536132,0.3215946843853821,27.0,291,1505.0,2918,-1.2574180160997634,6.36010829053641,0.9658280947175626,2471.75,-0.08949011446409989,0.04357212953876349,2.0730027548209367
2021-03-12,0.48239202657807306,0.19335548172757475,13.27341289421204,0.3215946843853821,27.0,291,1505.0,2919,-1.257040028520247,6.36010829053641,0.9590490561180856,2446.5,-0.08949011446409989,0.04357212953876349,2.0730027548209367
2021-03-15,0.48239202657807306,0.19335548172757475,13.277144425940099,0.3215946843853821,27.0,291,1505.0,2922,-1.2570370219995917,6.36010829053641,0.9412998309655128,2377.75,-0.08949011446409989,0.04357212953876349,2.0730027548209367
2021-03-16,0.48239202657807306,0.19335548172757475,13.280875365937613,0.3215946843853821,27.0,291,1505.0,2923,-1.2569565056207739,6.36010829053641,0.9449342426306813,2393.75,-0.08949011446409989,0.04357212953876349,2.0730027548209367
2021-03-17,0.48239202657807306,0.19335548172757475,13.284605713427466,0.3215946843853821,27.0,291,1505.0,2924,-1.256749984591081,6.36010829053641,0.950584123740159,2417.75,-0.08949011446409989,0.04357212953876349,2.0730027548209367
2021-03-18,0.48239202657807306,0.19335548172757475,13.288335467638074,0.3215946843853821,27.0,291,1505.0,2925,-1.2561820561900892,6.36010829053641,0.965054100636471,2476.75,-0.08949011446409989,0.04357212953876349,2.0730027548209367
2021-03-19,0.48239202657807306,0.19335548172757475,13.292064627803363,0.3215946843853821,27.0,291,1505.0,2926,-1.2555713355243536,6.36010829053641,0.9663490974182749,2483.5,-0.08949011446409989,0.04357212953876349,2.0730027548209367
2021-03-22,0.48239202657807306,0.19335548172757475,13.295793193162746,0.3215946843853821,27.0,291,1505.0,2929,-1.2547522751475517,6.36010829053641,0.9733755197426326,2513.0,-0.08949011446409989,0.04357212953876349,2.0730027548209367
2021-03-23,0.48239202657807306,0.19335548172757475,13.299521162961073,0.3215946843853821,27.0,291,1505.0,2930,-1.2539755046010788,6.36010829053641,0.971708381422542,2508.0,-0.08949011446409989,0.04357212953876349,2.0730027548209367
2021-03-24,0.48239202657807306,0.19335548172757475,13.303248536448633,0.3215946843853821,27.0,291,1505.0,2931,-1.2526475896422349,6.36010829053641,0.9886773424423537,2577.0,-0.08949011446409989,0.04357212953876349,2.0730027548209367
2021-03-25,0.48239202657807306,0.19335548172757475,13.306975312881084,0.3215946843853821,27.0,291,1505.0,2932,-1.2513341640028657,6.36010829053641,0.9881404317093161,2576.5,-0.08949011446409989,0.04357212953876349,2.0730027548209367
2021-03-26,0.48239202657807306,0.19335548172757475,13.310701491519461,0.3215946843853821,27.0,291,1505.0,2933,-1.2508717035269046,6.36010829053641,0.9595395109738829,2464.5,-0.08949011446409989,0.04357212953876349,2.0730027548209367
2021-03-29,0.48239202657807306,0.19335548172757475,13.314427071630128,0.3215946843853821,27.0,291,1505.0,2936,-1.250414902440465,6.36010829053641,0.959010511577519,2464.0,-0.08949011446409989,0.04357212953876349,2.0730027548209367
2021-03-30,0.48239202657807306,0.19335548172757475,13.318152052484747,0.3215946843853821,27.0,291,1505.0,2937,-1.2499240980512687,6.36010829053641,0.9600542595223962,2469.75,-0.08949011446409989,0.04357212953876349,2.0730027548209367
2021-03-31,0.48239202657807306,0.19335548172757475,13.321876433360263,0.3215946843853821,27.0,291,1505.0,2938,-1.2491999110512848,6.36010829053641,0.9684542761571813,2504.75,-0.08949011446409989,0.04357212953876349,2.0730027548209367
2021-04-01,0.48239202657807306,0.19335548172757475,13.32560021353886,0.3215946843853821,27.0,291,1505.0,2939,-1.2486767535162364,6.36010829053641,0.9607576900511273,2475.75,-0.08949011446409989,0.04357212953876349,2.0730027548209367
2021-04-02,0.48239202657807306,0.19335548172757475,13.329323392307941,0.3215946843853821,27.0,291,1505.0,2940,-1.2481565000644175,6.36010829053641,0.9603552224048066,2475.75,-0.08949011446409989,0.04357212953876349,2.0730027548209367
2021-04-05,0.48239202657807306,0.19335548172757475,13.333045968960102,0.3215946843853821,27.0,291,1505.0,2943,-1.2476678707460198,6.36010829053641,0.9588221727341617,2471.25,-0.08949011446409989,0.04357212953876349,2.0730027548209367
2021-04-06,0.5196850393700787,0.20830350751610593,13.336977211383006,0.42376521116678595,27.0,291,1397.0,2944,-1.2465131332174935,6.36010829053641,0.9138494123016414,2390.25,-0.08949011446409989,0.04357212953876349,1.9242424242424243
2021-04-07,0.49387755102040815,0.19795918367346937,13.340777596742964,0.35306122448979593,27.0,291,1470.0,2945,-1.2458226233755612,6.36010829053641,0.9435825398781092,2445.0,-0.08949011446409989,0.04357212953876349,2.024793388429752
2021-04-08,0.49387755102040815,0.19795918367346937,13.344577205388138,0.35306122448979593,27.0,291,1470.0,2946,-1.2452586163061747,6.36010829053641,0.9384804363101892,2426.25,-0.08949011446409989,0.04357212953876349,2.024793388429752
2021-04-09,0.455743879472693,0.18267419962335216,13.348049186154226,0.24858757062146894,27.0,291,1593.0,2947,-1.2453682208365122,6.36010829053641,0.9887727972086495,2518.5,-0.08949011446409989,0.04357212953876349,2.1942148760330578
2021-04-12,0.43214285714285716,0.1732142857142857,13.351208075215599,0.18392857142857144,27.0,291,1680.0,2950,-1.2459014616018786,6.36010829053641,1.0241870722091022,2583.75,-0.08949011446409989,0.04357212953876349,2.3140495867768593
2021-04-13,0.43214285714285716,0.1732142857142857,13.35436784177297,0.18392857142857144,27.0,291,1680.0,2951,-1.246355984687309,6.36010829053641,1.0288961927912785,2604.25,-0.08949011446409989,0.04357212953876349,2.3140495867768593
2021-04-14,0.4546023794614903,0.18221665623043207,13.35782771719121,0.24546023794614902,27.0,291,1597.0,2952,-1.2463837025663886,6.36010829053641,0.9943106943529475,2542.0,-0.08949011446409989,0.04357212953876349,2.1997245179063363
2021-04-15,0.4546023794614903,0.18221665623043207,13.36128761510564,0.24546023794614902,27.0,291,1597.0,2953,-1.2465427259847257,6.36010829053641,0.9869322335505083,2514.25,-0.08949011446409989,0.04357212953876349,2.1997245179063363
2021-04-16,0.4546023794614903,0.18221665623043207,13.364747532633064,0.24546023794614902,27.0,291,1597.0,2954,-1.2467153673421818,6.36010829053641,0.9857010633986278,2511.0,-0.08949011446409989,0.04357212953876349,2.1997245179063363
2021-04-19,0.41086587436332767,0.16468590831918506,13.367530480458885,0.12563667232597622,27.0,291,1767.0,2957,-1.2476420641179407,6.36010829053641,1.055123535746029,2638.5,-0.08949011446409989,0.04357212953876349,2.4338842975206614
2021-04-20,0.3978082191780822,0.15945205479452054,13.370025697261855,0.08986301369863013,27.0,291,1825.0,2958,-1.2487870673761141,6.36010829053641,1.078487866614003,2682.0,-0.08949011446409989,0.04357212953876349,2.5137741046831956
2021-04-21,0.3978082191780822,0.15945205479452054,13.372523997234907,0.08986301369863013,27.0,291,1825.0,2959,-1.2499680581843462,6.36010829053641,1.0671259624600005,2638.5,-0.08949011446409989,0.04357212953876349,2.5137741046831956
2021-04-22,0.3829113924050633,0.15348101265822786,13.374631022774558,0.0490506329113924,27.0,291,1896.0,2960,-1.2513512278446068,6.36010829053641,1.0957900730539092,2691.75,-0.08949011446409989,0.04357212953876349,2.6115702479338845
2021-04-23,0.3829113924050633,0.15348101265822786,13.376742630773807,0.0490506329113924,27.0,291,1896.0,2961,-1.25273230677035,6.36010829053641,1.1049583699640724,2730.25,-0.08949011446409989,0.04357212953876349,2.6115702479338845
2021-04-26,0.3829113924050633,0.15348101265822786,13.378858796609927,0.0490506329113924,27.0,291,1896.0,2964,-1.2541113637272077,6.36010829053641,1.0985989790070083,2706.75,-0.08949011446409989,0.04357212953876349,2.6115702479338845
2021-04-27,0.3890675241157556,0.15594855305466238,13.381150555782352,0.06591639871382636,27.0,291,1866.0,2965,-1.2553967862083777,6.36010829053641,1.085838353182271,2684.25,-0.08949011446409989,0.04357212953876349,2.5702479338842976
2021-04-28,0.4122657580919932,0.16524701873935263,13.383980627217136,0.12947189097103917,27.0,291,1761.0,2966,-1.2563278775172515,6.36010829053641,1.042388719535959,2605.5,-0.08949011446409989,0.04357212953876349,2.425619834710744
2021-04-29,0.4062674874090655,0.16284275321768327,13.386689570345752,0.11303861219921657,27.0,291,1787.0,2967,-1.2573478125587034,6.36010829053641,1.052581771234086,2625.0,-0.08949011446409989,0.04357212953876349,2.461432506887052
2021-04-30,0.4062674874090655,0.16284275321768327,13.389400796076286,0.11303861219921657,27.0,291,1787.0,2968,-1.2583577575361478,6.36010829053641,1.0533200063020667,2629.75,-0.08949011446409989,0.04357212953876349,2.461432506887052
2021-05-03,0.4062674874090655,0.16284275321768327,13.392114291805294,0.11303861219921657,27.0,291,1787.0,2971,-1.259356448932145,6.36010829053641,1.054183079228808,2635.0,-0.08949011446409989,0.04357212953876349,2.461432506887052
2021-05-04,0.4062674874090655,0.16284275321768327,13.394830044997548,0.11303861219921657,27.0,291,1787.0,2972,-1.2604100793388513,6.36010829053641,1.0342333961375412,2557.0,-0.08949011446409989,0.04357212953876349,2.461432506887052
2021-05-05,0.4062674874090655,0.16284275321768327,13.397548043185655,0.11303861219921657,27.0,291,1787.0,2973,-1.2614563887626955,6.36010829053641,1.0289152052853077,2537.5,-0.08949011446409989,0.04357212953876349,2.461432506887052
2021-05-06,0.4062674874090655,0.16284275321768327,13.400268273969573,0.11303861219921657,27.0,291,1787.0,2974,-1.262419943878866,6.36010829053641,1.010918687714966,2467.25,-0.08949011446409989,0.04357212953876349,2.461432506887052
2021-05-07,0.4062674874090655,0.16284275321768327,13.4029907250162,0.11303861219921657,27.0,291,1787.0,2975,-1.2634179349086765,6.36010829053641,1.0160390055529849,2489.5,-0.08949011446409989,0.04357212953876349,2.461432506887052
2021-05-10,0.4062674874090655,0.16284275321768327,13.405715384058952,0.11303861219921657,27.0,291,1787.0,2978,-1.264445215111132,6.36010829053641,1.022655441643453,2517.75,-0.08949011446409989,0.04357212953876349,2.461432506887052
2021-05-11,0.4062674874090655,0.16284275321768327,13.408442238897333,0.11303861219921657,27.0,291,1787.0,2979,-1.2654762526043095,6.36010829053641,1.02427498990923,2526.0,-0.08949011446409989,0.04357212953876349,2.461432506887052
2021-05-12,0.4062674874090655,0.16284275321768327,13.411171277396509,0.11303861219921657,27.0,291,1787.0,2980,-1.2665027617125788,6.36010829053641,1.0230232094319769,2522.75,-0.08949011446409989,0.04357212953876349,2.461432506887052
2021-05-13,0.4062674874090655,0.16284275321768327,13.413902487486892,0.11303861219921657,27.0,291,1787.0,2981,-1.2675383222290093,6.36010829053641,1.033252137398051,2565.5,-0.08949011446409989,0.04357212953876349,2.461432506887052
2021-05-14,0.4062674874090655,0.16284275321768327,13.416635857163728,0.11303861219921657,27.0,291,1787.0,2982,-1.2685645611379948,6.36010829053641,1.0373633598593521,2583.75,-0.08949011446409989,0.04357212953876349,2.461432506887052
2021-05-17,0.4062674874090655,0.16284275321768327,13.419371374486687,0.11303861219921657,27.0,291,1787.0,2985,-1.2695897523017676,6.36010829053641,1.02432378929772,2533.25,-0.08949011446409989,0.04357212953876349,2.461432506887052
2021-05-18,0.4062674874090655,0.16284275321768327,13.422109027579433,0.11303861219921657,27.0,291,1787.0,2986,-1.270584870212899,6.36010829053641,1.043896879928636,2613.5,-0.08949011446409989,0.04357212953876349,2.461432506887052
2021-05-19,0.4062674874090655,0.16284275321768327,13.424848804629258,0.11303861219921657,27.0,291,1787.0,2987,-1.27159567468615,6.36010829053641,1.0385912732488,2594.0,-0.08949011446409989,0.04357212953876349,2.461432506887052
2021-05-20,0.4062674874090655,0.16284275321768327,13.427590693886641,0.11303861219921657,27.0,291,1787.0,2988,-1.272562498376964,6.36010829053641,1.0471219829971443,2630.0,-0.08949011446409989,0.04357212953876349,2.461432506887052
2021-05-21,0.4062674874090655,0.16284275321768327,13.430334683664867,0.11303861219921657,27.0,291,1787.0,2989,-1.2734546856006221,6.36010829053641,1.0560846957127163,2667.75,-0.08949011446409989,0.04357212953876349,2.461432506887052
2021-05-24,0.4062674874090655,0.16284275321768327,13.433080762339632,0.11303861219921657,27.0,291,1787.0,2992,-1.2742624419369153,6.36010829053641,1.0634237818547578,2699.0,-0.08949011446409989,0.04357212953876349,2.461432506887052
2021-05-25,0.4062674874090655,0.16284275321768327,13.435828918348632,0.11303861219921657,27.0,291,1787.0,2993,-1.2750865919992782,6.36010829053641,1.0612326087741595,2692.0,-0.08949011446409989,0.04357212953876349,2.461432506887052
2021-05-26,0.4062674874090655,0.16284275321768327,13.438579140191196,0.11303861219921657,27.0,291,1787.0,2994,-1.2759161814338837,6.36010829053641,1.0599764627790846,2688.75,-0.08949011446409989,0.04357212953876349,2.461432506887052
2021-05-27,0.4062674874090655,0.16284275321768327,13.441331416427886,0.11303861219921657,27.0,291,1787.0,2995,-1.2767271895704908,6.36010829053641,1.0608993553100259,2694.25,-0.08949011446409989,0.04357212953876349,2.461432506887052
2021-05-28,0.4062674874090655,0.16284275321768327,13.44408573568009,0.11303861219921657,27.0,291,1787.0,2996,-1.277448164912397,6.36010829053641,1.0674217597178879,2722.25,-0.08949011446409989,0.04357212953876349,2.461432506887052
2021-05-31,0.4062674874090655,0.16284275321768327,13.446842086629694,0.11303861219921657,27.0,291,1787.0,2999,-1.2781658260617024,6.36010829053641,1.0669741812292637,2722.25,-0.08949011446409989,0.04357212953876349,2.461432506887052
2021-06-01,0.4062674874090655,0.1634023503077784,13.449600458018642,0.11303861219921657,27.0,292,1787.0,3000,-1.2788199769760946,6.36010829053641,1.0707558509366373,2739.25,-0.08949011446409989,0.04357212953876349,2.461432506887052
2021-06-02,0.4062674874090655,0.16396194739787354,13.45236083864861,0.11303861219921657,27.0,293,1787.0,3001,-1.2795884958583525,6.36010829053641,1.061603702761992,2704.25,-0.08949011446409989,0.04357212953876349,2.461432506887052
2021-06-03,0.4062674874090655,0.16452154448796866,13.455123217380587,0.11303861219921657,27.0,294,1787.0,3002,-1.2803047102755194,6.36010829053641,1.0650122171877516,2719.75,-0.08949011446409989,0.04357212953876349,2.461432506887052
2021-06-04,0.4062674874090655,0.1650811415780638,13.457887583134543,0.11303861219921657,27.0,295,1787.0,3003,-1.2810076553758736,6.36010829053641,1.0653120720813385,2722.75,-0.08949011446409989,0.04357212953876349,2.461432506887052
2021-06-07,0.4062674874090655,0.16564073866815893,13.460653924889042,0.11303861219921657,27.0,296,1787.0,3006,-1.281715768586241,6.36010829053641,1.0642451474200905,2720.25,-0.08949011446409989,0.04357212953876349,2.461432506887052
2021-06-08,0.41156462585034015,0.1683673469387755,13.463526216651907,0.12755102040816327,27.0,297,1764.0,3007,-1.2823143272954585,6.36010829053641,1.0545209757451681,2703.0,-0.08949011446409989,0.04357212953876349,2.4297520661157024
2021-06-09,0.41556954779622207,0.17057813394390384,13.46647390634954,0.1385231825987407,27.0,298,1747.0,3008,-1.2828299451367142,6.36010829053641,1.047225866904673,2690.25,-0.08949011446409989,0.04357212953876349,2.40633608815427
2021-06-10,0.41556954779622207,0.17115054378935318,13.469422966145023,0.1385231825987407,27.0,299,1747.0,3009,-1.283392063160797,6.36010829053641,1.0434992867909056,2677.0,-0.08949011446409989,0.04357212953876349,2.40633608815427
2021-06-11,0.3917970858067998,0.16189962223421478,13.471873860964843,0.07339449541284404,27.0,300,1853.0,3010,-1.2844077512220924,6.36010829053641,1.0857646520844095,2756.5,-0.08949011446409989,0.04357212953876349,2.5523415977961434
2021-06-14,0.3917970858067998,0.16243928764166216,13.474327802995376,0.07339449541284404,27.0,301,1853.0,3013,-1.2855107158162205,6.36010829053641,1.0716576428698628,2701.5,-0.08949011446409989,0.04357212953876349,2.5523415977961434
2021-06-15,0.37733887733887733,0.15696465696465697,13.47639711776702,0.033783783783783786,27.0,302,1924.0,3014,-1.2868330026481707,6.36010829053641,1.0997782250861226,2754.75,-0.08949011446409989,0.04357212953876349,2.650137741046832
2021-06-16,0.38990332975295383,0.16272824919441461,13.47881116222297,0.0682062298603652,27.0,303,1862.0,3015,-1.2879580718876005,6.36010829053641,1.0743737542863605,2708.25,-0.08949011446409989,0.04357212953876349,2.564738292011019
2021-06-17,0.38990332975295383,0.16326530612244897,13.481228373787747,0.0682062298603652,27.0,304,1862.0,3016,-1.289045536124349,6.36010829053641,1.0804929761444408,2734.75,-0.08949011446409989,0.04357212953876349,2.564738292011019
2021-06-18,0.42332361516034983,0.17784256559766765,13.48432006410748,0.1597667638483965,27.0,305,1715.0,3017,-1.2895447632832275,6.36010829053641,1.0209690507855644,2624.5,-0.08949011446409989,0.04357212953876349,2.3622589531680442
2021-06-21,0.40513392857142855,0.17075892857142858,13.48708472267495,0.10993303571428571,27.0,306,1792.0,3020,-1.2903611424759334,6.36010829053641,1.0514701589571627,2682.25,-0.08949011446409989,0.04357212953876349,2.46831955922865
2021-06-22,0.40513392857142855,0.17131696428571427,13.48985130906152,0.10993303571428571,27.0,307,1792.0,3021,-1.2911390748381693,6.36010829053641,1.0544381701814407,2696.0,-0.08949011446409989,0.04357212953876349,2.46831955922865
2021-06-23,0.40513392857142855,0.171875,13.492619812601257,0.10993303571428571,27.0,308,1792.0,3022,-1.2918400666019223,6.36010829053641,1.0601922897718588,2721.0,-0.08949011446409989,0.04357212953876349,2.46831955922865
2021-06-24,0.40513392857142855,0.17243303571428573,13.49539022268415,0.10993303571428571,27.0,309,1792.0,3023,-1.2925734973961267,6.36010829053641,1.0569023569023568,2709.5,-0.08949011446409989,0.04357212953876349,2.46831955922865
2021-06-25,0.40672268907563025,0.17366946778711484,13.49819424236966,0.11428571428571428,27.0,310,1785.0,3024,-1.2932738961275305,6.36010829053641,1.053656305129039,2704.25,-0.08949011446409989,0.04357212953876349,2.458677685950413
2021-06-28,0.40672268907563025,0.1742296918767507,13.501000043688451,0.11428571428571428,27.0,311,1785.0,3027,-1.293971366389006,6.36010829053641,1.0532178855602832,2704.25,-0.08949011446409989,0.04357212953876349,2.458677685950413
2021-06-29,0.40672268907563025,0.17478991596638654,13.503807616670109,0.11428571428571428,27.0,312,1785.0,3028,-1.2946990529951234,6.36010829053641,1.0499951936941267,2693.0,-0.08949011446409989,0.04357212953876349,2.458677685950413
2021-06-30,0.41580756013745707,0.17926689576174112,13.506785094408624,0.13917525773195877,27.0,313,1746.0,3029,-1.2952586734049463,6.36010829053641,1.0339488130214287,2663.75,-0.08949011446409989,0.04357212953876349,2.4049586776859506
2021-07-01,0.4062674874090655,0.1757134862898713,13.50958694181759,0.11303861219921657,27.0,314,1787.0,3030,-1.2959890716228681,6.36010829053641,1.049921722605483,2694.5,-0.08949011446409989,0.04357212953876349,2.461432506887052
2021-07-02,0.4062674874090655,0.17627308337996642,13.51239056120485,0.11303861219921657,27.0,315,1787.0,3031,-1.296733706724503,6.36010829053641,1.047939235398597,2688.25,-0.08949011446409989,0.04357212953876349,2.461432506887052
2021-07-05,0.4062674874090655,0.17683268047006157,13.515195942670147,0.11303861219921657,27.0,316,1787.0,3034,-1.2974754429464326,6.36010829053641,1.0475033913978995,2688.25,-0.08949011446409989,0.04357212953876349,2.461432506887052
2021-07-06,0.4062674874090655,0.17739227756015669,13.51800307636455,0.11303861219921657,27.0,317,1787.0,3035,-1.2982176339473377,6.36010829053641,1.0467589023850683,2687.0,-0.08949011446409989,0.04357212953876349,2.461432506887052
2021-07-07,0.4062674874090655,0.1779518746502518,13.520811952490147,0.11303861219921657,27.0,318,1787.0,3036,-1.2989738150120718,6.36010829053641,1.0447173662402882,2680.5,-0.08949011446409989,0.04357212953876349,2.461432506887052
2021-07-08,0.3827095413811281,0.16816025303110174,13.523081145921898,0.048497627833421195,27.0,319,1897.0,3037,-1.3001272195694968,6.36010829053641,1.0881792167834397,2763.0,-0.08949011446409989,0.04357212953876349,2.612947658402204
2021-07-09,0.3827095413811281,0.16868740115972589,13.52535395934851,0.048497627833421195,27.0,320,1897.0,3038,-1.3012690100021904,6.36010829053641,1.0892676584350303,2769.25,-0.08949011446409989,0.04357212953876349,2.612947658402204
2021-07-12,0.3827095413811281,0.16921454928835003,13.527630373908297,0.048497627833421195,27.0,321,1897.0,3041,-1.3024151119753862,6.36010829053641,1.0871450650343604,2762.5,-0.08949011446409989,0.04357212953876349,2.612947658402204
2021-07-13,0.3880277926242651,0.17210048102618922,13.530046873323158,0.06306787814003206,27.0,322,1871.0,3042,-1.3034686904767692,6.36010829053641,1.0763302710595242,2743.0,-0.08949011446409989,0.04357212953876349,2.577134986225895
2021-07-14,0.3880277926242651,0.1726349545697488,13.532466433133203,0.06306787814003206,27.0,323,1871.0,3043,-1.3045031210326858,6.36010829053641,1.0782878805805556,2752.75,-0.08949011446409989,0.04357212953876349,2.577134986225895
2021-07-15,0.37003058103975534,0.1651376146788991,13.534387897727067,0.013761467889908258,27.0,324,1962.0,3044,-1.30583953446382,6.36010829053641,1.114063042516254,2821.0,-0.08949011446409989,0.04357212953876349,2.7024793388429753
2021-07-16,0.37003058103975534,0.1656472986748216,13.536314319716753,0.013761467889908258,27.0,325,1962.0,3045,-1.3071644905078688,6.36010829053641,1.1161868568670992,2831.5,-0.08949011446409989,0.04357212953876349,2.7024793388429753
2021-07-19,0.37003058103975534,0.16615698267074414,13.538245673092653,0.013761467889908258,27.0,326,1962.0,3048,-1.308472009897224,6.36010829053641,1.0925944569170585,2737.75,-0.08949011446409989,0.04357212953876349,2.7024793388429753
2021-07-20,0.37003058103975534,0.16666666666666666,13.540181931999946,0.013761467889908258,27.0,327,1962.0,3049,-1.3098040932368513,6.36010829053641,1.1068067175510288,2797.25,-0.08949011446409989,0.04357212953876349,2.7024793388429753
2021-07-21,0.37003058103975534,0.1671763506625892,13.542123070737416,0.013761467889908258,27.0,328,1962.0,3050,-1.3111261235068075,6.36010829053641,1.0984529743300087,2765.25,-0.08949011446409989,0.04357212953876349,2.7024793388429753
2021-07-22,0.37003058103975534,0.16768603465851173,13.544069063756382,0.013761467889908258,27.0,329,1962.0,3051,-1.312443193805291,6.36010829053641,1.0973132856790733,2762.5,-0.08949011446409989,0.04357212953876349,2.7024793388429753
2021-07-23,0.37003058103975534,0.16819571865443425,13.546019885659577,0.013761467889908258,27.0,330,1962.0,3052,-1.3137553790004177,6.36010829053641,1.0962359406216464,2760.0,-0.08949011446409989,0.04357212953876349,2.7024793388429753
2021-07-26,0.37003058103975534,0.16870540265035677,13.547975511200063,0.013761467889908258,27.0,331,1962.0,3055,-1.3150661941345991,6.36010829053641,1.0966990894390238,2763.75,-0.08949011446409989,0.04357212953876349,2.7024793388429753
2021-07-27,0.34261444077395,0.1562057574327513,13.548922078933954,0.0,27.0,331,2119.0,3056,-1.3166908249622986,6.36010829053641,1.1584904287271325,2881.5,-0.08949011446409989,0.04357212953876349,2.918732782369146
2021-07-28,0.34261444077395,0.1562057574327513,13.549877935380936,0.0,27.0,331,2119.0,3057,-1.318365436499811,6.36010829053641,1.1640327271021682,2906.0,-0.08949011446409989,0.04357212953876349,2.918732782369146
2021-07-29,0.34261444077395,0.1562057574327513,13.550843028179038,0.0,27.0,331,2119.0,3058,-1.3200392441763058,6.36010829053641,1.1639717952964743,2907.75,-0.08949011446409989,0.04357212953876349,2.918732782369146
2021-07-30,0.34261444077395,0.1562057574327513,13.551817305323594,0.0,27.0,331,2119.0,3059,-1.3216956316260497,6.36010829053641,1.1618190309577494,2901.0,-0.08949011446409989,0.04357212953876349,2.918732782369146
2021-08-02,0.34261444077395,0.1562057574327513,13.552800715164237,0.0,27.0,331,2119.0,3062,-1.3233504921942345,6.36010829053641,1.161636017366399,2902.25,-0.08949011446409989,0.04357212953876349,2.918732782369146
2021-08-03,0.34261444077395,0.1562057574327513,13.553793206401906,0.0,27.0,331,2119.0,3063,-1.3249890662942283,6.36010829053641,1.159669763059605,2896.25,-0.08949011446409989,0.04357212953876349,2.918732782369146
2021-08-04,0.34261444077395,0.1562057574327513,13.554794728085927,0.0,27.0,331,2119.0,3064,-1.3266344329411812,6.36010829053641,1.1604715097195948,2901.5,-0.08949011446409989,0.04357212953876349,2.918732782369146
2021-08-05,0.34261444077395,0.1562057574327513,13.55580522961108,0.0,27.0,331,2119.0,3065,-1.3282287644664632,6.36010829053641,1.1546957188552927,2880.0,-0.08949011446409989,0.04357212953876349,2.918732782369146
2021-08-06,0.3418079096045198,0.15583804143126176,13.556789660027881,0.0,27.0,331,2124.0,3066,-1.3298275394230474,6.36010829053641,1.156182892874982,2883.75,-0.08949011446409989,0.04357212953876349,2.925619834710744
2021-08-09,0.3418079096045198,0.15583804143126176,13.557783139599039,0.0,27.0,331,2124.0,3069,-1.331434145500993,6.36010829053641,1.1568621031728235,2888.5,-0.08949011446409989,0.04357212953876349,2.925619834710744
2021-08-10,0.3418079096045198,0.15583804143126176,13.558785617633456,0.0,27.0,331,2124.0,3070,-1.333043481465592,6.36010829053641,1.1570497652235,2891.25,-0.08949011446409989,0.04357212953876349,2.925619834710744
2021-08-11,0.3418079096045198,0.15583804143126176,13.559797043783144,0.0,27.0,331,2124.0,3071,-1.3346445621597305,6.36010829053641,1.156070731301531,2889.25,-0.08949011446409989,0.04357212953876349,2.925619834710744
2021-08-12,0.3418079096045198,0.15583804143126176,13.560817368040409,0.0,27.0,331,2124.0,3072,-1.3362592891730702,6.36010829053641,1.157486764436051,2897.0,-0.08949011446409989,0.04357212953876349,2.925619834710744
2021-08-13,0.3418079096045198,0.15583804143126176,13.561846540734988,0.0,27.0,331,2124.0,3073,-1.3378347014291916,6.36010829053641,1.1531939642507838,2881.5,-0.08949011446409989,0.04357212953876349,2.925619834710744
2021-08-16,0.3418079096045198,0.15583804143126176,13.562884512531236,0.0,27.0,331,2124.0,3076,-1.3393609782205167,6.36010829053641,1.1484125382740644,2864.0,-0.08949011446409989,0.04357212953876349,2.925619834710744
2021-08-17,0.3418079096045198,0.15583804143126176,13.563931234425377,0.0,27.0,331,2124.0,3077,-1.3408142754283414,6.36010829053641,1.1422226005794447,2840.75,-0.08949011446409989,0.04357212953876349,2.925619834710744
2021-08-18,0.3418079096045198,0.15583804143126176,13.564986657742725,0.0,27.0,331,2124.0,3078,-1.342474726137474,6.36010829053641,1.163759142459705,2930.5,-0.08949011446409989,0.04357212953876349,2.925619834710744
2021-08-19,0.3418079096045198,0.15583804143126176,13.566050734134986,0.0,27.0,331,2124.0,3079,-1.3441726862277223,6.36010829053641,1.1731440230115726,2970.75,-0.08949011446409989,0.04357212953876349,2.925619834710744
2021-08-20,0.3418079096045198,0.15583804143126176,13.567123415577536,0.0,27.0,331,2124.0,3080,-1.3458654484889019,6.36010829053641,1.1726544501707838,2970.75,-0.08949011446409989,0.04357212953876349,2.925619834710744
2021-08-23,0.3418079096045198,0.15583804143126176,13.568204654366768,0.0,27.0,331,2124.0,3083,-1.3475600471335403,6.36010829053641,1.1757813830792796,2985.5,-0.08949011446409989,0.04357212953876349,2.925619834710744
2021-08-24,0.3418079096045198,0.15583804143126176,13.569294403117445,0.0,27.0,331,2124.0,3084,-1.3492516904123528,6.36010829053641,1.1786005936646107,2999.0,-0.08949011446409989,0.04357212953876349,2.925619834710744
2021-08-25,0.3418079096045198,0.15583804143126176,13.570392614760088,0.0,27.0,331,2124.0,3085,-1.3509376423093613,6.36010829053641,1.1790294850511267,3002.75,-0.08949011446409989,0.04357212953876349,2.925619834710744
2021-08-26,0.34971098265895956,0.15944123314065511,13.571815733409705,0.023121387283236993,27.0,331,2076.0,3086,-1.3524663217097286,6.36010829053641,1.15971070936949,2966.75,-0.08949011446409989,0.04357212953876349,2.8595041322314048
2021-08-27,0.34971098265895956,0.15944123314065511,13.57324576732159,0.023121387283236993,27.0,331,2076.0,3087,-1.353978224230203,6.36010829053641,1.1627817860980305,2981.25,-0.08949011446409989,0.04357212953876349,2.8595041322314048
2021-08-30,0.34971098265895956,0.15944123314065511,13.574682679391433,0.023121387283236993,27.0,331,2076.0,3090,-1.355472152530273,6.36010829053641,1.1651781771737775,2993.0,-0.08949011446409989,0.04357212953876349,2.8595041322314048
2021-08-31,0.34971098265895956,0.15944123314065511,13.57612643274988,0.023121387283236993,27.0,331,2076.0,3091,-1.356973875283215,6.36010829053641,1.1615148209249109,2980.0,-0.08949011446409989,0.04357212953876349,2.8595041322314048
2021-09-01,0.34971098265895956,0.15944123314065511,13.577576990760738,0.023121387283236993,27.0,331,2076.0,3092,-1.3584356764375998,6.36010829053641,1.168010067389957,3008.5,-0.08949011446409989,0.04357212953876349,2.8595041322314048
2021-09-02,0.34971098265895956,0.15944123314065511,13.579034317019156,0.023121387283236993,27.0,331,2076.0,3093,-1.3599155116622592,6.36010829053641,1.1630636041659517,2990.25,-0.08949011446409989,0.04357212953876349,2.8595041322314048
2021-09-03,0.34971098265895956,0.15944123314065511,13.580498375349821,0.023121387283236993,27.0,331,2076.0,3094,-1.3613867830499542,6.36010829053641,1.1631955692538907,2992.75,-0.08949011446409989,0.04357212953876349,2.8595041322314048
2021-09-06,0.34971098265895956,0.15944123314065511,13.581969129805195,0.023121387283236993,27.0,331,2076.0,3097,-1.3628524011000926,6.36010829053641,1.1627162497009353,2992.75,-0.08949011446409989,0.04357212953876349,2.8595041322314048
2021-09-07,0.34971098265895956,0.15944123314065511,13.583446544663754,0.023121387283236993,27.0,331,2076.0,3098,-1.3643051433683566,6.36010829053641,1.1636432085575676,2998.5,-0.08949011446409989,0.04357212953876349,2.8595041322314048
2021-09-08,0.34971098265895956,0.15944123314065511,13.584930584428257,0.023121387283236993,27.0,331,2076.0,3099,-1.3657703921274333,6.36010829053641,1.1593755610007823,2983.0,-0.08949011446409989,0.04357212953876349,2.8595041322314048
2021-09-09,0.34971098265895956,0.15944123314065511,13.586421213823998,0.023121387283236993,27.0,331,2076.0,3100,-1.3672053839134644,6.36010829053641,1.1638467339233742,3003.25,-0.08949011446409989,0.04357212953876349,2.8595041322314048
2021-09-10,0.34971098265895956,0.15944123314065511,13.587918397797127,0.023121387283236993,27.0,331,2076.0,3101,-1.3685777477622347,6.36010829053641,1.171308811998296,3035.75,-0.08949011446409989,0.04357212953876349,2.8595041322314048
2021-09-13,0.34971098265895956,0.15944123314065511,13.589422101512925,0.023121387283236993,27.0,331,2076.0,3104,-1.369973931671212,6.36010829053641,1.1670429447893316,3020.25,-0.08949011446409989,0.04357212953876349,2.8595041322314048
2021-09-14,0.34971098265895956,0.15944123314065511,13.590932290354145,0.023121387283236993,27.0,331,2076.0,3105,-1.3714171818394052,6.36010829053641,1.1574069303104468,2982.75,-0.08949011446409989,0.04357212953876349,2.8595041322314048
2021-09-15,0.34971098265895956,0.15944123314065511,13.592448929919344,0.023121387283236993,27.0,331,2076.0,3106,-1.3728554072384762,6.36010829053641,1.1568700335701612,2982.5,-0.08949011446409989,0.04357212953876349,2.8595041322314048
2021-09-16,0.34971098265895956,0.15944123314065511,13.593971986021236,0.023121387283236993,27.0,331,2076.0,3107,-1.3743001782933095,6.36010829053641,1.1532825600802168,2969.75,-0.08949011446409989,0.04357212953876349,2.8595041322314048
2021-09-17,0.34971098265895956,0.15944123314065511,13.595501424685056,0.023121387283236993,27.0,331,2076.0,3108,-1.375753792934598,6.36010829053641,1.1468297589296368,2945.25,-0.08949011446409989,0.04357212953876349,2.8595041322314048
2021-09-20,0.34971098265895956,0.15944123314065511,13.597037212146946,0.023121387283236993,27.0,331,2076.0,3111,-1.3770679670293178,6.36010829053641,1.1133614947247348,2810.0,-0.08949011446409989,0.04357212953876349,2.8595041322314048
2021-09-21,0.34971098265895956,0.15944123314065511,13.598579314852351,0.023121387283236993,27.0,331,2076.0,3112,-1.3784870084388048,6.36010829053641,1.1283243639116554,2873.25,-0.08949011446409989,0.04357212953876349,2.8595041322314048
2021-09-22,0.34971098265895956,0.15944123314065511,13.600127699454424,0.023121387283236993,27.0,331,2076.0,3113,-1.3799266446045526,6.36010829053641,1.1356600162445025,2905.25,-0.08949011446409989,0.04357212953876349,2.8595041322314048
2021-09-23,0.34971098265895956,0.15944123314065511,13.601682332812466,0.023121387283236993,27.0,331,2076.0,3114,-1.3813669502589883,6.36010829053641,1.1400059165438619,2925.0,-0.08949011446409989,0.04357212953876349,2.8595041322314048
2021-09-24,0.34971098265895956,0.15944123314065511,13.603243181990353,0.023121387283236993,27.0,331,2076.0,3115,-1.3828020153873595,6.36010829053641,1.1374646649319118,2916.5,-0.08949011446409989,0.04357212953876349,2.8595041322314048
2021-09-27,0.34971098265895956,0.15944123314065511,13.604810214255,0.023121387283236993,27.0,331,2076.0,3118,-1.3842326615431373,6.36010829053641,1.1421129330710902,2937.5,-0.08949011446409989,0.04357212953876349,2.8595041322314048
2021-09-28,0.34971098265895956,0.15944123314065511,13.606383397074815,0.023121387283236993,27.0,331,2076.0,3119,-1.385645536207768,6.36010829053641,1.1482207405690394,2964.5,-0.08949011446409989,0.04357212953876349,2.8595041322314048
2021-09-29,0.34971098265895956,0.15944123314065511,13.60796269811821,0.023121387283236993,27.0,331,2076.0,3120,-1.386951749418975,6.36010829053641,1.1647982239168102,3034.5,-0.08949011446409989,0.04357212953876349,2.8595041322314048
2021-09-30,0.34971098265895956,0.15944123314065511,13.609548085252051,0.023121387283236993,27.0,331,2076.0,3121,-1.387977777407966,6.36010829053641,1.1863592837777786,3125.0,-0.08949011446409989,0.04357212953876349,2.8595041322314048
2021-10-01,0.34971098265895956,0.15944123314065511,13.611139526540212,0.023121387283236993,27.0,331,2076.0,3122,-1.3889680999536764,6.36010829053641,1.187705538536607,3132.5,-0.08949011446409989,0.04357212953876349,2.8595041322314048
2021-10-04,0.34971098265895956,0.15944123314065511,13.612736990242087,0.023121387283236993,27.0,331,2076.0,3125,-1.3901662961928594,6.36010829053641,1.1721980598581137,3070.75,-0.08949011446409989,0.04357212953876349,2.8595041322314048
2021-10-05,0.34971098265895956,0.15944123314065511,13.61434044481109,0.023121387283236993,27.0,331,2076.0,3126,-1.3911991576974323,6.36010829053641,1.1834014609436205,3118.75,-0.08949011446409989,0.04357212953876349,2.8595041322314048
2021-10-06,0.34971098265895956,0.15944123314065511,13.615949858893257,0.023121387283236993,27.0,331,2076.0,3127,-1.3923525482391574,6.36010829053641,1.1739841597983618,3082.0,-0.08949011446409989,0.04357212953876349,2.8595041322314048
2021-10-07,0.34971098265895956,0.15944123314065511,13.617565201325778,0.023121387283236993,27.0,331,2076.0,3128,-1.39334999552675,6.36010829053641,1.183966064293735,3125.0,-0.08949011446409989,0.04357212953876349,2.8595041322314048
2021-10-08,0.34971098265895956,0.15944123314065511,13.619186441135573,0.023121387283236993,27.0,331,2076.0,3129,-1.394195466654475,6.36010829053641,1.1918766666362208,3159.5,-0.08949011446409989,0.04357212953876349,2.8595041322314048
2021-10-11,0.34971098265895956,0.15944123314065511,13.620813547537894,0.023121387283236993,27.0,331,2076.0,3132,-1.3947677197932615,6.36010829053641,1.2042196646795649,3212.25,-0.08949011446409989,0.04357212953876349,2.8595041322314048
2021-10-12,0.34971098265895956,0.15944123314065511,13.622446489934903,0.023121387283236993,27.0,331,2076.0,3133,-1.3952457422365334,6.36010829053641,1.2075653383456197,3228.0,-0.08949011446409989,0.04357212953876349,2.8595041322314048
2021-10-13,0.34971098265895956,0.15944123314065511,13.624085237914304,0.023121387283236993,27.0,331,2076.0,3134,-1.3958782461660695,6.36010829053641,1.2002195649522491,3199.75,-0.08949011446409989,0.04357212953876349,2.8595041322314048
2021-10-14,0.34971098265895956,0.15944123314065511,13.62572976124796,0.023121387283236993,27.0,331,2076.0,3135,-1.3965560505440322,6.36010829053641,1.1974318158159547,3190.25,-0.08949011446409989,0.04357212953876349,2.8595041322314048
2021-10-15,0.34971098265895956,0.15944123314065511,13.627380029890537,0.023121387283236993,27.0,331,2076.0,3136,-1.3973124161865067,6.36010829053641,1.1928850256132186,3173.5,-0.08949011446409989,0.04357212953876349,2.8595041322314048
2021-10-18,0.34971098265895956,0.15944123314065511,13.629036013978139,0.023121387283236993,27.0,331,2076.0,3139,-1.3980947721444612,6.36010829053641,1.1908290793149996,3167.0,-0.08949011446409989,0.04357212953876349,2.8595041322314048
2021-10-19,0.34971098265895956,0.15944123314065511,13.630697683826977,0.023121387283236993,27.0,331,2076.0,3140,-1.398897661151087,6.36010829053641,1.1890170173441428,3161.5,-0.08949011446409989,0.04357212953876349,2.8595041322314048
2021-10-20,0.3397285914833879,0.15489003275620028,13.631991816301676,0.0,27.0,331,2137.0,3141,-1.4000111552362915,6.36010829053641,1.2120236724987143,3207.25,-0.08949011446409989,0.04357212953876349,2.943526170798898
2021-10-21,0.3397285914833879,0.15489003275620028,13.633293190844267,0.0,27.0,331,2137.0,3142,-1.401141875439731,6.36010829053641,1.2100202185243178,3201.0,-0.08949011446409989,0.04357212953876349,2.943526170798898
2021-10-22,0.3370473537604457,0.15366759517177345,13.634493112743195,0.0,27.0,331,2154.0,3143,-1.4023494846642375,6.36010829053641,1.2160720036094026,3213.75,-0.08949011446409989,0.04357212953876349,2.9669421487603307
2021-10-25,0.3370473537604457,0.15366759517177345,13.635700690474552,0.0,27.0,331,2154.0,3146,-1.4035058579437387,6.36010829053641,1.2185532860496828,3226.0,-0.08949011446409989,0.04357212953876349,2.9669421487603307
2021-10-26,0.3422913719943423,0.15605846298915607,13.637123804251313,0.015558698727015558,27.0,331,2121.0,3147,-1.4044889667476583,6.36010829053641,1.2053841259570797,3201.25,-0.08949011446409989,0.04357212953876349,2.9214876033057853
2021-10-27,0.3422913719943423,0.15605846298915607,13.638553564874508,0.015558698727015558,27.0,331,2121.0,3148,-1.4052121987999573,6.36010829053641,1.21817064383869,3256.0,-0.08949011446409989,0.04357212953876349,2.9214876033057853
2021-10-28,0.3422913719943423,0.15605846298915607,13.639989937316933,0.015558698727015558,27.0,331,2121.0,3149,-1.4060439662106572,6.36010829053641,1.2121117841854454,3233.0,-0.08949011446409989,0.04357212953876349,2.9214876033057853
2021-10-29,0.3422913719943423,0.15605846298915607,13.641432886769017,0.015558698727015558,27.0,331,2121.0,3150,-1.407090766686149,6.36010829053641,1.198970273547674,3180.75,-0.08949011446409989,0.04357212953876349,2.9214876033057853
2021-11-01,0.3422913719943423,0.15605846298915607,13.642882378637152,0.015558698727015558,27.0,331,2121.0,3153,-1.4082723982057668,6.36010829053641,1.1882571913687658,3138.5,-0.08949011446409989,0.04357212953876349,2.9214876033057853
2021-11-02,0.3422913719943423,0.15605846298915607,13.644338378542036,0.015558698727015558,27.0,331,2121.0,3154,-1.4094655998651995,6.36010829053641,1.186326705635424,3132.5,-0.08949011446409989,0.04357212953876349,2.9214876033057853
2021-11-03,0.3422913719943423,0.15605846298915607,13.64580085231708,0.015558698727015558,27.0,331,2121.0,3155,-1.410729905498424,6.36010829053641,1.1785270737387816,3102.25,-0.08949011446409989,0.04357212953876349,2.9214876033057853
2021-11-04,0.3422913719943423,0.15605846298915607,13.647269766006772,0.015558698727015558,27.0,331,2121.0,3156,-1.4119888007817494,6.36010829053641,1.1780522953187818,3102.25,-0.08949011446409989,0.04357212953876349,2.9214876033057853
2021-11-05,0.3422913719943423,0.15605846298915607,13.648745085865082,0.015558698727015558,27.0,331,2121.0,3157,-1.413257678038724,6.36010829053641,1.1758842296822152,3095.25,-0.08949011446409989,0.04357212953876349,2.9214876033057853
2021-11-08,0.3422913719943423,0.15605846298915607,13.650226778353877,0.015558698727015558,27.0,331,2121.0,3160,-1.4144601514941366,6.36010829053641,1.1816394900217975,3121.0,-0.08949011446409989,0.04357212953876349,2.9214876033057853
2021-11-09,0.32850678733031674,0.1497737556561086,13.651147022945365,0.0,27.0,331,2210.0,3161,-1.4160058656919632,6.36010829053641,1.2151993235391454,3187.75,-0.08949011446409989,0.04357212953876349,3.044077134986226
2021-11-10,0.329700272479564,0.1503178928247048,13.6521295225332,0.0036330608537693005,27.0,331,2202.0,3162,-1.4175152432383715,6.36010829053641,1.211651058563939,3181.75,-0.08949011446409989,0.04357212953876349,3.0330578512396693
2021-11-11,0.329700272479564,0.1503178928247048,13.65312060072949,0.0036330608537693005,27.0,331,2202.0,3163,-1.4190071657067007,6.36010829053641,1.2126732423349826,3188.0,-0.08949011446409989,0.04357212953876349,3.0330578512396693
2021-11-12,0.329700272479564,0.1503178928247048,13.654120210765955,0.0036330608537693005,27.0,331,2202.0,3164,-1.42048033882344,6.36010829053641,1.2137555207781772,3194.5,-0.08949011446409989,0.04357212953876349,3.0330578512396693
2021-11-15,0.329700272479564,0.1503178928247048,13.655128306182215,0.0036330608537693005,27.0,331,2202.0,3167,-1.4219446074171886,6.36010829053641,1.2135690267193795,3195.75,-0.08949011446409989,0.04357212953876349,3.0330578512396693
2021-11-16,0.329700272479564,0.1503178928247048,13.656144840823266,0.0036330608537693005,27.0,331,2202.0,3168,-1.423404952453901,6.36010829053641,1.212778930537677,3194.5,-0.08949011446409989,0.04357212953876349,3.0330578512396693
2021-11-17,0.329700272479564,0.1503178928247048,13.657169768837017,0.0036330608537693005,27.0,331,2202.0,3169,-1.4248554601049457,6.36010829053641,1.2127138508903894,3196.25,-0.08949011446409989,0.04357212953876349,3.0330578512396693
2021-11-18,0.329700272479564,0.1503178928247048,13.658203044671861,0.0036330608537693005,27.0,331,2202.0,3170,-1.426314704704604,6.36010829053641,1.2103553966634797,3188.5,-0.08949011446409989,0.04357212953876349,3.0330578512396693
2021-11-19,0.329700272479564,0.1503178928247048,13.659244623074215,0.0036330608537693005,27.0,331,2202.0,3171,-1.4277576392903202,6.36010829053641,1.2111360755037421,3193.75,-0.08949011446409989,0.04357212953876349,3.0330578512396693
2021-11-22,0.329700272479564,0.1503178928247048,13.660294459086144,0.0036330608537693005,27.0,331,2202.0,3174,-1.428612254515489,6.36010829053641,1.2505869158038876,3359.25,-0.08949011446409989,0.04357212953876349,3.0330578512396693
2021-11-23,0.329700272479564,0.1503178928247048,13.661352508042956,0.0036330608537693005,27.0,331,2202.0,3175,-1.4297253435737427,6.36010829053641,1.235917564988735,3300.5,-0.08949011446409989,0.04357212953876349,3.0330578512396693
2021-11-24,0.329700272479564,0.1503178928247048,13.66241872557088,0.0036330608537693005,27.0,331,2202.0,3176,-1.4308437059713293,6.36010829053641,1.2347021570754715,3297.5,-0.08949011446409989,0.04357212953876349,3.0330578512396693
2021-11-25,0.329700272479564,0.1503178928247048,13.663493067584705,0.0036330608537693005,27.0,331,2202.0,3177,-1.431955606426352,6.36010829053641,1.2342109204785796,3297.5,-0.08949011446409989,0.04357212953876349,3.0330578512396693
2021-11-26,0.329700272479564,0.1503178928247048,13.664575490285465,0.0036330608537693005,27.0,331,2202.0,3178,-1.4330611007835137,6.36010829053641,1.2337200911072357,3297.5,-0.08949011446409989,0.04357212953876349,3.0330578512396693
2021-11-29,0.329700272479564,0.1503178928247048,13.665665950158184,0.0036330608537693005,27.0,331,2202.0,3181,-1.4340637429393306,6.36010829053641,1.2388936838674853,3321.0,-0.08949011446409989,0.04357212953876349,3.0330578512396693
2021-11-30,0.329700272479564,0.1503178928247048,13.666764403969573,0.0036330608537693005,27.0,331,2202.0,3182,-1.4352429187417275,6.36010829053641,1.2270770013622463,3274.0,-0.08949011446409989,0.04357212953876349,3.0330578512396693
2021-12-01,0.329700272479564,0.1503178928247048,13.667870808765793,0.0036330608537693005,27.0,331,2202.0,3183,-1.4360036484885372,6.36010829053641,1.2495350327256871,3369.25,-0.08949011446409989,0.04357212953876349,3.0330578512396693
2021-12-02,0.329700272479564,0.1503178928247048,13.668985121870245,0.0036330608537693005,27.0,331,2202.0,3184,-1.4366996385777728,6.36010829053641,1.251751201592242,3380.5,-0.08949011446409989,0.04357212953876349,3.0330578512396693
2021-12-03,0.329700272479564,0.1503178928247048,13.670107300881373,0.0036330608537693005,27.0,331,2202.0,3185,-1.4378482406338302,6.36010829053641,1.2264562386772726,3277.5,-0.08949011446409989,0.04357212953876349,3.0330578512396693
2021-12-06,0.329700272479564,0.1503178928247048,13.671237303670434,0.0036330608537693005,27.0,331,2202.0,3188,-1.4389379895611114,6.36010829053641,1.2294596125581452,3292.0,-0.08949011446409989,0.04357212953876349,3.0330578512396693
2021-12-07,0.329700272479564,0.1503178928247048,13.672375088379404,0.0036330608537693005,27.0,331,2202.0,3189,-1.440182167700139,6.36010829053641,1.2173594228897984,3243.75,-0.08949011446409989,0.04357212953876349,3.0330578512396693
2021-12-08,0.31968295904887717,0.1457507705856451,13.673065535440383,0.0,27.0,331,2271.0,3190,-1.4417039850271833,6.36010829053641,1.2430007567947883,3295.5,-0.08949011446409989,0.04357212953876349,3.128099173553719
2021-12-09,0.31968295904887717,0.1457507705856451,13.673765834518749,0.0,27.0,331,2271.0,3191,-1.4431815521005984,6.36010829053641,1.2464134687211172,3311.75,-0.08949011446409989,0.04357212953876349,3.128099173553719
2021-12-10,0.31968295904887717,0.1457507705856451,13.674475930833813,0.0,27.0,331,2271.0,3192,-1.4447504693852589,6.36010829053641,1.2340719463691845,3262.5,-0.08949011446409989,0.04357212953876349,3.128099173553719
2021-12-13,0.31968295904887717,0.1457507705856451,13.675195769977075,0.0,27.0,331,2271.0,3195,-1.4461793901445499,6.36010829053641,1.2486660819624147,3325.25,-0.08949011446409989,0.04357212953876349,3.128099173553719
2021-12-14,0.31968295904887717,0.1457507705856451,13.6759252979091,0.0,27.0,331,2271.0,3196,-1.447577603949617,6.36010829053641,1.2502125082128779,3333.75,-0.08949011446409989,0.04357212953876349,3.128099173553719
2021-12-15,0.31968295904887717,0.1457507705856451,13.676664460956465,0.0,27.0,331,2271.0,3197,-1.449124790294278,6.36010829053641,1.2328326243480976,3263.5,-0.08949011446409989,0.04357212953876349,3.128099173553719
2021-12-16,0.31968295904887717,0.1457507705856451,13.677413205808646,0.0,27.0,331,2271.0,3198,-1.4506359388900607,6.36010829053641,1.236424743195968,3280.5,-0.08949011446409989,0.04357212953876349,3.128099173553719
2021-12-17,0.31968295904887717,0.1457507705856451,13.678171479515012,0.0,27.0,331,2271.0,3199,-1.4519988723709332,6.36010829053641,1.2499240276325057,3338.75,-0.08949011446409989,0.04357212953876349,3.128099173553719
2021-12-20,0.31968295904887717,0.1457507705856451,13.678939229481824,0.0,27.0,331,2271.0,3202,-1.4533999072049733,6.36010829053641,1.2455855875438462,3322.75,-0.08949011446409989,0.04357212953876349,3.128099173553719
2021-12-21,0.31968295904887717,0.1457507705856451,13.679716403469248,0.0,27.0,331,2271.0,3203,-1.454875175020627,6.36010829053641,1.2368676491575652,3288.5,-0.08949011446409989,0.04357212953876349,3.128099173553719
2021-12-22,0.31968295904887717,0.1457507705856451,13.680502949588433,0.0,27.0,331,2271.0,3204,-1.4564136917807673,6.36010829053641,1.2264737980619493,3247.25,-0.08949011446409989,0.04357212953876349,3.128099173553719
2021-12-23,0.31968295904887717,0.1457507705856451,13.681298816298582,0.0,27.0,331,2271.0,3205,-1.4579061630055983,6.36010829053641,1.2321638199075078,3273.0,-0.08949011446409989,0.04357212953876349,3.128099173553719
2021-12-24,0.31968295904887717,0.1457507705856451,13.68210395240408,0.0,27.0,331,2271.0,3206,-1.459392400480562,6.36010829053641,1.231673258708239,3273.0,-0.08949011446409989,0.04357212953876349,3.128099173553719
2021-12-27,0.31968295904887717,0.1457507705856451,13.682918307051633,0.0,27.0,331,2271.0,3209,-1.460907354100866,6.36010829053641,1.2259660244713222,3251.25,-0.08949011446409989,0.04357212953876349,3.128099173553719
2021-12-28,0.32123893805309733,0.14646017699115044,13.68381422404367,0.0048672566371681415,27.0,331,2260.0,3210,-1.4623787118759501,6.36010829053641,1.2213397881781796,3243.0,-0.08949011446409989,0.04357212953876349,3.112947658402204
2021-12-29,0.32109685979655017,0.14639540026536932,13.684712384976281,0.004422821760283061,27.0,331,2261.0,3211,-1.4638477530597522,6.36010829053641,1.2212296073461106,3243.75,-0.08949011446409989,0.04357212953876349,3.1143250688705235
2021-12-30,0.36029776674937963,0.16426799007444168,13.687004238059862,0.1270471464019851,27.0,331,2015.0,3212,-1.46433874022915,6.36010829053641,1.1282952591924167,3059.25,-0.08949011446409989,0.04357212953876349,2.775482093663912
2021-12-31,0.36029776674937963,0.16426799007444168,13.689299088583079,0.1270471464019851,27.0,331,2015.0,3213,-1.4646168203812244,6.36010829053641,1.1389360297782911,3105.5,-0.08949011446409989,0.04357212953876349,2.775482093663912
2022-01-03,0.36029776674937963,0.16426799007444168,13.691596921593638,0.1270471464019851,27.0,331,2015.0,3216,-1.4649216208364466,6.36010829053641,1.137113777705092,3099.75,-0.08949011446409989,0.04357212953876349,2.775482093663912
2022-01-04,0.36029776674937963,0.16426799007444168,13.693897722218532,0.1270471464019851,27.0,331,2015.0,3217,-1.4651476176307863,6.36010829053641,1.140382368422424,3115.25,-0.08949011446409989,0.04357212953876349,2.775482093663912
2022-01-05,0.36029776674937963,0.16426799007444168,13.696201475663521,0.1270471464019851,27.0,331,2015.0,3218,-1.465043237488713,6.36010829053641,1.1539464778539394,3173.75,-0.08949011446409989,0.04357212953876349,2.775482093663912
2022-01-06,0.36029776674937963,0.16426799007444168,13.698508167212633,0.1270471464019851,27.0,331,2015.0,3219,-1.46465634892746,6.36010829053641,1.1639131475679445,3217.25,-0.08949011446409989,0.04357212953876349,2.775482093663912
2022-01-07,0.36029776674937963,0.16426799007444168,13.700817782227645,0.1270471464019851,27.0,331,2015.0,3220,-1.4640748736942544,6.36010829053641,1.170105448772559,3245.0,-0.08949011446409989,0.04357212953876349,2.775482093663912
2022-01-10,0.36029776674937963,0.16426799007444168,13.703130306147637,0.1270471464019851,27.0,331,2015.0,3223,-1.4642950194382907,6.36010829053641,1.1388457845056652,3116.25,-0.08949011446409989,0.04357212953876349,2.775482093663912
2022-01-11,0.36029776674937963,0.16426799007444168,13.70544572448846,0.1270471464019851,27.0,331,2015.0,3224,-1.4645720933993636,6.36010829053641,1.135591655984393,3104.5,-0.08949011446409989,0.04357212953876349,2.775482093663912
2022-01-12,0.36029776674937963,0.16426799007444168,13.707764022842264,0.1270471464019851,27.0,331,2015.0,3225,-1.4649575428988646,6.36010829053641,1.1294691054439396,3080.75,-0.08949011446409989,0.04357212953876349,2.775482093663912
2022-01-13,0.36029776674937963,0.16426799007444168,13.710085186877022,0.1270471464019851,27.0,331,2015.0,3226,-1.4650065287604572,6.36010829053641,1.1450497743142547,3147.75,-0.08949011446409989,0.04357212953876349,2.775482093663912
2022-01-14,0.36029776674937963,0.16426799007444168,13.71240920233605,0.1270471464019851,27.0,331,2015.0,3227,-1.4651901593118424,6.36010829053641,1.1385695912439542,3122.5,-0.08949011446409989,0.04357212953876349,2.775482093663912
2022-01-17,0.36029776674937963,0.16426799007444168,13.714736055037513,0.1270471464019851,27.0,331,2015.0,3230,-1.4653727934172143,6.36010829053641,1.1381275480477158,3122.5,-0.08949011446409989,0.04357212953876349,2.775482093663912
2022-01-18,0.36029776674937963,0.16426799007444168,13.717065730873983,0.1270471464019851,27.0,331,2015.0,3231,-1.4654118404809873,6.36010829053641,1.1440777390573331,3149.25,-0.08949011446409989,0.04357212953876349,2.775482093663912
2022-01-19,0.36029776674937963,0.16426799007444168,13.71939821581195,0.1270471464019851,27.0,331,2015.0,3232,-1.4648456231457236,6.36010829053641,1.1663295819739414,3244.25,-0.08949011446409989,0.04357212953876349,2.775482093663912
2022-01-20,0.36029776674937963,0.16426799007444168,13.721733495891366,0.1270471464019851,27.0,331,2015.0,3233,-1.463247717549617,6.36010829053641,1.1959151031279047,3370.0,-0.08949011446409989,0.04357212953876349,2.775482093663912
2022-01-21,0.36029776674937963,0.16426799007444168,13.724071557225177,0.1270471464019851,27.0,331,2015.0,3234,-1.4613062911124663,6.36010829053641,1.204414531308054,3407.5,-0.08949011446409989,0.04357212953876349,2.775482093663912
2022-01-24,0.36029776674937963,0.16426799007444168,13.726412385998875,0.1270471464019851,27.0,331,2015.0,3237,-1.4612794936934124,6.36010829053641,1.1455908785656286,3163.0,-0.08949011446409989,0.04357212953876349,2.775482093663912
2022-01-25,0.36029776674937963,0.16426799007444168,13.728755968470033,0.1270471464019851,27.0,331,2015.0,3238,-1.4609112393170127,6.36010829053641,1.158454161236634,3218.75,-0.08949011446409989,0.04357212953876349,2.775482093663912
2022-01-26,0.36029776674937963,0.16426799007444168,13.73110229096787,0.1270471464019851,27.0,331,2015.0,3239,-1.4603932479316304,6.36010829053641,1.1633777838546484,3241.25,-0.08949011446409989,0.04357212953876349,2.775482093663912
2022-01-27,0.36029776674937963,0.16426799007444168,13.733451339892781,0.1270471464019851,27.0,331,2015.0,3240,-1.4598615792425547,6.36010829053641,1.1635282106820768,3243.75,-0.08949011446409989,0.04357212953876349,2.775482093663912
2022-01-28,0.36029776674937963,0.16426799007444168,13.735803101715918,0.1270471464019851,27.0,331,2015.0,3241,-1.460297553629059,6.36010829053641,1.1209288900367296,3067.0,-0.08949011446409989,0.04357212953876349,2.775482093663912
2022-01-31,0.36029776674937963,0.16426799007444168,13.738157562978719,0.1270471464019851,27.0,331,2015.0,3244,-1.4610854671447893,6.36010829053641,1.0918216551215139,2946.75,-0.08949011446409989,0.04357212953876349,2.775482093663912
2022-02-01,0.36029776674937963,0.16426799007444168,13.740514710292508,0.1270471464019851,27.0,331,2015.0,3245,-1.4619370295868768,6.36010829053641,1.0813816008004928,2904.75,-0.08949011446409989,0.04357212953876349,2.775482093663912
2022-02-02,0.36029776674937963,0.16426799007444168,13.742874530338026,0.1270471464019851,27.0,331,2015.0,3246,-1.4627884164825948,6.36010829053641,1.0805391364329402,2903.0,-0.08949011446409989,0.04357212953876349,2.775482093663912
2022-02-03,0.36029776674937963,0.16426799007444168,13.745237009865019,0.1270471464019851,27.0,331,2015.0,3247,-1.463454885829432,6.36010829053641,1.1021537346051777,2995.5,-0.08949011446409989,0.04357212953876349,2.775482093663912
2022-02-04,0.36029776674937963,0.16426799007444168,13.747602135691801,0.1270471464019851,27.0,331,2015.0,3248,-1.4637347021018408,6.36010829053641,1.126854892227254,3101.0,-0.08949011446409989,0.04357212953876349,2.775482093663912
2022-02-07,0.36029776674937963,0.16426799007444168,13.749969894704845,0.1270471464019851,27.0,331,2015.0,3251,-1.4636284155784696,6.36010829053641,1.1442212564863583,3175.75,-0.08949011446409989,0.04357212953876349,2.775482093663912
2022-02-08,0.36029776674937963,0.16426799007444168,13.752340273858334,0.1270471464019851,27.0,331,2015.0,3252,-1.4636707324464555,6.36010829053641,1.1374128282393456,3149.0,-0.08949011446409989,0.04357212953876349,2.775482093663912
2022-02-09,0.36029776674937963,0.16426799007444168,13.754713260173768,0.1270471464019851,27.0,331,2015.0,3253,-1.4638972707936473,6.36010829053641,1.128167889704156,3112.0,-0.08949011446409989,0.04357212953876349,2.775482093663912
2022-02-10,0.36029776674937963,0.16426799007444168,13.757088840739533,0.1270471464019851,27.0,331,2015.0,3254,-1.464048342736017,6.36010829053641,1.131421545295891,3127.5,-0.08949011446409989,0.04357212953876349,2.775482093663912
2022-02-11,0.36029776674937963,0.16426799007444168,13.759467002710492,0.1270471464019851,27.0,331,2015.0,3255,-1.4640957363455462,6.36010829053641,1.1358039409675234,3147.75,-0.08949011446409989,0.04357212953876349,2.775482093663912
2022-02-14,0.36029776674937963,0.16426799007444168,13.761847733307592,0.1270471464019851,27.0,331,2015.0,3258,-1.4641739826365716,6.36010829053641,1.1339403414678226,3141.75,-0.08949011446409989,0.04357212953876349,2.775482093663912
2022-02-15,0.36029776674937963,0.16426799007444168,13.764231019817425,0.1270471464019851,27.0,331,2015.0,3259,-1.46434975147114,6.36010829053641,1.1288078543380284,3122.0,-0.08949011446409989,0.04357212953876349,2.775482093663912
2022-02-16,0.36029776674937963,0.16426799007444168,13.766616849591841,0.1270471464019851,27.0,331,2015.0,3260,-1.4643483869683707,6.36010829053641,1.1366356298134277,3156.75,-0.08949011446409989,0.04357212953876349,2.775482093663912
2022-02-17,0.36029776674937963,0.16426799007444168,13.769005210047572,0.1270471464019851,27.0,331,2015.0,3261,-1.464195318230802,6.36010829053641,1.1426770832589461,3184.0,-0.08949011446409989,0.04357212953876349,2.775482093663912
2022-02-18,0.36029776674937963,0.16426799007444168,13.771396088665783,0.1270471464019851,27.0,331,2015.0,3262,-1.4640199381362085,6.36010829053641,1.1431906172875754,3188.0,-0.08949011446409989,0.04357212953876349,2.775482093663912
2022-02-21,0.36029776674937963,0.16426799007444168,13.773789472991725,0.1270471464019851,27.0,331,2015.0,3265,-1.463845610340292,6.36010829053641,1.1427537046930798,3188.0,-0.08949011446409989,0.04357212953876349,2.775482093663912
2022-02-22,0.36029776674937963,0.16426799007444168,13.776185350634307,0.1270471464019851,27.0,331,2015.0,3266,-1.4630403819622508,6.36010829053641,1.1651199916920607,3284.0,-0.08949011446409989,0.04357212953876349,2.775482093663912
2022-02-23,0.36029776674937963,0.16426799007444168,13.778583709265744,0.1270471464019851,27.0,331,2015.0,3267,-1.4617557244959496,6.36010829053641,1.1794017056971406,3346.0,-0.08949011446409989,0.04357212953876349,2.775482093663912
2022-02-24,0.36029776674937963,0.16426799007444168,13.780984536621121,0.1270471464019851,27.0,331,2015.0,3268,-1.461450631079419,6.36010829053641,1.1470243578559067,3211.5,-0.08949011446409989,0.04357212953876349,2.775482093663912
2022-02-25,0.36029776674937963,0.16426799007444168,13.783387820498069,0.1270471464019851,27.0,331,2015.0,3269,-1.4613878834809264,6.36010829053641,1.1366777123320186,3169.75,-0.08949011446409989,0.04357212953876349,2.775482093663912
2022-02-28,0.36029776674937963,0.16426799007444168,13.785793548756331,0.1270471464019851,27.0,331,2015.0,3272,-1.4618771496847343,6.36010829053641,1.106461889469643,3044.25,-0.08949011446409989,0.04357212953876349,2.775482093663912
2022-03-01,0.36029776674937963,0.16426799007444168,13.788201709317422,0.1270471464019851,27.0,331,2015.0,3273,-1.4624491064876572,6.36010829053641,1.0996887769960841,3017.5,-0.08949011446409989,0.04357212953876349,2.775482093663912
2022-03-02,0.36029776674937963,0.16426799007444168,13.790612290164226,0.1270471464019851,27.0,331,2015.0,3274,-1.4629301639127226,6.36010829053641,1.1059052608479434,3045.5,-0.08949011446409989,0.04357212953876349,2.775482093663912
2022-03-03,0.36029776674937963,0.16426799007444168,13.793025279340643,0.1270471464019851,27.0,331,2015.0,3275,-1.4633842852040586,6.36010829053641,1.1071983769398994,3052.75,-0.08949011446409989,0.04357212953876349,2.775482093663912
2022-03-04,0.36029776674937963,0.16426799007444168,13.79544066495121,0.1270471464019851,27.0,331,2015.0,3276,-1.4639930957547347,6.36010829053641,1.094799696951836,3002.25,-0.08949011446409989,0.04357212953876349,2.775482093663912
2022-03-07,0.36029776674937963,0.16426799007444168,13.79785843516074,0.1270471464019851,27.0,331,2015.0,3279,-1.464311920689449,6.36010829053641,1.1145829053189296,3087.5,-0.08949011446409989,0.04357212953876349,2.775482093663912
2022-03-08,0.36029776674937963,0.16426799007444168,13.800278578193948,0.1270471464019851,27.0,331,2015.0,3280,-1.464191420062831,6.36010829053641,1.13583791995113,3179.0,-0.08949011446409989,0.04357212953876349,2.775482093663912
2022-03-09,0.36029776674937963,0.16426799007444168,13.8027010823351,0.1270471464019851,27.0,331,2015.0,3281,-1.463863264924863,6.36010829053641,1.1439344598315104,3215.0,-0.08949011446409989,0.04357212953876349,2.775482093663912
2022-03-10,0.36029776674937963,0.16426799007444168,13.805125935927638,0.1270471464019851,27.0,331,2015.0,3282,-1.4635431884950942,6.36010829053641,1.143263684285482,3214.0,-0.08949011446409989,0.04357212953876349,2.775482093663912
2022-03-11,0.36029776674937963,0.16426799007444168,13.807553127373849,0.1270471464019851,27.0,331,2015.0,3283,-1.4628565209791415,6.36010829053641,1.1563276774227282,3271.0,-0.08949011446409989,0.04357212953876349,2.775482093663912
2022-03-14,0.36029776674937963,0.16426799007444168,13.809982645134488,0.1270471464019851,27.0,331,2015.0,3286,-1.4619775361623473,6.36010829053641,1.1624609077432828,3298.75,-0.08949011446409989,0.04357212953876349,2.775482093663912
2022-03-15,0.36029776674937963,0.16426799007444168,13.812414477728424,0.1270471464019851,27.0,331,2015.0,3287,-1.4611932209877958,6.36010829053641,1.1591239176234591,3286.5,-0.08949011446409989,0.04357212953876349,2.775482093663912
2022-03-16,0.36029776674937963,0.16426799007444168,13.81484861373231,0.1270471464019851,27.0,331,2015.0,3288,-1.4610633891089064,6.36010829053641,1.13413696497004,3182.75,-0.08949011446409989,0.04357212953876349,2.775482093663912
2022-03-17,0.36029776674937963,0.16426799007444168,13.81728504178024,0.1270471464019851,27.0,331,2015.0,3289,-1.4612395315754128,6.36010829053641,1.1190980978411327,3121.0,-0.08949011446409989,0.04357212953876349,2.775482093663912
2022-03-18,0.36029776674937963,0.16426799007444168,13.819723750563362,0.1270471464019851,27.0,331,2015.0,3290,-1.4614766706519449,6.36010829053641,1.1153011088097537,3106.75,-0.08949011446409989,0.04357212953876349,2.775482093663912
2022-03-21,0.36029776674937963,0.16426799007444168,13.82216472882959,0.1270471464019851,27.0,331,2015.0,3293,-1.4618920738835937,6.36010829053641,1.1038801368265443,3060.25,-0.08949011446409989,0.04357212953876349,2.775482093663912
2022-03-22,0.36029776674937963,0.16426799007444168,13.824607965383228,0.1270471464019851,27.0,331,2015.0,3294,-1.4623506765829344,6.36010829053641,1.1003252223658948,3047.0,-0.08949011446409989,0.04357212953876349,2.775482093663912
2022-03-23,0.36029776674937963,0.16426799007444168,13.827053449084648,0.1270471464019851,27.0,331,2015.0,3295,-1.4626169706136884,6.36010829053641,1.1121349239450613,3098.75,-0.08949011446409989,0.04357212953876349,2.775482093663912
2022-03-24,0.36029776674937963,0.16426799007444168,13.82950116884996,0.1270471464019851,27.0,331,2015.0,3296,-1.4630258014568562,6.36010829053641,1.1027317144875362,3060.75,-0.08949011446409989,0.04357212953876349,2.775482093663912
2022-03-25,0.36029776674937963,0.16426799007444168,13.831951113650666,0.1270471464019851,27.0,331,2015.0,3297,-1.4637258893094962,6.36010829053641,1.0757923334203687,2948.5,-0.08949011446409989,0.04357212953876349,2.775482093663912
2022-03-28,0.36029776674937963,0.16426799007444168,13.834403272513338,0.1270471464019851,27.0,331,2015.0,3300,-1.4644773041574557,6.36010829053641,1.0666976517349802,2911.75,-0.08949011446409989,0.04357212953876349,2.775482093663912
2022-03-29,0.36029776674937963,0.16426799007444168,13.836857634519285,0.1270471464019851,27.0,331,2015.0,3301,-1.4652022449463828,6.36010829053641,1.0707124782072734,2930.5,-0.08949011446409989,0.04357212953876349,2.775482093663912
2022-03-30,0.36029776674937963,0.16426799007444168,13.839314188804241,0.1270471464019851,27.0,331,2015.0,3302,-1.4659794344683024,6.36010829053641,1.0582595396410428,2879.5,-0.08949011446409989,0.04357212953876349,2.775482093663912
2022-03-31,0.36029776674937963,0.16426799007444168,13.841772924558029,0.1270471464019851,27.0,331,2015.0,3303,-1.4666041640596925,6.36010829053641,1.0821000828056306,2982.25,-0.08949011446409989,0.04357212953876349,2.775482093663912
2022-04-01,0.36029776674937963,0.16426799007444168,13.844233831024251,0.1270471464019851,27.0,331,2015.0,3304,-1.4673555803876077,6.36010829053641,1.0634566463566861,2905.0,-0.08949011446409989,0.04357212953876349,2.775482093663912
2022-04-04,0.36029776674937963,0.16426799007444168,13.846696897499942,0.1270471464019851,27.0,331,2015.0,3307,-1.4681292538187507,6.36010829053641,1.056322495500133,2876.5,-0.08949011446409989,0.04357212953876349,2.775482093663912
2022-04-05,0.36029776674937963,0.16426799007444168,13.849162113335305,0.1270471464019851,27.0,331,2015.0,3308,-1.4689087600127309,6.36010829053641,1.052434769720295,2861.75,-0.08949011446409989,0.04357212953876349,2.775482093663912
2022-04-06,0.36029776674937963,0.16426799007444168,13.851629467933348,0.1270471464019851,27.0,331,2015.0,3309,-1.4696916908564674,6.36010829053641,1.0466037165994195,2838.75,-0.08949011446409989,0.04357212953876349,2.775482093663912
2022-04-07,0.36029776674937963,0.16426799007444168,13.854098950749593,0.1270471464019851,27.0,331,2015.0,3310,-1.4704626464515982,6.36010829053641,1.0542126056459467,2872.75,-0.08949011446409989,0.04357212953876349,2.775482093663912
2022-04-08,0.36029776674937963,0.16426799007444168,13.85657055129177,0.1270471464019851,27.0,331,2015.0,3311,-1.471190657486368,6.36010829053641,1.0643516276323253,2917.5,-0.08949011446409989,0.04357212953876349,2.775482093663912
2022-04-11,0.36029776674937963,0.16426799007444168,13.859044259119505,0.1270471464019851,27.0,331,2015.0,3314,-1.4718596182333892,6.36010829053641,1.072600992001631,2954.25,-0.08949011446409989,0.04357212953876349,2.775482093663912
2022-04-12,0.36029776674937963,0.16426799007444168,13.861520063844006,0.1270471464019851,27.0,331,2015.0,3315,-1.472587973587811,6.36010829053641,1.0627665098844428,2914.25,-0.08949011446409989,0.04357212953876349,2.775482093663912
2022-04-13,0.36029776674937963,0.16426799007444168,13.863997955127783,0.1270471464019851,27.0,331,2015.0,3316,-1.47328306581484,6.36010829053641,1.0676565305075947,2936.75,-0.08949011446409989,0.04357212953876349,2.775482093663912
2022-04-14,0.36029776674937963,0.16426799007444168,13.866477922684307,0.1270471464019851,27.0,331,2015.0,3317,-1.4738993083790082,6.36010829053641,1.0768415332143118,2977.5,-0.08949011446409989,0.04357212953876349,2.775482093663912
2022-04-15,0.36029776674937963,0.16426799007444168,13.868959956277765,0.1270471464019851,27.0,331,2015.0,3318,-1.474513675823725,6.36010829053641,1.0764295957668024,2977.5,-0.08949011446409989,0.04357212953876349,2.775482093663912
2022-04-18,0.36029776674937963,0.16426799007444168,13.871444045722718,0.1270471464019851,27.0,331,2015.0,3321,-1.4751800534722463,6.36010829053641,1.0696635494434361,2950.5,-0.08949011446409989,0.04357212953876349,2.775482093663912
2022-04-19,0.36029776674937963,0.16426799007444168,13.873930180883825,0.1270471464019851,27.0,331,2015.0,3322,-1.4758459124762617,6.36010829053641,1.0690772910934285,2949.75,-0.08949011446409989,0.04357212953876349,2.775482093663912
2022-04-20,0.36029776674937963,0.16426799007444168,13.876418351675543,0.1270471464019851,27.0,331,2015.0,3323,-1.4764590694310742,6.36010829053641,1.0747252690630105,2975.5,-0.08949011446409989,0.04357212953876349,2.775482093663912
2022-04-21,0.36029776674937963,0.16426799007444168,13.878908548061856,0.1270471464019851,27.0,331,2015.0,3324,-1.476979381955984,6.36010829053641,1.0830165371094718,3012.5,-0.08949011446409989,0.04357212953876349,2.775482093663912
2022-04-22,0.36029776674937963,0.16426799007444168,13.881400760055953,0.1270471464019851,27.0,331,2015.0,3325,-1.4772360877725246,6.36010829053641,1.10100307487446,3090.75,-0.08949011446409989,0.04357212953876349,2.775482093663912
2022-04-25,0.36029776674937963,0.16426799007444168,13.883894977719972,0.1270471464019851,27.0,331,2015.0,3328,-1.4776899027290342,6.36010829053641,1.0873052193298138,3034.25,-0.08949011446409989,0.04357212953876349,2.775482093663912
2022-04-26,0.36029776674937963,0.16426799007444168,13.886391191164693,0.1270471464019851,27.0,331,2015.0,3329,-1.4779490104448036,6.36010829053641,1.0998771543694204,3089.5,-0.08949011446409989,0.04357212953876349,2.775482093663912
2022-04-27,0.36029776674937963,0.16426799007444168,13.888889390549279,0.1270471464019851,27.0,331,2015.0,3330,-1.478124660780596,6.36010829053641,1.104219629504088,3109.75,-0.08949011446409989,0.04357212953876349,2.775482093663912
2022-04-28,0.36029776674937963,0.16426799007444168,13.891389566080969,0.1270471464019851,27.0,331,2015.0,3331,-1.4781283341328875,6.36010829053641,1.1127297994603056,3147.75,-0.08949011446409989,0.04357212953876349,2.775482093663912
2022-04-29,0.36029776674937963,0.16426799007444168,13.893891708014813,0.1270471464019851,27.0,331,2015.0,3332,-1.4778132271556608,6.36010829053641,1.1265789879129613,3208.5,-0.08949011446409989,0.04357212953876349,2.775482093663912
2022-05-02,0.36029776674937963,0.16426799007444168,13.896395806653391,0.1270471464019851,27.0,331,2015.0,3335,-1.4779930494938096,6.36010829053641,1.1026782026661968,3108.5,-0.08949011446409989,0.04357212953876349,2.775482093663912
2022-05-03,0.36029776674937963,0.16426799007444168,13.898901852346558,0.1270471464019851,27.0,331,2015.0,3336,-1.4781700014008596,6.36010829053641,1.1023803191227375,3109.0,-0.08949011446409989,0.04357212953876349,2.775482093663912
2022-05-04,0.36029776674937963,0.16426799007444168,13.901409835491123,0.1270471464019851,27.0,331,2015.0,3337,-1.4785612095954528,6.36010829053641,1.088412206700699,3051.25,-0.08949011446409989,0.04357212953876349,2.775482093663912
2022-05-05,0.36029776674937963,0.16426799007444168,13.903919746530631,0.1270471464019851,27.0,331,2015.0,3338,-1.479262463949167,6.36010829053641,1.0549176969307035,2910.25,-0.08949011446409989,0.04357212953876349,2.775482093663912
2022-05-06,0.36029776674937963,0.16426799007444168,13.906431575955066,0.1270471464019851,27.0,331,2015.0,3339,-1.480004317709952,6.36010829053641,1.0355722715134554,2829.5,-0.08949011446409989,0.04357212953876349,2.775482093663912
2022-05-09,0.36029776674937963,0.16426799007444168,13.908945314300574,0.1270471464019851,27.0,331,2015.0,3342,-1.4807414423852803,6.36010829053641,1.0416816415292025,2857.25,-0.08949011446409989,0.04357212953876349,2.775482093663912
2022-05-10,0.36029776674937963,0.16426799007444168,13.911460952149229,0.1270471464019851,27.0,331,2015.0,3343,-1.4814437131140978,6.36010829053641,1.0524776088335386,2905.0,-0.08949011446409989,0.04357212953876349,2.775482093663912
2022-05-11,0.36029776674937963,0.16426799007444168,13.91397848012874,0.1270471464019851,27.0,331,2015.0,3344,-1.4820866552133432,6.36010829053641,1.0618621751868278,2946.75,-0.08949011446409989,0.04357212953876349,2.775482093663912
2022-05-12,0.36029776674937963,0.16426799007444168,13.916497888912199,0.1270471464019851,27.0,331,2015.0,3345,-1.4828201428153764,6.36010829053641,1.0308159437073268,2816.0,-0.08949011446409989,0.04357212953876349,2.775482093663912
2022-05-13,0.36029776674937963,0.16426799007444168,13.919019169217822,0.1270471464019851,27.0,331,2015.0,3346,-1.4835509919959342,6.36010829053641,1.040260023040165,2858.0,-0.08949011446409989,0.04357212953876349,2.775482093663912
2022-05-16,0.36029776674937963,0.16426799007444168,13.921542311808697,0.1270471464019851,27.0,331,2015.0,3349,-1.4842660300647212,6.36010829053641,1.045951857170501,2884.0,-0.08949011446409989,0.04357212953876349,2.775482093663912
2022-05-17,0.36029776674937963,0.16426799007444168,13.924067307492502,0.1270471464019851,27.0,331,2015.0,3350,-1.4849793353254286,6.36010829053641,1.0456107098083696,2884.25,-0.08949011446409989,0.04357212953876349,2.775482093663912
2022-05-18,0.36029776674937963,0.16426799007444168,13.926594147121289,0.1270471464019851,27.0,331,2015.0,3351,-1.4857083617879607,6.36010829053641,1.036957980684952,2849.0,-0.08949011446409989,0.04357212953876349,2.775482093663912
2022-05-19,0.36029776674937963,0.16426799007444168,13.929122821591188,0.1270471464019851,27.0,331,2015.0,3352,-1.4864322144802993,6.36010829053641,1.0393698247753982,2861.0,-0.08949011446409989,0.04357212953876349,2.775482093663912
2022-05-20,0.36029776674937963,0.16426799007444168,13.931653321842187,0.1270471464019851,27.0,331,2015.0,3353,-1.4870195787422742,6.36010829053641,1.0008843430837024,2698.25,-0.08949011446409989,0.04357212953876349,2.775482093663912
2022-05-23,0.36029776674937963,0.16426799007444168,13.934185638857873,0.1270471464019851,27.0,331,2015.0,3356,-1.4874782433004212,6.36010829053641,0.9883294933282107,2646.25,-0.08949011446409989,0.04357212953876349,2.775482093663912
2022-05-24,0.36029776674937963,0.16426799007444168,13.936719763665177,0.1270471464019851,27.0,331,2015.0,3357,-1.4877916279040995,6.36010829053641,0.9773595930331808,2601.0,-0.08949011446409989,0.04357212953876349,2.775482093663912
2022-05-25,0.36029776674937963,0.16426799007444168,13.939255687334134,0.1270471464019851,27.0,331,2015.0,3358,-1.4882621649607033,6.36010829053641,0.9886119771997297,2650.75,-0.08949011446409989,0.04357212953876349,2.775482093663912
2022-05-26,0.36029776674937963,0.16426799007444168,13.941793400977623,0.1270471464019851,27.0,331,2015.0,3359,-1.4886626130921907,6.36010829053641,0.982732737121035,2627.25,-0.08949011446409989,0.04357212953876349,2.775482093663912
2022-05-27,0.36029776674937963,0.16426799007444168,13.94433289575116,0.1270471464019851,27.0,331,2015.0,3360,-1.4889803092136726,6.36010829053641,0.9765641809289763,2602.5,-0.08949011446409989,0.04357212953876349,2.775482093663912
2022-05-30,0.36029776674937963,0.16426799007444168,13.946874162852612,0.1270471464019851,27.0,331,2015.0,3363,-1.4892977213789758,6.36010829053641,0.9761826973276729,2602.5,-0.08949011446409989,0.04357212953876349,2.775482093663912
2022-05-31,0.36029776674937963,0.16426799007444168,13.949417193521993,0.1270471464019851,27.0,331,2015.0,3364,-1.489791000413808,6.36010829053641,0.989177687742347,2659.75,-0.08949011446409989,0.04357212953876349,2.775482093663912
2022-06-01,0.36029776674937963,0.16426799007444168,13.951961979041196,0.1270471464019851,27.0,331,2015.0,3365,-1.4904303182831045,6.36010829053641,1.0050282154518613,2729.25,-0.08949011446409989,0.04357212953876349,2.775482093663912
2022-06-02,0.36029776674937963,0.16426799007444168,13.954508510733783,0.1270471464019851,27.0,331,2015.0,3366,-1.4909151382860837,6.36010829053641,0.9877677771185478,2657.0,-0.08949011446409989,0.04357212953876349,2.775482093663912
2022-06-03,0.36029776674937963,0.16426799007444168,13.957056779964729,0.1270471464019851,27.0,331,2015.0,3367,-1.4913831371328905,6.36010829053641,0.9859836555393368,2651.0,-0.08949011446409989,0.04357212953876349,2.775482093663912
2022-06-06,0.36029776674937963,0.16426799007444168,13.959606778140191,0.1270471464019851,27.0,331,2015.0,3370,-1.4917295161296966,6.36010829053641,0.9763806990737023,2611.5,-0.08949011446409989,0.04357212953876349,2.775482093663912
2022-06-07,0.36029776674937963,0.16426799007444168,13.962158496707296,0.1270471464019851,27.0,331,2015.0,3371,-1.4920033558020709,6.36010829053641,0.9712164236675105,2591.0,-0.08949011446409989,0.04357212953876349,2.775482093663912
2022-06-08,0.36029776674937963,0.16426799007444168,13.964711927153887,0.1270471464019851,27.0,331,2015.0,3372,-1.49233983306164,6.36010829053641,0.9749790895357219,2608.75,-0.08949011446409989,0.04357212953876349,2.775482093663912
2022-06-09,0.36029776674937963,0.16426799007444168,13.967267061008299,0.1270471464019851,27.0,331,2015.0,3373,-1.4929196121600412,6.36010829053641,0.9954767719061874,2698.25,-0.08949011446409989,0.04357212953876349,2.775482093663912
2022-06-10,0.36029776674937963,0.16426799007444168,13.969823889839136,0.1270471464019851,27.0,331,2015.0,3374,-1.4936277082542322,6.36010829053641,1.0192299451905755,2801.75,-0.08949011446409989,0.04357212953876349,2.775482093663912
2022-06-13,0.36029776674937963,0.16426799007444168,13.972382405255054,0.1270471464019851,27.0,331,2015.0,3377,-1.4943379706930007,6.36010829053641,1.0208224827521675,2810.25,-0.08949011446409989,0.04357212953876349,2.775482093663912
2022-06-14,0.36029776674937963,0.16426799007444168,13.9749425989045,0.1270471464019851,27.0,331,2015.0,3378,-1.4950148217626542,6.36010829053641,1.0094190655317883,2763.0,-0.08949011446409989,0.04357212953876349,2.775482093663912
2022-06-15,0.36029776674937963,0.16426799007444168,13.977504462475553,0.1270471464019851,27.0,331,2015.0,3379,-1.4957160929957733,6.36010829053641,1.0333858056698313,2867.5,-0.08949011446409989,0.04357212953876349,2.775482093663912
2022-06-16,0.36029776674937963,0.16426799007444168,13.980067987695621,0.1270471464019851,27.0,331,2015.0,3380,-1.4964176789346588,6.36010829053641,1.032236656768141,2864.25,-0.08949011446409989,0.04357212953876349,2.775482093663912
2022-06-17,0.36029776674937963,0.16426799007444168,13.982633166331299,0.1270471464019851,27.0,331,2015.0,3381,-1.4970626848170818,6.36010829053641,1.045355580391921,2922.25,-0.08949011446409989,0.04357212953876349,2.775482093663912
2022-06-20,0.36029776674937963,0.16426799007444168,13.985199990188104,0.1270471464019851,27.0,331,2015.0,3384,-1.4977061281291177,6.36010829053641,1.044961299204382,2922.25,-0.08949011446409989,0.04357212953876349,2.775482093663912
2022-06-21,0.36029776674937963,0.16426799007444168,13.987768451110256,0.1270471464019851,27.0,331,2015.0,3385,-1.4982844825952253,6.36010829053641,1.0533566162204113,2960.0,-0.08949011446409989,0.04357212953876349,2.775482093663912
2022-06-22,0.36029776674937963,0.16426799007444168,13.990338540980497,0.1270471464019851,27.0,331,2015.0,3386,-1.4987722052358017,6.36010829053641,1.0620973113610976,2999.25,-0.08949011446409989,0.04357212953876349,2.775482093663912
2022-06-23,0.36029776674937963,0.16426799007444168,13.992910251719834,0.1270471464019851,27.0,331,2015.0,3387,-1.4993368694613842,6.36010829053641,1.053787285767314,2965.25,-0.08949011446409989,0.04357212953876349,2.775482093663912
2022-06-24,0.36029776674937963,0.16426799007444168,13.995483575287361,0.1270471464019851,27.0,331,2015.0,3388,-1.5000206662779894,6.36010829053641,1.0331499343902018,2878.25,-0.08949011446409989,0.04357212953876349,2.775482093663912
2022-06-27,0.36029776674937963,0.16426799007444168,13.998058503680031,0.1270471464019851,27.0,331,2015.0,3391,-1.500706491902652,6.36010829053641,1.031596511315884,2873.25,-0.08949011446409989,0.04357212953876349,2.775482093663912
2022-06-28,0.36029776674937963,0.16426799007444168,14.000635028932445,0.1270471464019851,27.0,331,2015.0,3392,-1.501364759116298,6.36010829053641,1.0381253299292632,2903.0,-0.08949011446409989,0.04357212953876349,2.775482093663912
2022-06-29,0.36029776674937963,0.16426799007444168,14.003213143116648,0.1270471464019851,27.0,331,2015.0,3393,-1.5019755339933263,6.36010829053641,1.0455812524986514,2936.75,-0.08949011446409989,0.04357212953876349,2.775482093663912
2022-06-30,0.36029776674937963,0.16426799007444168,14.005792838341918,0.1270471464019851,27.0,331,2015.0,3394,-1.5025601430853783,6.36010829053641,1.0485010568088686,2951.0,-0.08949011446409989,0.04357212953876349,2.775482093663912
2022-07-01,0.36029776674937963,0.16426799007444168,14.00837410675456,0.1270471464019851,27.0,331,2015.0,3395,-1.5031998179602446,6.36010829053641,1.0396836291480913,2914.75,-0.08949011446409989,0.04357212953876349,2.775482093663912
2022-07-04,0.36029776674937963,0.16426799007444168,14.010956940537708,0.1270471464019851,27.0,331,2015.0,3398,-1.5038380000868934,6.36010829053641,1.0392928196650753,2914.75,-0.08949011446409989,0.04357212953876349,2.775482093663912
2022-07-05,0.36029776674937963,0.16426799007444168,14.013541331911114,0.1270471464019851,27.0,331,2015.0,3399,-1.504496684097155,6.36010829053641,1.0344307699372592,2895.5,-0.08949011446409989,0.04357212953876349,2.775482093663912
2022-07-06,0.36029776674937963,0.16426799007444168,14.01612727313095,0.1270471464019851,27.0,331,2015.0,3400,-1.5050438324478121,6.36010829053641,1.0506463450522474,2967.0,-0.08949011446409989,0.04357212953876349,2.775482093663912
2022-07-07,0.36029776674937963,0.16426799007444168,14.018714756489597,0.1270471464019851,27.0,331,2015.0,3401,-1.5055717842422403,6.36010829053641,1.0521691169796321,2975.25,-0.08949011446409989,0.04357212953876349,2.775482093663912
2022-07-08,0.36029776674937963,0.16426799007444168,14.021303774315466,0.1270471464019851,27.0,331,2015.0,3402,-1.5060858831181898,6.36010829053641,1.053052957065328,2980.75,-0.08949011446409989,0.04357212953876349,2.775482093663912
2022-07-11,0.36029776674937963,0.16426799007444168,14.023894318972781,0.1270471464019851,27.0,331,2015.0,3405,-1.5065892320958516,6.36010829053641,1.0535884005020093,2984.75,-0.08949011446409989,0.04357212953876349,2.775482093663912
2022-07-12,0.36029776674937963,0.16426799007444168,14.026486382861398,0.1270471464019851,27.0,331,2015.0,3406,-1.5071570907136065,6.36010829053641,1.045945063192396,2953.5,-0.08949011446409989,0.04357212953876349,2.775482093663912
2022-07-13,0.36029776674937963,0.16426799007444168,14.029079958416581,0.1270471464019851,27.0,331,2015.0,3407,-1.5076521720816605,6.36010829053641,1.053325110688352,2987.0,-0.08949011446409989,0.04357212953876349,2.775482093663912
2022-07-14,0.36029776674937963,0.16426799007444168,14.03167503810885,0.1270471464019851,27.0,331,2015.0,3408,-1.5080809098982875,6.36010829053641,1.0587885915052972,3012.25,-0.08949011446409989,0.04357212953876349,2.775482093663912
2022-07-15,0.36029776674937963,0.16426799007444168,14.03427161444375,0.1270471464019851,27.0,331,2015.0,3409,-1.5085825325913826,6.36010829053641,1.0516134442136025,2983.0,-0.08949011446409989,0.04357212953876349,2.775482093663912
2022-07-18,0.36029776674937963,0.16426799007444168,14.036869679961677,0.1270471464019851,27.0,331,2015.0,3412,-1.5090563218480013,6.36010829053641,1.0537718327537773,2994.0,-0.08949011446409989,0.04357212953876349,2.775482093663912
2022-07-19,0.36029776674937963,0.16426799007444168,14.039469227237694,0.1270471464019851,27.0,331,2015.0,3413,-1.5095336353816364,6.36010829053641,1.05291659576976,2992.0,-0.08949011446409989,0.04357212953876349,2.775482093663912
2022-07-20,0.36029776674937963,0.16426799007444168,14.042070248881314,0.1270471464019851,27.0,331,2015.0,3414,-1.5099263920411874,6.36010829053641,1.0597078445297892,3023.0,-0.08949011446409989,0.04357212953876349,2.775482093663912
2022-07-21,0.36029776674937963,0.16426799007444168,14.044672737536356,0.1270471464019851,27.0,331,2015.0,3415,-1.5104088208274489,6.36010829053641,1.0513814048158823,2988.75,-0.08949011446409989,0.04357212953876349,2.775482093663912
2022-07-22,0.36029776674937963,0.16426799007444168,14.047276685880702,0.1270471464019851,27.0,331,2015.0,3416,-1.510875196547873,6.36010829053641,1.0523803874257869,2994.75,-0.08949011446409989,0.04357212953876349,2.775482093663912
2022-07-25,0.36029776674937963,0.16426799007444168,14.049882086626155,0.1270471464019851,27.0,331,2015.0,3419,-1.5114912865348353,6.36010829053641,1.033409127412369,2914.5,-0.08949011446409989,0.04357212953876349,2.775482093663912
2022-07-26,0.36029776674937963,0.16426799007444168,14.052488932518262,0.1270471464019851,27.0,331,2015.0,3420,-1.51212189602785,6.36010829053641,1.0298981595185035,2901.0,-0.08949011446409989,0.04357212953876349,2.775482093663912
2022-07-27,0.36029776674937963,0.16426799007444168,14.055097216336074,0.1270471464019851,27.0,331,2015.0,3421,-1.5126223945517865,6.36010829053641,1.047448876589836,2978.5,-0.08949011446409989,0.04357212953876349,2.775482093663912
2022-07-28,0.36029776674937963,0.16426799007444168,14.057706930892017,0.1270471464019851,27.0,331,2015.0,3422,-1.513099517401738,6.36010829053641,1.0492581352456496,2988.0,-0.08949011446409989,0.04357212953876349,2.775482093663912
2022-07-29,0.36029776674937963,0.16426799007444168,14.060318069031696,0.1270471464019851,27.0,331,2015.0,3423,-1.5135252810813065,6.36010829053641,1.0534377152082957,3007.75,-0.08949011446409989,0.04357212953876349,2.775482093663912
2022-08-01,0.36029776674937963,0.16426799007444168,14.062930623633704,0.1270471464019851,27.0,331,2015.0,3426,-1.5139918694181407,6.36010829053641,1.0492320402524264,2991.25,-0.08949011446409989,0.04357212953876349,2.775482093663912
2022-08-02,0.36029776674937963,0.16426799007444168,14.065544587609466,0.1270471464019851,27.0,331,2015.0,3427,-1.514365898728698,6.36010829053641,1.0567047300615815,3025.25,-0.08949011446409989,0.04357212953876349,2.775482093663912
2022-08-03,0.36029776674937963,0.16426799007444168,14.068159953903029,0.1270471464019851,27.0,331,2015.0,3428,-1.5147306004113372,6.36010829053641,1.0569503209911224,3028.0,-0.08949011446409989,0.04357212953876349,2.775482093663912
2022-08-04,0.36029776674937963,0.16426799007444168,14.070776715490908,0.1270471464019851,27.0,331,2015.0,3429,-1.5150985615206216,6.36010829053641,1.0562137126632487,3026.5,-0.08949011446409989,0.04357212953876349,2.775482093663912
2022-08-05,0.36029776674937963,0.16426799007444168,14.073394865381925,0.1270471464019851,27.0,331,2015.0,3430,-1.5155683195187983,6.36010829053641,1.0468708168079572,2987.75,-0.08949011446409989,0.04357212953876349,2.775482093663912
2022-08-08,0.36029776674937963,0.16426799007444168,14.076014396616994,0.1270471464019851,27.0,331,2015.0,3433,-1.5160877518850306,6.36010829053641,1.0411128596283572,2964.5,-0.08949011446409989,0.04357212953876349,2.775482093663912
2022-08-09,0.36029776674937963,0.16426799007444168,14.07863530226898,0.1270471464019851,27.0,331,2015.0,3434,-1.5165788377735205,6.36010829053641,1.0436717682735661,2977.25,-0.08949011446409989,0.04357212953876349,2.775482093663912
2022-08-10,0.36029776674937963,0.16426799007444168,14.081257575442516,0.1270471464019851,27.0,331,2015.0,3435,-1.5170950268881893,6.36010829053641,1.0403995512347537,2964.75,-0.08949011446409989,0.04357212953876349,2.775482093663912
2022-08-11,0.36029776674937963,0.16426799007444168,14.08388120927383,0.1270471464019851,27.0,331,2015.0,3436,-1.5176302719177062,6.36010829053641,1.0375906435882825,2954.25,-0.08949011446409989,0.04357212953876349,2.775482093663912
2022-08-12,0.36029776674937963,0.16426799007444168,14.086506196930594,0.1270471464019851,27.0,331,2015.0,3437,-1.5181846316387526,6.36010829053641,1.0345523634616844,2942.75,-0.08949011446409989,0.04357212953876349,2.775482093663912
2022-08-15,0.36029776674937963,0.16426799007444168,14.089132531611714,0.1270471464019851,27.0,331,2015.0,3440,-1.5187047029709533,6.36010829053641,1.038322248347629,2960.75,-0.08949011446409989,0.04357212953876349,2.775482093663912
2022-08-16,0.35431918008784774,0.16154221571498292,14.091631719074899,0.10834553440702782,27.0,331,2049.0,3441,-1.5193092431768052,6.36010829053641,1.0498098622017131,2986.25,-0.08949011446409989,0.04357212953876349,2.822314049586777
2022-08-17,0.37003058103975534,0.16870540265035677,14.094446248688143,0.15749235474006115,27.0,331,1962.0,3442,-1.519685109808203,6.36010829053641,1.0190569059513288,2921.0,-0.08949011446409989,0.04357212953876349,2.7024793388429753
2022-08-18,0.37003058103975534,0.16870540265035677,14.097261601774496,0.15749235474006115,27.0,331,1962.0,3443,-1.5199589014229355,6.36010829053641,1.0273280957388777,2958.5,-0.08949011446409989,0.04357212953876349,2.7024793388429753
2022-08-19,0.37003058103975534,0.16870540265035677,14.100077773583806,0.15749235474006115,27.0,331,1962.0,3444,-1.5201998637719631,6.36010829053641,1.029371519821713,2969.0,-0.08949011446409989,0.04357212953876349,2.7024793388429753
2022-08-22,0.37003058103975534,0.16870540265035677,14.10289475938697,0.15749235474006115,27.0,331,1962.0,3447,-1.5204645704251063,6.36010829053641,1.0271504606829525,2961.0,-0.08949011446409989,0.04357212953876349,2.7024793388429753
2022-08-23,0.37003058103975534,0.16870540265035677,14.105712554475874,0.15749235474006115,27.0,331,1962.0,3448,-1.5206505402822763,6.36010829053641,1.032419018057107,2985.5,-0.08949011446409989,0.04357212953876349,2.7024793388429753
2022-08-24,0.37003058103975534,0.16870540265035677,14.108531154163249,0.15749235474006115,27.0,331,1962.0,3449,-1.5207739852523385,6.36010829053641,1.0361303203822207,3003.25,-0.08949011446409989,0.04357212953876349,2.7024793388429753
2022-08-25,0.37003058103975534,0.16870540265035677,14.111350553782579,0.15749235474006115,27.0,331,1962.0,3450,-1.5211164074237629,6.36010829053641,1.0194001371574217,2932.25,-0.08949011446409989,0.04357212953876349,2.7024793388429753
2022-08-26,0.37003058103975534,0.16870540265035677,14.114170748688004,0.15749235474006115,27.0,331,1962.0,3451,-1.5212722881237906,6.36010829053641,1.0331866364365176,2993.75,-0.08949011446409989,0.04357212953876349,2.7024793388429753
2022-08-29,0.37003058103975534,0.16870540265035677,14.116991734254194,0.15749235474006115,27.0,331,1962.0,3454,-1.5212019047450207,6.36010829053641,1.046161192380304,3051.75,-0.08949011446409989,0.04357212953876349,2.7024793388429753
2022-08-30,0.37003058103975534,0.16870540265035677,14.119813505876278,0.15749235474006115,27.0,331,1962.0,3455,-1.5211425264821454,6.36010829053641,1.0452058384140939,3049.25,-0.08949011446409989,0.04357212953876349,2.7024793388429753
2022-08-31,0.37003058103975534,0.16870540265035677,14.1226360589697,0.15749235474006115,27.0,331,1962.0,3456,-1.5208481286904794,6.36010829053641,1.0565036829441634,3100.0,-0.08949011446409989,0.04357212953876349,2.7024793388429753
2022-09-01,0.37003058103975534,0.16870540265035677,14.12545938897015,0.15749235474006115,27.0,331,1962.0,3457,-1.5209644481116678,6.36010829053641,1.0342100606402667,3004.75,-0.08949011446409989,0.04357212953876349,2.7024793388429753
2022-09-02,0.37003058103975534,0.16870540265035677,14.12828349133344,0.15749235474006115,27.0,331,1962.0,3458,-1.5211086724394076,6.36010829053641,1.0319935027366207,2996.75,-0.08949011446409989,0.04357212953876349,2.7024793388429753
2022-09-05,0.37003058103975534,0.16870540265035677,14.131108361535418,0.15749235474006115,27.0,331,1962.0,3461,-1.5212524149385622,6.36010829053641,1.0316175797583196,2996.75,-0.08949011446409989,0.04357212953876349,2.7024793388429753
2022-09-06,0.37003058103975534,0.16870540265035677,14.13393399507185,0.15749235474006115,27.0,331,1962.0,3462,-1.5213557260192143,6.36010829053641,1.0338281486026093,3008.0,-0.08949011446409989,0.04357212953876349,2.7024793388429753
2022-09-07,0.37003058103975534,0.16870540265035677,14.136760387458336,0.15749235474006115,27.0,331,1962.0,3463,-1.5213050896854532,6.36010829053641,1.0424731154826095,3047.25,-0.08949011446409989,0.04357212953876349,2.7024793388429753
2022-09-08,0.37003058103975534,0.16870540265035677,14.139587534230193,0.15749235474006115,27.0,331,1962.0,3464,-1.5214416647863926,6.36010829053641,1.0308936330213903,2998.5,-0.08949011446409989,0.04357212953876349,2.7024793388429753
2022-09-09,0.37003058103975534,0.16870540265035677,14.142415430942386,0.15749235474006115,27.0,331,1962.0,3465,-1.521558442096871,6.36010829053641,1.0317822518182362,3004.0,-0.08949011446409989,0.04357212953876349,2.7024793388429753
2022-09-12,0.37003058103975534,0.16870540265035677,14.14524407316938,0.15749235474006115,27.0,331,1962.0,3468,-1.5217622549589116,6.36010829053641,1.025435847185007,2978.0,-0.08949011446409989,0.04357212953876349,2.7024793388429753
2022-09-13,0.37003058103975534,0.16870540265035677,14.148073456505085,0.15749235474006115,27.0,331,1962.0,3469,-1.521858381990936,6.36010829053641,1.032295683067249,3009.5,-0.08949011446409989,0.04357212953876349,2.7024793388429753
2022-09-14,0.37003058103975534,0.16870540265035677,14.150903576562758,0.15749235474006115,27.0,331,1962.0,3470,-1.522225456890278,6.36010829053641,1.0108581737652294,2917.75,-0.08949011446409989,0.04357212953876349,2.7024793388429753
2022-09-15,0.37003058103975534,0.16870540265035677,14.153734428974865,0.15749235474006115,27.0,331,1962.0,3471,-1.5227091936774477,6.36010829053641,0.9956849193363294,2853.25,-0.08949011446409989,0.04357212953876349,2.7024793388429753
2022-09-16,0.37003058103975534,0.16870540265035677,14.156566009393035,0.15749235474006115,27.0,331,1962.0,3472,-1.5232260829006112,6.36010829053641,0.9884352145604437,2823.25,-0.08949011446409989,0.04357212953876349,2.7024793388429753
2022-09-19,0.37003058103975534,0.16870540265035677,14.159398313487916,0.15749235474006115,27.0,331,1962.0,3475,-1.523749309529889,6.36010829053641,0.9861212706712001,2814.75,-0.08949011446409989,0.04357212953876349,2.7024793388429753
2022-09-20,0.37003058103975534,0.16870540265035677,14.162231336949123,0.15749235474006115,27.0,331,1962.0,3476,-1.524271375428371,6.36010829053641,0.9858153794425949,2815.0,-0.08949011446409989,0.04357212953876349,2.7024793388429753
2022-09-21,0.37003058103975534,0.16870540265035677,14.16506507548512,0.15749235474006115,27.0,331,1962.0,3477,-1.5245315248256355,6.36010829053641,1.018071077967093,2957.25,-0.08949011446409989,0.04357212953876349,2.7024793388429753
2022-09-22,0.37003058103975534,0.16870540265035677,14.167899524823126,0.15749235474006115,27.0,331,1962.0,3478,-1.5245810760308993,6.36010829053641,1.03220113897507,3020.5,-0.08949011446409989,0.04357212953876349,2.7024793388429753
2022-09-23,0.37003058103975534,0.16870540265035677,14.170734680709028,0.15749235474006115,27.0,331,1962.0,3479,-1.5248158781442105,6.36010829053641,1.0192219219285112,2965.5,-0.08949011446409989,0.04357212953876349,2.7024793388429753
2022-09-26,0.37003058103975534,0.16870540265035677,14.173570538907285,0.15749235474006115,27.0,331,1962.0,3482,-1.5248944107806974,6.36010829053641,1.0296218152910257,3012.5,-0.08949011446409989,0.04357212953876349,2.7024793388429753
2022-09-27,0.37003058103975534,0.16870540265035677,14.17640709520084,0.15749235474006115,27.0,331,1962.0,3483,-1.5250426516962465,6.36010829053641,1.0246676832300194,2992.5,-0.08949011446409989,0.04357212953876349,2.7024793388429753
2022-09-28,0.37003058103975534,0.16870540265035677,14.179244345391014,0.15749235474006115,27.0,331,1962.0,3484,-1.5251509370730596,6.36010829053641,1.0269307720806178,3004.0,-0.08949011446409989,0.04357212953876349,2.7024793388429753
2022-09-29,0.37003058103975534,0.16870540265035677,14.182082285297433,0.15749235474006115,27.0,331,1962.0,3485,-1.525470026136913,6.36010829053641,1.0104729888181074,2933.75,-0.08949011446409989,0.04357212953876349,2.7024793388429753
2022-09-30,0.37003058103975534,0.16870540265035677,14.184920910757919,0.15749235474006115,27.0,331,1962.0,3486,-1.5254616421540934,6.36010829053641,1.0332856709061045,3035.0,-0.08949011446409989,0.04357212953876349,2.7024793388429753
2022-10-03,0.37003058103975534,0.16870540265035677,14.187760217628421,0.15749235474006115,27.0,331,1962.0,3489,-1.5252264780191687,6.36010829053641,1.04492985932186,3087.5,-0.08949011446409989,0.04357212953876349,2.7024793388429753
2022-10-04,0.37003058103975534,0.16870540265035677,14.1906002017829,0.15749235474006115,27.0,331,1962.0,3490,-1.5251338342445764,6.36010829053641,1.0372896512982346,3055.75,-0.08949011446409989,0.04357212953876349,2.7024793388429753
2022-10-05,0.37003058103975534,0.16870540265035677,14.193440859113258,0.15749235474006115,27.0,331,1962.0,3491,-1.5249154099953133,6.36010829053641,1.0434370790056282,3084.25,-0.08949011446409989,0.04357212953876349,2.7024793388429753
2022-10-06,0.37003058103975534,0.16870540265035677,14.196282185529244,0.15749235474006115,27.0,331,1962.0,3492,-1.5244991981046536,6.36010829053641,1.0523265423802775,3124.75,-0.08949011446409989,0.04357212953876349,2.7024793388429753
2022-10-07,0.37003058103975534,0.16870540265035677,14.199124176958367,0.15749235474006115,27.0,331,1962.0,3493,-1.5242267451302718,6.36010829053641,1.0454334069200866,3096.25,-0.08949011446409989,0.04357212953876349,2.7024793388429753
2022-10-10,0.37003058103975534,0.16870540265035677,14.201966829345805,0.15749235474006115,27.0,331,1962.0,3496,-1.5238344940570534,6.36010829053641,1.0506605869430148,3120.75,-0.08949011446409989,0.04357212953876349,2.7024793388429753
2022-10-11,0.37003058103975534,0.16870540265035677,14.204810138654318,0.15749235474006115,27.0,331,1962.0,3497,-1.5236045062007135,6.36010829053641,1.042742628388425,3087.75,-0.08949011446409989,0.04357212953876349,2.7024793388429753
2022-10-12,0.37003058103975534,0.16870540265035677,14.207654100864158,0.15749235474006115,27.0,331,1962.0,3498,-1.5232642537524208,6.36010829053641,1.047682601376931,3111.0,-0.08949011446409989,0.04357212953876349,2.7024793388429753
2022-10-13,0.37003058103975534,0.16870540265035677,14.210498711972987,0.15749235474006115,27.0,331,1962.0,3499,-1.5228805121666484,6.36010829053641,1.0493647703906785,3120.0,-0.08949011446409989,0.04357212953876349,2.7024793388429753
2022-10-14,0.37003058103975534,0.16870540265035677,14.213343967995806,0.15749235474006115,27.0,331,1962.0,3500,-1.5223173796409653,6.36010829053641,1.0568137523428272,3154.25,-0.08949011446409989,0.04357212953876349,2.7024793388429753
2022-10-17,0.37003058103975534,0.16870540265035677,14.216189864964832,0.15749235474006115,27.0,331,1962.0,3503,-1.5216813172720405,6.36010829053641,1.0595209148963085,3167.75,-0.08949011446409989,0.04357212953876349,2.7024793388429753
2022-10-18,0.37003058103975534,0.16870540265035677,14.219036398929452,0.15749235474006115,27.0,331,1962.0,3504,-1.5212811355192124,6.36010829053641,1.0492703276616004,3124.5,-0.08949011446409989,0.04357212953876349,2.7024793388429753
2022-10-19,0.37003058103975534,0.16870540265035677,14.221883565956114,0.15749235474006115,27.0,331,1962.0,3505,-1.5210526092926877,6.36010829053641,1.0408505943104591,3089.25,-0.08949011446409989,0.04357212953876349,2.7024793388429753
2022-10-20,0.37003058103975534,0.16870540265035677,14.224731362128255,0.15749235474006115,27.0,331,1962.0,3506,-1.5208632935583615,6.36010829053641,1.0385393293741134,3080.75,-0.08949011446409989,0.04357212953876349,2.7024793388429753
2022-10-21,0.37003058103975534,0.16870540265035677,14.227579783546215,0.15749235474006115,27.0,331,1962.0,3507,-1.5206388163821718,6.36010829053641,1.0399937708249913,3088.75,-0.08949011446409989,0.04357212953876349,2.7024793388429753
2022-10-24,0.37003058103975534,0.16870540265035677,14.230428826327145,0.15749235474006115,27.0,331,1962.0,3510,-1.520297549106113,6.36010829053641,1.045325392732466,3113.75,-0.08949011446409989,0.04357212953876349,2.7024793388429753
2022-10-25,0.37003058103975534,0.16870540265035677,14.233278486604945,0.15749235474006115,27.0,331,1962.0,3511,-1.5199171219517509,6.36010829053641,1.0468348491213522,3122.0,-0.08949011446409989,0.04357212953876349,2.7024793388429753
2022-10-26,0.37003058103975534,0.16870540265035677,14.236128760530159,0.15749235474006115,27.0,331,1962.0,3512,-1.5194854314053763,6.36010829053641,1.0488567195487943,3132.5,-0.08949011446409989,0.04357212953876349,2.7024793388429753
2022-10-27,0.37003058103975534,0.16870540265035677,14.23897964426991,0.15749235474006115,27.0,331,1962.0,3513,-1.5189616520426643,6.36010829053641,1.0525873710537381,3150.5,-0.08949011446409989,0.04357212953876349,2.7024793388429753
2022-10-28,0.37003058103975534,0.16870540265035677,14.24183113400781,0.15749235474006115,27.0,331,1962.0,3514,-1.5184589334131429,6.36010829053641,1.0514167017901543,3147.0,-0.08949011446409989,0.04357212953876349,2.7024793388429753
2022-10-31,0.37003058103975534,0.16870540265035677,14.244683225943886,0.15749235474006115,27.0,331,1962.0,3517,-1.5179572504988657,6.36010829053641,1.051101080727296,3147.25,-0.08949011446409989,0.04357212953876349,2.7024793388429753
2022-11-01,0.37003058103975534,0.16870540265035677,14.24753591629449,0.15749235474006115,27.0,331,1962.0,3518,-1.5174341144422414,6.36010829053641,1.051753818639657,3151.75,-0.08949011446409989,0.04357212953876349,2.7024793388429753
2022-11-02,0.37003058103975534,0.16870540265035677,14.250389201292235,0.15749235474006115,27.0,331,1962.0,3519,-1.5164773409259473,6.36010829053641,1.068461933147048,3226.75,-0.08949011446409989,0.04357212953876349,2.7024793388429753
2022-11-03,0.37003058103975534,0.16870540265035677,14.253243077185893,0.15749235474006115,27.0,331,1962.0,3520,-1.515105641280139,6.36010829053641,1.0823164609791163,3289.25,-0.08949011446409989,0.04357212953876349,2.7024793388429753
2022-11-04,0.37003058103975534,0.16870540265035677,14.256097540240347,0.15749235474006115,27.0,331,1962.0,3521,-1.514143895373038,6.36010829053641,1.0683364233530943,3229.5,-0.08949011446409989,0.04357212953876349,2.7024793388429753
2022-11-07,0.37003058103975534,0.16870540265035677,14.258952586736479,0.15749235474006115,27.0,331,1962.0,3524,-1.5131224500716272,6.36010829053641,1.0702936689591342,3239.75,-0.08949011446409989,0.04357212953876349,2.7024793388429753
2022-11-08,0.37003058103975534,0.16870540265035677,14.261808212971117,0.15749235474006115,27.0,331,1962.0,3525,-1.5119862372461113,6.36010829053641,1.0741272620974265,3258.25,-0.08949011446409989,0.04357212953876349,2.7024793388429753
2022-11-09,0.37003058103975534,0.16870540265035677,14.264664415256952,0.15749235474006115,27.0,331,1962.0,3526,-1.5105831897253212,6.36010829053641,1.0827931559998425,3298.0,-0.08949011446409989,0.04357212953876349,2.7024793388429753
2022-11-10,0.37003058103975534,0.16870540265035677,14.267521189922451,0.15749235474006115,27.0,331,1962.0,3527,-1.5095123075767154,6.36010829053641,1.0716121381461385,3250.5,-0.08949011446409989,0.04357212953876349,2.7024793388429753
2022-11-11,0.37003058103975534,0.16870540265035677,14.270378533311785,0.15749235474006115,27.0,331,1962.0,3528,-1.5085147650435642,6.36010829053641,1.0688492244951413,3240.0,-0.08949011446409989,0.04357212953876349,2.7024793388429753
2022-11-14,0.37003058103975534,0.16870540265035677,14.273236441784771,0.15749235474006115,27.0,331,1962.0,3531,-1.5069990466011156,6.36010829053641,1.0859785557924544,3317.0,-0.08949011446409989,0.04357212953876349,2.7024793388429753
2022-11-15,0.37003058103975534,0.16870540265035677,14.276094911716761,0.15749235474006115,27.0,331,1962.0,3532,-1.5053055965153082,6.36010829053641,1.0913388417468382,3342.25,-0.08949011446409989,0.04357212953876349,2.7024793388429753
2022-11-16,0.37003058103975534,0.16870540265035677,14.278953939498598,0.15749235474006115,27.0,331,1962.0,3533,-1.5037232900674355,6.36010829053641,1.087948784151131,3329.0,-0.08949011446409989,0.04357212953876349,2.7024793388429753
2022-11-17,0.37003058103975534,0.16870540265035677,14.281813521536527,0.15749235474006115,27.0,331,1962.0,3534,-1.5026813903883192,6.36010829053641,1.0700215248694338,3251.75,-0.08949011446409989,0.04357212953876349,2.7024793388429753
2022-11-18,0.37003058103975534,0.16870540265035677,14.284673654252126,0.15749235474006115,27.0,331,1962.0,3535,-1.5016486682240393,6.36010829053641,1.0695338095435902,3251.25,-0.08949011446409989,0.04357212953876349,2.7024793388429753
2022-11-21,0.37003058103975534,0.16870540265035677,14.28753433408222,0.15749235474006115,27.0,331,1962.0,3538,-1.5006656209847449,6.36010829053641,1.0675704884971644,3244.25,-0.08949011446409989,0.04357212953876349,2.7024793388429753
2022-11-22,0.37003058103975534,0.16870540265035677,14.29039555747883,0.15749235474006115,27.0,331,1962.0,3539,-1.4998046555189732,6.36010829053641,1.0628272317130993,3225.0,-0.08949011446409989,0.04357212953876349,2.7024793388429753
2022-11-23,0.37003058103975534,0.16870540265035677,14.293257320909076,0.15749235474006115,27.0,331,1962.0,3540,-1.4989320305236984,6.36010829053641,1.0630794225926148,3227.75,-0.08949011446409989,0.04357212953876349,2.7024793388429753
2022-11-24,0.37003058103975534,0.16870540265035677,14.296119620855116,0.15749235474006115,27.0,331,1962.0,3541,-1.4980641207028238,6.36010829053641,1.0627075950854326,3227.75,-0.08949011446409989,0.04357212953876349,2.7024793388429753
2022-11-25,0.37003058103975534,0.16870540265035677,14.29898245381408,0.15749235474006115,27.0,331,1962.0,3542,-1.4972008879420953,6.36010829053641,1.062336039462749,3227.75,-0.08949011446409989,0.04357212953876349,2.7024793388429753
2022-11-28,0.37003058103975534,0.16870540265035677,14.301845816297973,0.15749235474006115,27.0,331,1962.0,3545,-1.4965306738058044,6.36010829053641,1.054423362811311,3194.5,-0.08949011446409989,0.04357212953876349,2.7024793388429753
2022-11-29,0.37003058103975534,0.16870540265035677,14.304709704833652,0.15749235474006115,27.0,331,1962.0,3546,-1.495906847814528,6.36010829053641,1.0522400011458721,3186.5,-0.08949011446409989,0.04357212953876349,2.7024793388429753
2022-11-30,0.37003058103975534,0.16870540265035677,14.307574115962682,0.15749235474006115,27.0,331,1962.0,3547,-1.495660686613926,6.36010829053641,1.0342449913102012,3108.75,-0.08949011446409989,0.04357212953876349,2.7024793388429753
2022-12-01,0.37003058103975534,0.16870540265035677,14.310439046241346,0.15749235474006115,27.0,331,1962.0,3548,-1.4954057713563704,6.36010829053641,1.0343906076488545,3111.0,-0.08949011446409989,0.04357212953876349,2.7024793388429753
2022-12-02,0.37003058103975534,0.16870540265035677,14.313304492240507,0.15749235474006115,27.0,331,1962.0,3549,-1.495141008560991,6.36010829053641,1.0345929112508854,3113.5,-0.08949011446409989,0.04357212953876349,2.7024793388429753
2022-12-05,0.37003058103975534,0.16870540265035677,14.316170450545583,0.15749235474006115,27.0,331,1962.0,3552,-1.4950789699598874,6.36010829053641,1.0229012517772758,3063.5,-0.08949011446409989,0.04357212953876349,2.7024793388429753
2022-12-06,0.37003058103975534,0.16870540265035677,14.319036917756458,0.15749235474006115,27.0,331,1962.0,3553,-1.4951912110889676,6.36010829053641,1.0108752399540573,3012.0,-0.08949011446409989,0.04357212953876349,2.7024793388429753
2022-12-07,0.37003058103975534,0.16870540265035677,14.321903890487409,0.15749235474006115,27.0,331,1962.0,3554,-1.4953495338905878,6.36010829053641,1.006950338309331,2996.25,-0.08949011446409989,0.04357212953876349,2.7024793388429753
2022-12-08,0.37003058103975534,0.16870540265035677,14.324771365367052,0.15749235474006115,27.0,331,1962.0,3555,-1.4954655864766266,6.36010829053641,1.0098192559527523,3010.5,-0.08949011446409989,0.04357212953876349,2.7024793388429753
2022-12-09,0.37003058103975534,0.16870540265035677,14.327639339038264,0.15749235474006115,27.0,331,1962.0,3556,-1.4953318466951269,6.36010829053641,1.0257019154761862,3082.25,-0.08949011446409989,0.04357212953876349,2.7024793388429753
2022-12-12,0.37003058103975534,0.16870540265035677,14.330507808158112,0.15749235474006115,27.0,331,1962.0,3559,-1.4953097324260989,6.36010829053641,1.0186084907298059,3052.5,-0.08949011446409989,0.04357212953876349,2.7024793388429753
2022-12-13,0.37003058103975534,0.16870540265035677,14.333376769397793,0.15749235474006115,27.0,331,1962.0,3560,-1.4952982588086292,6.36010829053641,1.0175704133251957,3049.5,-0.08949011446409989,0.04357212953876349,2.7024793388429753
2022-12-14,0.37003058103975534,0.16870540265035677,14.336246219442563,0.15749235474006115,27.0,331,1962.0,3561,-1.4953774251683005,6.36010829053641,1.0110477224908563,3022.25,-0.08949011446409989,0.04357212953876349,2.7024793388429753
2022-12-15,0.37003058103975534,0.16870540265035677,14.339116154991677,0.15749235474006115,27.0,331,1962.0,3562,-1.495357984190766,6.36010829053641,1.0173616424041607,3051.75,-0.08949011446409989,0.04357212953876349,2.7024793388429753
2022-12-16,0.37003058103975534,0.16870540265035677,14.341986572758307,0.15749235474006115,27.0,331,1962.0,3563,-1.4952553843286904,6.36010829053641,1.0221466948016322,3074.5,-0.08949011446409989,0.04357212953876349,2.7024793388429753
2022-12-19,0.37003058103975534,0.16870540265035677,14.344857469469488,0.15749235474006115,27.0,331,1962.0,3566,-1.4952874137981862,6.36010829053641,1.013254277982607,3036.75,-0.08949011446409989,0.04357212953876349,2.7024793388429753
2022-12-20,0.37003058103975534,0.16870540265035677,14.347728841866061,0.15749235474006115,27.0,331,1962.0,3567,-1.495257654889696,6.36010829053641,1.0169648511295,3054.75,-0.08949011446409989,0.04357212953876349,2.7024793388429753
2022-12-21,0.37003058103975534,0.16870540265035677,14.350600686702565,0.15749235474006115,27.0,331,1962.0,3568,-1.4952558670831824,6.36010829053641,1.0147994694853,3046.75,-0.08949011446409989,0.04357212953876349,2.7024793388429753
2022-12-22,0.37003058103975534,0.16870540265035677,14.353473000747243,0.15749235474006115,27.0,331,1962.0,3569,-1.4953049025564003,6.36010829053641,1.010997488672451,3031.5,-0.08949011446409989,0.04357212953876349,2.7024793388429753
2022-12-23,0.37003058103975534,0.16870540265035677,14.3563457807819,0.15749235474006115,27.0,331,1962.0,3570,-1.4954262661255089,6.36010829053641,1.005334181788179,3008.0,-0.08949011446409989,0.04357212953876349,2.7024793388429753
2022-12-26,0.37003058103975534,0.16870540265035677,14.35921902360191,0.15749235474006115,27.0,331,1962.0,3573,-1.4955472745669947,6.36010829053641,1.0049794705881936,3008.0,-0.08949011446409989,0.04357212953876349,2.7024793388429753
2022-12-27,0.37003058103975534,0.16870540265035677,14.362092726016085,0.15749235474006115,27.0,331,1962.0,3574,-1.4956131724047783,6.36010829053641,1.0086882249803046,3026.0,-0.08949011446409989,0.04357212953876349,2.7024793388429753
2022-12-28,0.37003058103975534,0.16870540265035677,14.364966884846671,0.15749235474006115,27.0,331,1962.0,3575,-1.495682011714595,6.36010829053641,1.0081074341504035,3025.0,-0.08949011446409989,0.04357212953876349,2.7024793388429753
2022-12-29,0.37003058103975534,0.16870540265035677,14.367841496929236,0.15749235474006115,27.0,331,1962.0,3576,-1.495712963573506,6.36010829053641,1.010403810218514,3036.75,-0.08949011446409989,0.04357212953876349,2.7024793388429753
2022-12-30,0.37003058103975534,0.16870540265035677,14.370716559112646,0.15749235474006115,27.0,331,1962.0,3577,-1.495960143766099,6.36010829053641,0.992566157150437,2959.25,-0.08949011446409989,0.04357212953876349,2.7024793388429753
2023-01-02,0.37003058103975534,0.16870540265035677,14.373592068258976,0.15749235474006115,27.0,331,1962.0,3580,-1.4962067024440193,6.36010829053641,0.9922152240596847,2959.25,-0.08949011446409989,0.04357212953876349,2.7024793388429753
2023-01-03,0.37003058103975534,0.16870540265035677,14.376468021243461,0.15749235474006115,27.0,331,1962.0,3581,-1.4964480098314936,6.36010829053641,0.9923155068476728,2961.25,-0.08949011446409989,0.04357212953876349,2.7024793388429753
2023-01-04,0.37003058103975534,0.16870540265035677,14.379344414954428,0.15749235474006115,27.0,331,1962.0,3582,-1.4967758766168338,6.36010829053641,0.9824406407343942,2919.0,-0.08949011446409989,0.04357212953876349,2.7024793388429753
2023-01-05,0.37003058103975534,0.16870540265035677,14.38222124629323,0.15749235474006115,27.0,331,1962.0,3583,-1.497091999860238,6.36010829053641,0.9834447895537525,2925.0,-0.08949011446409989,0.04357212953876349,2.7024793388429753
2023-01-06,0.37003058103975534,0.16870540265035677,14.385098512174203,0.15749235474006115,27.0,331,1962.0,3584,-1.497359421906094,6.36010829053641,0.9884481341169999,2948.75,-0.08949011446409989,0.04357212953876349,2.7024793388429753
2023-01-09,0.37003058103975534,0.16870540265035677,14.387976209524595,0.15749235474006115,27.0,331,1962.0,3587,-1.497568755583848,6.36010829053641,0.9936745991591456,2973.5,-0.08949011446409989,0.04357212953876349,2.7024793388429753
2023-01-10,0.37003058103975534,0.16870540265035677,14.390854335284482,0.15749235474006115,27.0,331,1962.0,3588,-1.497866493216445,6.36010829053641,0.9843154752489516,2933.5,-0.08949011446409989,0.04357212953876349,2.7024793388429753
2023-01-11,0.37003058103975534,0.16870540265035677,14.393732886406756,0.15749235474006115,27.0,331,1962.0,3589,-1.4982238540557884,6.36010829053641,0.9762554181518758,2899.25,-0.08949011446409989,0.04357212953876349,2.7024793388429753
2023-01-12,0.37003058103975534,0.16870540265035677,14.396611859857023,0.15749235474006115,27.0,331,1962.0,3590,-1.498601948132679,6.36010829053641,0.9725890028989629,2884.5,-0.08949011446409989,0.04357212953876349,2.7024793388429753
2023-01-13,0.37003058103975534,0.16870540265035677,14.399491252613556,0.15749235474006115,27.0,331,1962.0,3591,-1.4989926235376863,6.36010829053641,0.9699371654712177,2874.25,-0.08949011446409989,0.04357212953876349,2.7024793388429753
2023-01-16,0.37003058103975534,0.16870540265035677,14.402371061667255,0.15749235474006115,27.0,331,1962.0,3594,-1.4993825540088357,6.36010829053641,0.96959310023328,2874.25,-0.08949011446409989,0.04357212953876349,2.7024793388429753
2023-01-17,0.37003058103975534,0.16870540265035677,14.405251284021556,0.15749235474006115,27.0,331,1962.0,3595,-1.4997771801584234,6.36010829053641,0.9682369143109447,2869.75,-0.08949011446409989,0.04357212953876349,2.7024793388429753
2023-01-18,0.37003058103975534,0.16870540265035677,14.408131916692394,0.15749235474006115,27.0,331,1962.0,3596,-1.5001233431151142,6.36010829053641,0.9755971357864374,2904.0,-0.08949011446409989,0.04357212953876349,2.7024793388429753
2023-01-19,0.37003058103975534,0.16870540265035677,14.411012956708142,0.15749235474006115,27.0,331,1962.0,3597,-1.5003622847778144,6.36010829053641,0.987563994088613,2958.75,-0.08949011446409989,0.04357212953876349,2.7024793388429753
2023-01-20,0.37003058103975534,0.16870540265035677,14.413894401109545,0.15749235474006115,27.0,331,1962.0,3598,-1.5006360951946247,6.36010829053641,0.9835633389437808,2942.5,-0.08949011446409989,0.04357212953876349,2.7024793388429753
2023-01-23,0.37003058103975534,0.16870540265035677,14.416776246949667,0.15749235474006115,27.0,331,1962.0,3601,-1.5009551665837075,6.36010829053641,0.9778788075814825,2918.75,-0.08949011446409989,0.04357212953876349,2.7024793388429753
2023-01-24,0.37003058103975534,0.16870540265035677,14.419658491293834,0.15749235474006115,27.0,331,1962.0,3602,-1.5012721999711982,6.36010829053641,0.9777025463215675,2919.5,-0.08949011446409989,0.04357212953876349,2.7024793388429753
2023-01-25,0.37003058103975534,0.16870540265035677,14.422541131219583,0.15749235474006115,27.0,331,1962.0,3603,-1.501605436380711,6.36010829053641,0.9751674409616444,2909.75,-0.08949011446409989,0.04357212953876349,2.7024793388429753
2023-01-26,0.37003058103975534,0.16870540265035677,14.425424163816585,0.15749235474006115,27.0,331,1962.0,3604,-1.5019772515627516,6.36010829053641,0.9689835265485568,2883.75,-0.08949011446409989,0.04357212953876349,2.7024793388429753
2023-01-27,0.37003058103975534,0.16870540265035677,14.42830758618662,0.15749235474006115,27.0,331,1962.0,3605,-1.5022301334540085,6.36010829053641,0.9836872831910374,2950.75,-0.08949011446409989,0.04357212953876349,2.7024793388429753
2023-01-30,0.37003058103975534,0.16870540265035677,14.431191395443486,0.15749235474006115,27.0,331,1962.0,3608,-1.5024883492440575,6.36010829053641,0.9827244532520506,2948.0,-0.08949011446409989,0.04357212953876349,2.7024793388429753
2023-01-31,0.37003058103975534,0.16870540265035677,14.434075588712977,0.15749235474006115,27.0,331,1962.0,3609,-1.5028699746968979,6.36010829053641,0.9658811196178665,2874.5,-0.08949011446409989,0.04357212953876349,2.7024793388429753
2023-02-01,0.37003058103975534,0.16870540265035677,14.436960163132802,0.15749235474006115,27.0,331,1962.0,3610,-1.503228131078506,6.36010829053641,0.969355137093344,2891.5,-0.08949011446409989,0.04357212953876349,2.7024793388429753
2023-02-02,0.37003058103975534,0.16870540265035677,14.439845115852531,0.15749235474006115,27.0,331,1962.0,3611,-1.5036497405184996,6.36010829053641,0.9556075887942145,2831.75,-0.08949011446409989,0.04357212953876349,2.7024793388429753
2023-02-03,0.3726899383983573,0.16991786447638604,14.442770000727148,0.1658110882956879,27.0,331,1948.0,3612,-1.5040492669811796,6.36010829053641,0.9506300267910112,2821.25,-0.08949011446409989,0.04357212953876349,2.683195592286501
2023-02-06,0.3522561863173217,0.16060164968461912,14.445342977209984,0.10189228529839883,27.0,331,2061.0,3615,-1.5046048873220903,6.36010829053641,0.9877228084992988,2906.0,-0.08949011446409989,0.04357212953876349,2.8388429752066116
2023-02-07,0.3522561863173217,0.16060164968461912,14.447917089769865,0.10189228529839883,27.0,331,2061.0,3616,-1.5051569018214694,6.36010829053641,0.982718824705864,2885.25,-0.08949011446409989,0.04357212953876349,2.8388429752066116
2023-02-08,0.3434247871333964,0.15657521286660359,14.4503014755873,0.07426679280983917,27.0,331,2114.0,3617,-1.5057612696113754,6.36010829053641,0.9999092582915019,2925.0,-0.08949011446409989,0.04357212953876349,2.911845730027548
2023-02-09,0.3265856950067476,0.148897885739991,14.452243164537697,0.021592442645074223,27.0,331,2223.0,3618,-1.5064491258295414,6.36010829053641,1.0356112480460402,3006.75,-0.08949011446409989,0.04357212953876349,3.06198347107438
2023-02-10,0.3086734693877551,0.1407312925170068,14.45357186421112,0.0,27.0,331,2352.0,3619,-1.507192542824396,6.36010829053641,1.0778972557553652,3103.5,-0.08949011446409989,0.04357212953876349,3.239669421487603
2023-02-13,0.3086734693877551,0.1407312925170068,14.454905632098113,0.0,27.0,331,2352.0,3622,-1.5078966212924816,6.36010829053641,1.0739797389553225,3087.75,-0.08949011446409989,0.04357212953876349,3.239669421487603
2023-02-14,0.3086734693877551,0.1407312925170068,14.456244445326066,0.0,27.0,331,2352.0,3623,-1.5085942022251648,6.36010829053641,1.0730876073738558,3085.5,-0.08949011446409989,0.04357212953876349,3.239669421487603
2023-02-15,0.3086734693877551,0.1407312925170068,14.457588281143781,0.0,27.0,331,2352.0,3624,-1.5091599288943005,6.36010829053641,1.0623997511259269,3039.5,-0.08949011446409989,0.04357212953876349,3.239669421487603
2023-02-16,0.3232413178984862,0.14737310774710596,14.459446589752268,0.04719501335707925,27.0,331,2246.0,3625,-1.5097309566871564,6.36010829053641,1.027020285180124,2960.0,-0.08949011446409989,0.04357212953876349,3.09366391184573
2023-02-17,0.3232413178984862,0.14737310774710596,14.46130811114297,0.04719501335707925,27.0,331,2246.0,3626,-1.5102172098619062,6.36010829053641,1.0193199196516278,2927.25,-0.08949011446409989,0.04357212953876349,3.09366391184573
2023-02-20,0.3232413178984862,0.14737310774710596,14.463172831325814,0.04719501335707925,27.0,331,2246.0,3629,-1.5107030155201384,6.36010829053641,1.0189513700692563,2927.25,-0.08949011446409989,0.04357212953876349,3.09366391184573
2023-02-21,0.3232413178984862,0.14737310774710596,14.465040736378517,0.04719501335707925,27.0,331,2246.0,3630,-1.5112101406506293,6.36010829053641,1.0203728028740258,2935.25,-0.08949011446409989,0.04357212953876349,3.09366391184573
2023-02-22,0.3232413178984862,0.14737310774710596,14.46691181244622,0.04719501335707925,27.0,331,2246.0,3631,-1.5116265523083265,6.36010829053641,1.012958995407222,2903.75,-0.08949011446409989,0.04357212953876349,3.09366391184573
2023-02-23,0.3232413178984862,0.14737310774710596,14.468786045741057,0.04719501335707925,27.0,331,2246.0,3632,-1.5121588387942129,6.36010829053641,1.0218724041003582,2945.25,-0.08949011446409989,0.04357212953876349,3.09366391184573
2023-02-24,0.3232413178984862,0.14737310774710596,14.470663422541772,0.04719501335707925,27.0,331,2246.0,3633,-1.5126352040201776,6.36010829053641,1.0168651008947023,2924.5,-0.08949011446409989,0.04357212953876349,3.09366391184573
2023-02-27,0.3232413178984862,0.14737310774710596,14.472543929193348,0.04719501335707925,27.0,331,2246.0,3636,-1.513121537306061,6.36010829053641,1.0173362278506768,2928.25,-0.08949011446409989,0.04357212953876349,3.09366391184573
2023-02-28,0.3232413178984862,0.14737310774710596,14.474427552106603,0.04719501335707925,27.0,331,2246.0,3637,-1.5136704348137602,6.36010829053641,1.0223882574047076,2952.5,-0.08949011446409989,0.04357212953876349,3.09366391184573
2023-03-01,0.3232413178984862,0.14737310774710596,14.476314277757805,0.04719501335707925,27.0,331,2246.0,3638,-1.5141599359514895,6.36010829053641,1.0169376901681784,2929.75,-0.08949011446409989,0.04357212953876349,3.09366391184573
2023-03-02,0.3232413178984862,0.14737310774710596,14.478204092688287,0.04719501335707925,27.0,331,2246.0,3639,-1.5146253600189368,6.36010829053641,1.0146726001271456,2921.25,-0.08949011446409989,0.04357212953876349,3.09366391184573
2023-03-03,0.3232413178984862,0.14737310774710596,14.480096983504094,0.04719501335707925,27.0,331,2246.0,3640,-1.515073156926374,6.36010829053641,1.012966913814541,2915.25,-0.08949011446409989,0.04357212953876349,3.09366391184573
2023-03-06,0.3232413178984862,0.14737310774710596,14.48199293687557,0.04719501335707925,27.0,331,2246.0,3643,-1.5155066240445336,6.36010829053641,1.0115411762707134,2910.5,-0.08949011446409989,0.04357212953876349,3.09366391184573
2023-03-07,0.3232413178984862,0.14737310774710596,14.48389193953701,0.04719501335707925,27.0,331,2246.0,3644,-1.5158891673593249,6.36010829053641,1.0074934141924152,2894.0,-0.08949011446409989,0.04357212953876349,3.09366391184573
2023-03-08,0.3232413178984862,0.14737310774710596,14.485793978286285,0.04719501335707925,27.0,331,2246.0,3645,-1.5160562337394936,6.36010829053641,0.9935725375377382,2833.25,-0.08949011446409989,0.04357212953876349,3.09366391184573
2023-03-09,0.3232413178984862,0.14737310774710596,14.487699039984458,0.04719501335707925,27.0,331,2246.0,3646,-1.516175264498541,6.36010829053641,0.9905348200222516,2821.25,-0.08949011446409989,0.04357212953876349,3.09366391184573
2023-03-10,0.3232413178984862,0.14737310774710596,14.489607111555435,0.04719501335707925,27.0,331,2246.0,3647,-1.5163672798834595,6.36010829053641,0.9943020439285515,2839.75,-0.08949011446409989,0.04357212953876349,3.09366391184573
2023-03-13,0.3232413178984862,0.14737310774710596,14.491518179985585,0.04719501335707925,27.0,331,2246.0,3650,-1.5166907872547288,6.36010829053641,1.0020819667559413,2876.25,-0.08949011446409989,0.04357212953876349,3.09366391184573
2023-03-14,0.3232413178984862,0.14737310774710596,14.493432232323412,0.04719501335707925,27.0,331,2246.0,3651,-1.5165142564560268,6.36010829053641,0.9747414695200771,2755.25,-0.08949011446409989,0.04357212953876349,3.09366391184573
2023-03-15,0.3232413178984862,0.14737310774710596,14.495349255679148,0.04719501335707925,27.0,331,2246.0,3652,-1.5163120698911607,6.36010829053641,0.973215764149852,2750.0,-0.08949011446409989,0.04357212953876349,3.09366391184573
2023-03-16,0.3232413178984862,0.14737310774710596,14.497269237224433,0.04719501335707925,27.0,331,2246.0,3653,-1.5161624672388962,6.36010829053641,0.9752567015652711,2760.75,-0.08949011446409989,0.04357212953876349,3.09366391184573
2023-03-17,0.3295506128007263,0.15024965955515207,14.499373634331487,0.06763504312301408,27.0,331,2203.0,3654,-1.5160677738867583,6.36010829053641,0.9608280492309037,2728.5,-0.08949011446409989,0.04357212953876349,3.034435261707989
2023-03-20,0.31025641025641026,0.14145299145299145,14.500865814811117,0.005128205128205128,27.0,331,2340.0,3657,-1.5157804539523452,6.36010829053641,1.005299409787478,2831.25,-0.08949011446409989,0.04357212953876349,3.2231404958677685
2023-03-21,0.31025641025641026,0.14145299145299145,14.50236236312371,0.005128205128205128,27.0,331,2340.0,3658,-1.5154054944989852,6.36010829053641,1.0014243925140445,2815.5,-0.08949011446409989,0.04357212953876349,3.2231404958677685
2023-03-22,0.31025641025641026,0.14145299145299145,14.503863260021873,0.005128205128205128,27.0,331,2340.0,3659,-1.5160574106698936,6.36010829053641,1.056391112583068,3064.0,-0.08949011446409989,0.04357212953876349,3.2231404958677685
2023-03-23,0.31025641025641026,0.14145299145299145,14.505368486356554,0.005128205128205128,27.0,331,2340.0,3660,-1.5165606607501605,6.36010829053641,1.0446593817093996,3013.0,-0.08949011446409989,0.04357212953876349,3.2231404958677685
2023-03-24,0.31025641025641026,0.14145299145299145,14.506878023076466,0.005128205128205128,27.0,331,2340.0,3661,-1.5170439348058642,6.36010829053641,1.0429485621874597,3007.0,-0.08949011446409989,0.04357212953876349,3.2231404958677685
2023-03-27,0.31025641025641026,0.14145299145299145,14.508391851227438,0.005128205128205128,27.0,331,2340.0,3664,-1.5176421072592865,6.36010829053641,1.0509738157223685,3044.75,-0.08949011446409989,0.04357212953876349,3.2231404958677685
2023-03-28,0.28718354430379744,0.13093354430379747,14.508900024696015,0.0,27.0,331,2528.0,3665,-1.5181785066466196,6.36010829053641,1.1119518674089113,3185.75,-0.08949011446409989,0.04357212953876349,3.482093663911846
2023-03-29,0.28718354430379744,0.13093354430379747,14.509416374323433,0.0,27.0,331,2528.0,3666,-1.5187676069992355,6.36010829053641,1.1144420809673086,3198.75,-0.08949011446409989,0.04357212953876349,3.482093663911846
2023-03-30,0.28718354430379744,0.13093354430379747,14.509940860676547,0.0,27.0,331,2528.0,3667,-1.519339045282077,6.36010829053641,1.1130954139061324,3194.5,-0.08949011446409989,0.04357212953876349,3.482093663911846
2023-03-31,0.28718354430379744,0.13093354430379747,14.510473444555773,0.0,27.0,331,2528.0,3668,-1.519895706041782,6.36010829053641,1.111916203716977,3191.0,-0.08949011446409989,0.04357212953876349,3.482093663911846
2023-04-03,0.28718354430379744,0.13093354430379747,14.511014086993319,0.0,27.0,331,2528.0,3671,-1.5203565200418196,6.36010829053641,1.1065144741886026,3168.5,-0.08949011446409989,0.04357212953876349,3.482093663911846
2023-04-04,0.28718354430379744,0.13093354430379747,14.511562749251551,0.0,27.0,331,2528.0,3672,-1.5206392292460313,6.36010829053641,1.0975597068666074,3130.0,-0.08949011446409989,0.04357212953876349,3.482093663911846
2023-04-05,0.28718354430379744,0.13093354430379747,14.51211939282127,0.0,27.0,331,2528.0,3673,-1.520797765474725,6.36010829053641,1.0916639120845775,3105.25,-0.08949011446409989,0.04357212953876349,3.482093663911846
2023-04-06,0.28718354430379744,0.13093354430379747,14.512683979420075,0.0,27.0,331,2528.0,3674,-1.5209716044680859,6.36010829053641,1.0919347803092805,3108.25,-0.08949011446409989,0.04357212953876349,3.482093663911846
2023-04-07,0.28718354430379744,0.13093354430379747,14.513256470990676,0.0,27.0,331,2528.0,3675,-1.5211453095482734,6.36010829053641,1.0915394222249057,3108.25,-0.08949011446409989,0.04357212953876349,3.482093663911846
2023-04-10,0.28718354430379744,0.13093354430379747,14.513836829699295,0.0,27.0,331,2528.0,3678,-1.5211978517385665,6.36010829053641,1.0860377841191453,3085.25,-0.08949011446409989,0.04357212953876349,3.482093663911846
2023-04-11,0.28718354430379744,0.13093354430379747,14.514425017934014,0.0,27.0,331,2528.0,3679,-1.5214917525901535,6.36010829053641,1.0961324893531117,3132.5,-0.08949011446409989,0.04357212953876349,3.482093663911846
2023-04-12,0.28718354430379744,0.13093354430379747,14.515020998303164,0.0,27.0,331,2528.0,3680,-1.5217342036218136,6.36010829053641,1.093406585057884,3122.0,-0.08949011446409989,0.04357212953876349,3.482093663911846
2023-04-13,0.28718354430379744,0.13093354430379747,14.515624733633768,0.0,27.0,331,2528.0,3681,-1.5220216404021765,6.36010829053641,1.0950640786069157,3131.25,-0.08949011446409989,0.04357212953876349,3.482093663911846
2023-04-14,0.28718354430379744,0.13093354430379747,14.5162361869699,0.0,27.0,331,2528.0,3682,-1.5222060683345338,6.36010829053641,1.090066116675216,3110.5,-0.08949011446409989,0.04357212953876349,3.482093663911846
2023-04-17,0.28718354430379744,0.13093354430379747,14.516855321571173,0.0,27.0,331,2528.0,3685,-1.5223035023290588,6.36010829053641,1.0859576018513464,3093.75,-0.08949011446409989,0.04357212953876349,3.482093663911846
2023-04-18,0.28718354430379744,0.13093354430379747,14.517482100911147,0.0,27.0,331,2528.0,3686,-1.5223105459486328,6.36010829053641,1.0818510243936124,3077.0,-0.08949011446409989,0.04357212953876349,3.482093663911846
2023-04-19,0.28718354430379744,0.13093354430379747,14.518116488675812,0.0,27.0,331,2528.0,3687,-1.5224354423929185,6.36010829053641,1.0863364959391428,3099.0,-0.08949011446409989,0.04357212953876349,3.482093663911846
2023-04-20,0.28718354430379744,0.13093354430379747,14.518758448762044,0.0,27.0,331,2528.0,3688,-1.5222691147577583,6.36010829053641,1.074308569515658,3046.5,-0.08949011446409989,0.04357212953876349,3.482093663911846
2023-04-21,0.28718354430379744,0.13093354430379747,14.519407945276102,0.0,27.0,331,2528.0,3689,-1.5220375878517787,6.36010829053641,1.071481745367539,3035.5,-0.08949011446409989,0.04357212953876349,3.482093663911846
2023-04-24,0.28718354430379744,0.13093354430379747,14.520064942532125,0.0,27.0,331,2528.0,3692,-1.521747099469118,6.36010829053641,1.0689332047316158,3025.75,-0.08949011446409989,0.04357212953876349,3.482093663911846
2023-04-25,0.28718354430379744,0.13093354430379747,14.520729405050632,0.0,27.0,331,2528.0,3693,-1.5216421265988789,6.36010829053641,1.0754667492823602,3057.0,-0.08949011446409989,0.04357212953876349,3.482093663911846
2023-04-26,0.28718354430379744,0.13093354430379747,14.521401297557066,0.0,27.0,331,2528.0,3694,-1.5215897254382447,6.36010829053641,1.0771259470348533,3066.25,-0.08949011446409989,0.04357212953876349,3.482093663911846
2023-04-27,0.28718354430379744,0.13093354430379747,14.522080584980314,0.0,27.0,331,2528.0,3695,-1.5215956350925408,6.36010829053641,1.079061256800907,3076.75,-0.08949011446409989,0.04357212953876349,3.482093663911846
2023-04-28,0.28718354430379744,0.13093354430379747,14.522767232451272,0.0,27.0,331,2528.0,3696,-1.521407946442764,6.36010829053641,1.071146333090793,3042.75,-0.08949011446409989,0.04357212953876349,3.482093663911846
2023-05-01,0.28718354430379744,0.13093354430379747,14.523461205301393,0.0,27.0,331,2528.0,3699,-1.5212483021749994,6.36010829053641,1.0718099322919346,3047.5,-0.08949011446409989,0.04357212953876349,3.482093663911846
2023-05-02,0.28718354430379744,0.13093354430379747,14.524162469061269,0.0,27.0,331,2528.0,3700,-1.5211522879814632,6.36010829053641,1.0738560950783336,3058.5,-0.08949011446409989,0.04357212953876349,3.482093663911846
2023-05-03,0.28718354430379744,0.13093354430379747,14.524870989459231,0.0,27.0,331,2528.0,3701,-1.5211719983512881,6.36010829053641,1.078058068900853,3079.25,-0.08949011446409989,0.04357212953876349,3.482093663911846
2023-05-04,0.28718354430379744,0.13093354430379747,14.525586732419905,0.0,27.0,331,2528.0,3702,-1.5212348334504306,6.36010829053641,1.079438748935053,3087.25,-0.08949011446409989,0.04357212953876349,3.482093663911846
2023-05-05,0.28718354430379744,0.13093354430379747,14.526309664062879,0.0,27.0,331,2528.0,3703,-1.5213814756936566,6.36010829053641,1.0825876694058367,3103.25,-0.08949011446409989,0.04357212953876349,3.482093663911846
2023-05-08,0.28718354430379744,0.13093354430379747,14.52703975070128,0.0,27.0,331,2528.0,3706,-1.5214654380373325,6.36010829053641,1.079546097929792,3091.25,-0.08949011446409989,0.04357212953876349,3.482093663911846
2023-05-09,0.2854895792371215,0.1301612268973653,14.52769302849364,0.0,27.0,331,2543.0,3707,-1.5215301505685461,6.36010829053641,1.0839938408639482,3102.5,-0.08949011446409989,0.04357212953876349,3.502754820936639
2023-05-10,0.2854895792371215,0.1301612268973653,14.528353737786233,0.0,27.0,331,2543.0,3708,-1.5217142769195853,6.36010829053641,1.0886305031438672,3125.25,-0.08949011446409989,0.04357212953876349,3.502754820936639
2023-05-11,0.2854895792371215,0.1301612268973653,14.529021843565019,0.0,27.0,331,2543.0,3709,-1.5219261643212396,6.36010829053641,1.089454759910141,3130.75,-0.08949011446409989,0.04357212953876349,3.502754820936639
2023-05-12,0.26998884343622165,0.12309408702119747,14.528820678167337,0.0,27.0,331,2689.0,3710,-1.5219478653660021,6.36010829053641,1.1360767046704159,3240.25,-0.08949011446409989,0.04357212953876349,3.703856749311295
2023-05-15,0.26998884343622165,0.12309408702119747,14.528630716631756,0.0,27.0,331,2689.0,3713,-1.5218878000203022,6.36010829053641,1.1327417544119063,3227.0,-0.08949011446409989,0.04357212953876349,3.703856749311295
2023-05-16,0.26998884343622165,0.12309408702119747,14.52845190144898,0.0,27.0,331,2689.0,3714,-1.5221498955654431,6.36010829053641,1.1443642458993069,3281.5,-0.08949011446409989,0.04357212953876349,3.703856749311295
2023-05-17,0.26998884343622165,0.12309408702119747,14.528284175479993,0.0,27.0,331,2689.0,3715,-1.5223880108288368,6.36010829053641,1.143015493867333,3277.25,-0.08949011446409989,0.04357212953876349,3.703856749311295
2023-05-18,0.26998884343622165,0.12309408702119747,14.52812748195308,0.0,27.0,331,2689.0,3716,-1.5223774024585752,6.36010829053641,1.1332826371332214,3235.0,-0.08949011446409989,0.04357212953876349,3.703856749311295
2023-05-19,0.26998884343622165,0.12309408702119747,14.527981764460883,0.0,27.0,331,2689.0,3717,-1.5222732441983864,6.36010829053641,1.129565665042699,3220.0,-0.08949011446409989,0.04357212953876349,3.703856749311295
2023-05-22,0.26998884343622165,0.12309408702119747,14.52784696695753,0.0,27.0,331,2689.0,3720,-1.5221596581526773,6.36010829053641,1.128827954688193,3218.5,-0.08949011446409989,0.04357212953876349,3.703856749311295
2023-05-23,0.26998884343622165,0.12309408702119747,14.527723033755686,0.0,27.0,331,2689.0,3721,-1.5220886997063374,6.36010829053641,1.129909872465889,3225.25,-0.08949011446409989,0.04357212953876349,3.703856749311295
2023-05-24,0.26998884343622165,0.12309408702119747,14.527609909523784,0.0,27.0,331,2689.0,3722,-1.5221748079502833,6.36010829053641,1.1351801442374339,3251.0,-0.08949011446409989,0.04357212953876349,3.703856749311295
2023-05-25,0.26998884343622165,0.12309408702119747,14.527507539283123,0.0,27.0,331,2689.0,3723,-1.5224691687160898,6.36010829053641,1.142817618213486,3287.5,-0.08949011446409989,0.04357212953876349,3.703856749311295
2023-05-26,0.26998884343622165,0.12309408702119747,14.527415868405118,0.0,27.0,331,2689.0,3724,-1.5228427383771321,6.36010829053641,1.145658984078496,3302.25,-0.08949011446409989,0.04357212953876349,3.703856749311295
2023-05-29,0.26998884343622165,0.12309408702119747,14.527334842608512,0.0,27.0,331,2689.0,3727,-1.523216014255335,6.36010829053641,1.1452496015416271,3302.25,-0.08949011446409989,0.04357212953876349,3.703856749311295
2023-05-30,0.26998884343622165,0.12309408702119747,14.527264407956626,0.0,27.0,331,2689.0,3728,-1.5236758357124427,6.36010829053641,1.1485299445327635,3319.0,-0.08949011446409989,0.04357212953876349,3.703856749311295
2023-05-31,0.26998884343622165,0.12309408702119747,14.527204510854645,0.0,27.0,331,2689.0,3729,-1.5242173659358464,6.36010829053641,1.1517539065160733,3335.5,-0.08949011446409989,0.04357212953876349,3.703856749311295
2023-06-01,0.26998884343622165,0.12309408702119747,14.527155098046935,0.0,27.0,331,2689.0,3730,-1.524802950740046,6.36010829053641,1.1533803533086648,3344.75,-0.08949011446409989,0.04357212953876349,3.703856749311295
2023-06-02,0.26998884343622165,0.12309408702119747,14.527116116614348,0.0,27.0,331,2689.0,3731,-1.525365332492524,6.36010829053641,1.1519245373747136,3340.0,-0.08949011446409989,0.04357212953876349,3.703856749311295
2023-06-05,0.26998884343622165,0.12309408702119747,14.527087513971603,0.0,27.0,331,2689.0,3734,-1.5259392241183027,6.36010829053641,1.1520649900056505,3342.5,-0.08949011446409989,0.04357212953876349,3.703856749311295
2023-06-06,0.26998884343622165,0.12309408702119747,14.527069237864671,0.0,27.0,331,2689.0,3735,-1.5265410525756462,6.36010829053641,1.1529755749188113,3348.5,-0.08949011446409989,0.04357212953876349,3.703856749311295
2023-06-07,0.26998884343622165,0.12309408702119747,14.527061236368139,0.0,27.0,331,2689.0,3736,-1.527225996550928,6.36010829053641,1.1565805527840218,3366.75,-0.08949011446409989,0.04357212953876349,3.703856749311295
2023-06-08,0.26998884343622165,0.12309408702119747,14.527063457882722,0.0,27.0,331,2689.0,3737,-1.527869637050377,6.36010829053641,1.1541910993707833,3357.75,-0.08949011446409989,0.04357212953876349,3.703856749311295
2023-06-09,0.26998884343622165,0.12309408702119747,14.527075851132624,0.0,27.0,331,2689.0,3738,-1.5285410712536853,6.36010829053641,1.155155935588837,3364.0,-0.08949011446409989,0.04357212953876349,3.703856749311295
2023-06-12,0.26998884343622165,0.12309408702119747,14.527098365163091,0.0,27.0,331,2689.0,3741,-1.5290604519958164,6.36010829053641,1.147657065512852,3331.75,-0.08949011446409989,0.04357212953876349,3.703856749311295
2023-06-13,0.26998884343622165,0.12309408702119747,14.52713094933788,0.0,27.0,331,2689.0,3742,-1.529436095564223,6.36010829053641,1.1410407288185065,3303.5,-0.08949011446409989,0.04357212953876349,3.703856749311295
2023-06-14,0.26998884343622165,0.12309408702119747,14.527173553336791,0.0,27.0,331,2689.0,3743,-1.529468042875832,6.36010829053641,1.1272311952940226,3242.5,-0.08949011446409989,0.04357212953876349,3.703856749311295
2023-06-15,0.26998884343622165,0.12309408702119747,14.527226127153217,0.0,27.0,331,2689.0,3744,-1.529699831792185,6.36010829053641,1.1344076343149978,3277.0,-0.08949011446409989,0.04357212953876349,3.703856749311295
2023-06-16,0.26998884343622165,0.12309408702119747,14.527288621091714,0.0,27.0,331,2689.0,3745,-1.5300163525937223,6.36010829053641,1.1374079640651527,3292.5,-0.08949011446409989,0.04357212953876349,3.703856749311295
2023-06-19,0.26998884343622165,0.12309408702119747,14.52736098576561,0.0,27.0,331,2689.0,3748,-1.5303326290172896,6.36010829053641,1.1370034905912185,3292.5,-0.08949011446409989,0.04357212953876349,3.703856749311295
2023-06-20,0.26998884343622165,0.12309408702119747,14.527443172094602,0.0,27.0,331,2689.0,3749,-1.5306459715649547,6.36010829053641,1.1364895407471047,3292.0,-0.08949011446409989,0.04357212953876349,3.703856749311295
2023-06-21,0.26998884343622165,0.12309408702119747,14.527535131302406,0.0,27.0,331,2689.0,3750,-1.5312159888162673,6.36010829053641,1.1472248344274283,3342.75,-0.08949011446409989,0.04357212953876349,3.703856749311295
2023-06-22,0.26998884343622165,0.12309408702119747,14.527636814914418,0.0,27.0,331,2689.0,3751,-1.5315152483164889,6.36010829053641,1.13513349971669,3289.5,-0.08949011446409989,0.04357212953876349,3.703856749311295
2023-06-23,0.26998884343622165,0.12309408702119747,14.527748174755398,0.0,27.0,331,2689.0,3752,-1.5318264127064416,6.36010829053641,1.135223978760062,3291.75,-0.08949011446409989,0.04357212953876349,3.703856749311295
2023-06-26,0.26998884343622165,0.12309408702119747,14.527869162947177,0.0,27.0,331,2689.0,3755,-1.5324246087474345,6.36010829053641,1.1473785821458615,3349.0,-0.08949011446409989,0.04357212953876349,3.703856749311295
2023-06-27,0.26998884343622165,0.12309408702119747,14.527999731906368,0.0,27.0,331,2689.0,3756,-1.5331541930841466,6.36010829053641,1.1534424429971688,3378.5,-0.08949011446409989,0.04357212953876349,3.703856749311295
2023-06-28,0.26998884343622165,0.12309408702119747,14.52813983434212,0.0,27.0,331,2689.0,3757,-1.533716045301039,6.36010829053641,1.1449236235027027,3341.5,-0.08949011446409989,0.04357212953876349,3.703856749311295
2023-06-29,0.26998884343622165,0.12309408702119747,14.528289423253913,0.0,27.0,331,2689.0,3758,-1.5341637073110828,6.36010829053641,1.1394226820704108,3318.25,-0.08949011446409989,0.04357212953876349,3.703856749311295
2023-06-30,0.26998884343622165,0.12309408702119747,14.528448451929293,0.0,27.0,331,2689.0,3759,-1.5347388517447311,6.36010829053641,1.1447723922665212,3344.5,-0.08949011446409989,0.04357212953876349,3.703856749311295
2023-07-03,0.26998884343622165,0.12309408702119747,14.528616873941722,0.0,27.0,331,2689.0,3762,-1.535313514310772,6.36010829053641,1.1443683385482801,3344.5,-0.08949011446409989,0.04357212953876349,3.703856749311295
2023-07-04,0.26998884343622165,0.12309408702119747,14.528794643148377,0.0,27.0,331,2689.0,3763,-1.535887695614534,6.36010829053641,1.1439645758358106,3344.5,-0.08949011446409989,0.04357212953876349,3.703856749311295
2023-07-05,0.26998884343622165,0.12309408702119747,14.528981713688047,0.0,27.0,331,2689.0,3764,-1.5365825617362359,6.36010829053641,1.1494196233026719,3371.25,-0.08949011446409989,0.04357212953876349,3.703856749311295
2023-07-06,0.26998884343622165,0.12309408702119747,14.529178039978934,0.0,27.0,331,2689.0,3765,-1.5372713517949927,6.36010829053641,1.148741456203913,3370.0,-0.08949011446409989,0.04357212953876349,3.703856749311295
2023-07-07,0.26998884343622165,0.12309408702119747,14.529383576716578,0.0,27.0,331,2689.0,3766,-1.53821442690902,6.36010829053641,1.1624025787131131,3434.25,-0.08949011446409989,0.04357212953876349,3.703856749311295
2023-07-10,0.26998884343622165,0.12309408702119747,14.52959827887177,0.0,27.0,331,2689.0,3769,-1.5390655184618995,6.36010829053641,1.156633452978061,3409.75,-0.08949011446409989,0.04357212953876349,3.703856749311295
2023-07-11,0.26998884343622165,0.12309408702119747,14.529822101688456,0.0,27.0,331,2689.0,3770,-1.539748910095968,6.36010829053641,1.1473658711579824,3369.25,-0.08949011446409989,0.04357212953876349,3.703856749311295
2023-07-12,0.26998884343622165,0.12309408702119747,14.530055000681696,0.0,27.0,331,2689.0,3771,-1.540400781518384,6.36010829053641,1.1454312694357784,3362.25,-0.08949011446409989,0.04357212953876349,3.703856749311295
2023-07-13,0.26998884343622165,0.12309408702119747,14.530296931635613,0.0,27.0,331,2689.0,3772,-1.5410797042022506,6.36010829053641,1.1463957021606066,3368.5,-0.08949011446409989,0.04357212953876349,3.703856749311295
2023-07-14,0.26998884343622165,0.12309408702119747,14.530547850601387,0.0,27.0,331,2689.0,3773,-1.541657524987749,6.36010829053641,1.1411275931947356,3346.25,-0.08949011446409989,0.04357212953876349,3.703856749311295
2023-07-17,0.26998884343622165,0.12309408702119747,14.530807713895255,0.0,27.0,331,2689.0,3776,-1.5423527057994992,6.36010829053641,1.1464653109359393,3372.5,-0.08949011446409989,0.04357212953876349,3.703856749311295
2023-07-18,0.26998884343622165,0.12309408702119747,14.531076478096514,0.0,27.0,331,2689.0,3777,-1.5431975419825668,6.36010829053641,1.1540958896895899,3409.25,-0.08949011446409989,0.04357212953876349,3.703856749311295
2023-07-19,0.26998884343622165,0.12309408702119747,14.53135410004556,0.0,27.0,331,2689.0,3778,-1.5440887390637161,6.36010829053641,1.1564238576123764,3421.75,-0.08949011446409989,0.04357212953876349,3.703856749311295
2023-07-20,0.26998884343622165,0.12309408702119747,14.53164053684196,0.0,27.0,331,2689.0,3779,-1.544824349741658,6.36010829053641,1.1474443878005163,3382.5,-0.08949011446409989,0.04357212953876349,3.703856749311295
2023-07-21,0.26998884343622165,0.12309408702119747,14.531935745842505,0.0,27.0,331,2689.0,3780,-1.5455964537851081,6.36010829053641,1.149008489809043,3391.5,-0.08949011446409989,0.04357212953876349,3.703856749311295
2023-07-24,0.26998884343622165,0.12309408702119747,14.532239684659286,0.0,27.0,331,2689.0,3783,-1.546207478554535,6.36010829053641,1.140471561915991,3354.25,-0.08949011446409989,0.04357212953876349,3.703856749311295
2023-07-25,0.26998884343622165,0.12309408702119747,14.53255231115783,0.0,27.0,331,2689.0,3784,-1.546954654521823,6.36010829053641,1.1469493906980275,3385.75,-0.08949011446409989,0.04357212953876349,3.703856749311295
2023-07-26,0.26998884343622165,0.12309408702119747,14.532873583455201,0.0,27.0,331,2689.0,3785,-1.5475127383335878,6.36010829053641,1.1372162514579773,3343.0,-0.08949011446409989,0.04357212953876349,3.703856749311295
2023-07-27,0.26998884343622165,0.12309408702119747,14.53320345991813,0.0,27.0,331,2689.0,3786,-1.5481096417035587,6.36010829053641,1.1386725440948307,3351.5,-0.08949011446409989,0.04357212953876349,3.703856749311295
2023-07-28,0.26998884343622165,0.12309408702119747,14.533541899161202,0.0,27.0,331,2689.0,3787,-1.5486644427021112,6.36010829053641,1.1363098529721736,3342.5,-0.08949011446409989,0.04357212953876349,3.703856749311295
2023-07-31,0.26998884343622165,0.12309408702119747,14.533888860044993,0.0,27.0,331,2689.0,3790,-1.5490639190086188,6.36010829053641,1.1289853893435093,3310.75,-0.08949011446409989,0.04357212953876349,3.703856749311295
2023-08-01,0.26998884343622165,0.12309408702119747,14.534244301674272,0.0,27.0,331,2689.0,3791,-1.5495329123458232,6.36010829053641,1.1316424214210812,3324.75,-0.08949011446409989,0.04357212953876349,3.703856749311295
2023-08-02,0.26998884343622165,0.12309408702119747,14.53460818339621,0.0,27.0,331,2689.0,3792,-1.5498263846672449,6.36010829053641,1.1237772542527156,3290.5,-0.08949011446409989,0.04357212953876349,3.703856749311295
2023-08-03,0.26998884343622165,0.12309408702119747,14.534980464798588,0.0,27.0,331,2689.0,3793,-1.550142165678287,6.36010829053641,1.124308912480884,3294.75,-0.08949011446409989,0.04357212953876349,3.703856749311295
2023-08-04,0.26998884343622165,0.12309408702119747,14.535361105708043,0.0,27.0,331,2689.0,3794,-1.5505631298827327,6.36010829053641,1.128382297797375,3315.25,-0.08949011446409989,0.04357212953876349,3.703856749311295
2023-08-07,0.26998884343622165,0.12309408702119747,14.53575006618832,0.0,27.0,331,2689.0,3797,-1.5507690620238483,6.36010829053641,1.1191068837819822,3274.5,-0.08949011446409989,0.04357212953876349,3.703856749311295
2023-08-08,0.26998884343622165,0.12309408702119747,14.53614730653851,0.0,27.0,331,2689.0,3798,-1.5508933987790654,6.36010829053641,1.1155545758459833,3260.0,-0.08949011446409989,0.04357212953876349,3.703856749311295
2023-08-09,0.26998884343622165,0.12309408702119747,14.536552787291376,0.0,27.0,331,2689.0,3799,-1.5513630067002024,6.36010829053641,1.1293748686795013,3325.25,-0.08949011446409989,0.04357212953876349,3.703856749311295
2023-08-10,0.26998884343622165,0.12309408702119747,14.53696646921161,0.0,27.0,331,2689.0,3800,-1.5518187799781187,6.36010829053641,1.1283808898171854,3322.5,-0.08949011446409989,0.04357212953876349,3.703856749311295
2023-08-11,0.26998884343622165,0.12309408702119747,14.537388313294173,0.0,27.0,331,2689.0,3801,-1.5523345722450084,6.36010829053641,1.1307077235737164,3335.0,-0.08949011446409989,0.04357212953876349,3.703856749311295
2023-08-14,0.26998884343622165,0.12309408702119747,14.537818280762597,0.0,27.0,331,2689.0,3804,-1.5526140730621991,6.36010829053641,1.1201363967242801,3288.25,-0.08949011446409989,0.04357212953876349,3.703856749311295
2023-08-15,0.26998884343622165,0.12309408702119747,14.538256333067357,0.0,27.0,331,2689.0,3805,-1.5527629646311232,6.36010829053641,1.114575221331053,3264.5,-0.08949011446409989,0.04357212953876349,3.703856749311295
2023-08-16,0.26998884343622165,0.12309408702119747,14.53870243188419,0.0,27.0,331,2689.0,3806,-1.553054070799146,6.36010829053641,1.1198412054424094,3290.5,-0.08949011446409989,0.04357212953876349,3.703856749311295
2023-08-17,0.26998884343622165,0.12309408702119747,14.539156539112483,0.0,27.0,331,2689.0,3807,-1.5534611512432392,6.36010829053641,1.1243436416332904,3313.0,-0.08949011446409989,0.04357212953876349,3.703856749311295
2023-08-18,0.26998884343622165,0.12309408702119747,14.539618616873666,0.0,27.0,331,2689.0,3808,-1.5538766784294147,6.36010829053641,1.1243313968219408,3314.75,-0.08949011446409989,0.04357212953876349,3.703856749311295
2023-08-21,0.26998884343622165,0.12309408702119747,14.540088627509588,0.0,27.0,331,2689.0,3811,-1.554310522005627,6.36010829053641,1.1247541434350086,3318.5,-0.08949011446409989,0.04357212953876349,3.703856749311295
2023-08-22,0.26998884343622165,0.12309408702119747,14.540566533580948,0.0,27.0,331,2689.0,3812,-1.5547807543975358,6.36010829053641,1.1259920324450334,3326.0,-0.08949011446409989,0.04357212953876349,3.703856749311295
2023-08-23,0.26998884343622165,0.12309408702119747,14.541052297865713,0.0,27.0,331,2689.0,3813,-1.5553925482954927,6.36010829053641,1.1322284053042162,3356.5,-0.08949011446409989,0.04357212953876349,3.703856749311295
2023-08-24,0.26998884343622165,0.12309408702119747,14.54154588335755,0.0,27.0,331,2689.0,3814,-1.5562529883832517,6.36010829053641,1.145144053841768,3417.75,-0.08949011446409989,0.04357212953876349,3.703856749311295
2023-08-25,0.26998884343622165,0.12309408702119747,14.54204725326429,0.0,27.0,331,2689.0,3815,-1.5572358422051642,6.36010829053641,1.152514333613489,3453.5,-0.08949011446409989,0.04357212953876349,3.703856749311295
2023-08-28,0.26998884343622165,0.12309408702119747,14.54255637100638,0.0,27.0,331,2689.0,3818,-1.5580561508242603,6.36010829053641,1.1421252210654023,3407.5,-0.08949011446409989,0.04357212953876349,3.703856749311295
2023-08-29,0.26998884343622165,0.12309408702119747,14.543073200215396,0.0,27.0,331,2689.0,3819,-1.5589130288401507,6.36010829053641,1.1439014236087894,3417.5,-0.08949011446409989,0.04357212953876349,3.703856749311295
2023-08-30,0.26998884343622165,0.12309408702119747,14.543597704732479,0.0,27.0,331,2689.0,3820,-1.5597468118772917,6.36010829053641,1.142203232930043,3411.5,-0.08949011446409989,0.04357212953876349,3.703856749311295
2023-08-31,0.26998884343622165,0.12309408702119747,14.544129848606895,0.0,27.0,331,2689.0,3821,-1.560701322959256,6.36010829053641,1.1492968575451754,3446.0,-0.08949011446409989,0.04357212953876349,3.703856749311295
2023-09-01,0.268789337282488,0.12254720473898556,14.544604827572718,0.0,27.0,331,2701.0,3822,-1.561654808856013,6.36010829053641,1.1526434850380407,3455.0,-0.08949011446409989,0.04357212953876349,3.7203856749311295
2023-09-04,0.268789337282488,0.12254720473898556,14.545087642786891,0.0,27.0,331,2701.0,3825,-1.5626072748854956,6.36010829053641,1.1522459717396767,3455.0,-0.08949011446409989,0.04357212953876349,3.7203856749311295
2023-09-05,0.268789337282488,0.12254720473898556,14.545578257415391,0.0,27.0,331,2701.0,3826,-1.5636159202002777,6.36010829053641,1.1556448342068064,3472.5,-0.08949011446409989,0.04357212953876349,3.7203856749311295
2023-09-06,0.268789337282488,0.12254720473898556,14.546076634836984,0.0,27.0,331,2701.0,3827,-1.5644989266642533,6.36010829053641,1.1472769864119023,3435.75,-0.08949011446409989,0.04357212953876349,3.7203856749311295
2023-09-07,0.268789337282488,0.12254720473898556,14.546582738641678,0.0,27.0,331,2701.0,3828,-1.5654087089823756,6.36010829053641,1.1485616173371747,3443.5,-0.08949011446409989,0.04357212953876349,3.7203856749311295
2023-09-08,0.268789337282488,0.12254720473898556,14.547096532629244,0.0,27.0,331,2701.0,3829,-1.5661935516212906,6.36010829053641,1.1409578733125174,3410.25,-0.08949011446409989,0.04357212953876349,3.7203856749311295
2023-09-11,0.268789337282488,0.12254720473898556,14.547617980807708,0.0,27.0,331,2701.0,3832,-1.5670464907716952,6.36010829053641,1.1444650314470788,3428.25,-0.08949011446409989,0.04357212953876349,3.7203856749311295
2023-09-12,0.268789337282488,0.12254720473898556,14.548147047391872,0.0,27.0,331,2701.0,3833,-1.5678827256322927,6.36010829053641,1.143149541741091,3424.0,-0.08949011446409989,0.04357212953876349,3.7203856749311295
2023-09-13,0.268789337282488,0.12254720473898556,14.548683696801836,0.0,27.0,331,2701.0,3834,-1.5686944161694152,6.36010829053641,1.14140145345839,3417.75,-0.08949011446409989,0.04357212953876349,3.7203856749311295
2023-09-14,0.268789337282488,0.12254720473898556,14.549227893661545,0.0,27.0,331,2701.0,3835,-1.5695281076241039,6.36010829053641,1.1423074673256086,3423.75,-0.08949011446409989,0.04357212953876349,3.7203856749311295
2023-09-15,0.268789337282488,0.12254720473898556,14.54977960279735,0.0,27.0,331,2701.0,3836,-1.57039244100078,6.36010829053641,1.1437545554418105,3432.25,-0.08949011446409989,0.04357212953876349,3.7203856749311295
2023-09-18,0.268789337282488,0.12254720473898556,14.55033878923657,0.0,27.0,331,2701.0,3839,-1.5712131796782538,6.36010829053641,1.1408711820282476,3420.75,-0.08949011446409989,0.04357212953876349,3.7203856749311295
2023-09-19,0.268789337282488,0.12254720473898556,14.55090541820606,0.0,27.0,331,2701.0,3840,-1.5719648978614578,6.36010829053641,1.1366904619866705,3403.25,-0.08949011446409989,0.04357212953876349,3.7203856749311295
2023-09-20,0.268789337282488,0.12254720473898556,14.551479455130838,0.0,27.0,331,2701.0,3841,-1.5730553924479715,6.36010829053641,1.1581554577499222,3504.25,-0.08949011446409989,0.04357212953876349,3.7203856749311295
2023-09-21,0.268789337282488,0.12254720473898556,14.552060865632638,0.0,27.0,331,2701.0,3842,-1.5742235245904226,6.36010829053641,1.1645744908921378,3535.75,-0.08949011446409989,0.04357212953876349,3.7203856749311295
2023-09-22,0.268789337282488,0.12254720473898556,14.55264961552857,0.0,27.0,331,2701.0,3843,-1.57553902934345,6.36010829053641,1.1825093475590476,3620.5,-0.08949011446409989,0.04357212953876349,3.7203856749311295
2023-09-25,0.268789337282488,0.12254720473898556,14.553245670829716,0.0,27.0,331,2701.0,3846,-1.57677608551882,6.36010829053641,1.1713491825936568,3570.75,-0.08949011446409989,0.04357212953876349,3.7203856749311295
2023-09-26,0.268789337282488,0.12254720473898556,14.553848997739797,0.0,27.0,331,2701.0,3847,-1.577940571719179,6.36010829053641,1.1635453007592746,3536.5,-0.08949011446409989,0.04357212953876349,3.7203856749311295
2023-09-27,0.268789337282488,0.12254720473898556,14.554459562653792,0.0,27.0,331,2701.0,3848,-1.5791489669735277,6.36010829053641,1.1677423044373956,3557.75,-0.08949011446409989,0.04357212953876349,3.7203856749311295
2023-09-28,0.268789337282488,0.12254720473898556,14.555077332156623,0.0,27.0,331,2701.0,3849,-1.5804402462306322,6.36010829053641,1.1782591901290842,3608.25,-0.08949011446409989,0.04357212953876349,3.7203856749311295
2023-09-29,0.268789337282488,0.12254720473898556,14.555702273021815,0.0,27.0,331,2701.0,3850,-1.58174510500553,6.36010829053641,1.1805607460412761,3620.75,-0.08949011446409989,0.04357212953876349,3.7203856749311295
2023-10-02,0.268789337282488,0.12254720473898556,14.556334352210195,0.0,27.0,331,2701.0,3853,-1.582931275851749,6.36010829053641,1.1648229595271469,3549.75,-0.08949011446409989,0.04357212953876349,3.7203856749311295
2023-10-03,0.268789337282488,0.12254720473898556,14.55697353686856,0.0,27.0,331,2701.0,3854,-1.5839848202983098,6.36010829053641,1.1528177782101443,3496.0,-0.08949011446409989,0.04357212953876349,3.7203856749311295
2023-10-04,0.268789337282488,0.12254720473898556,14.557619794328412,0.0,27.0,331,2701.0,3855,-1.5850494659130603,6.36010829053641,1.1533961633630956,3500.5,-0.08949011446409989,0.04357212953876349,3.7203856749311295
2023-10-05,0.268789337282488,0.12254720473898556,14.558273092104656,0.0,27.0,331,2701.0,3856,-1.5861596133579536,6.36010829053641,1.1568889113528864,3518.5,-0.08949011446409989,0.04357212953876349,3.7203856749311295
2023-10-06,0.268789337282488,0.12254720473898556,14.558933397894336,0.0,27.0,331,2701.0,3857,-1.5873557548896298,6.36010829053641,1.1649669171467265,3557.75,-0.08949011446409989,0.04357212953876349,3.7203856749311295
2023-10-09,0.268789337282488,0.12254720473898556,14.559600679575366,0.0,27.0,331,2701.0,3860,-1.5885506254368063,6.36010829053641,1.164625485815601,3558.0,-0.08949011446409989,0.04357212953876349,3.7203856749311295
2023-10-10,0.268789337282488,0.12254720473898556,14.560274905205286,0.0,27.0,331,2701.0,3861,-1.5897717276776502,6.36010829053641,1.1674666147240194,3573.0,-0.08949011446409989,0.04357212953876349,3.7203856749311295
2023-10-11,0.268789337282488,0.12254720473898556,14.560956043020012,0.0,27.0,331,2701.0,3862,-1.590913996386679,6.36010829053641,1.1588204272095934,3534.75,-0.08949011446409989,0.04357212953876349,3.7203856749311295
2023-10-12,0.2628530050687907,0.11984069514844316,14.561323158017625,0.0,27.0,331,2762.0,3863,-1.5920843666140692,6.36010829053641,1.1772396258200422,3580.5,-0.08949011446409989,0.04357212953876349,3.8044077134986227
2023-10-13,0.2628530050687907,0.11984069514844316,14.56169843484397,0.0,27.0,331,2762.0,3864,-1.5932284622252093,6.36010829053641,1.174898625733063,3571.5,-0.08949011446409989,0.04357212953876349,3.8044077134986227
2023-10-16,0.2628530050687907,0.11984069514844316,14.562081835010396,0.0,27.0,331,2762.0,3867,-1.5944831661057715,6.36010829053641,1.184091399008407,3616.0,-0.08949011446409989,0.04357212953876349,3.8044077134986227
2023-10-17,0.2628530050687907,0.11984069514844316,14.562473320252165,0.0,27.0,331,2762.0,3868,-1.595685827538261,6.36010829053641,1.179110057315262,3594.75,-0.08949011446409989,0.04357212953876349,3.8044077134986227
2023-10-18,0.2628530050687907,0.11984069514844316,14.562872852526862,0.0,27.0,331,2762.0,3869,-1.59687740982966,6.36010829053641,1.177901707270908,3591.0,-0.08949011446409989,0.04357212953876349,3.8044077134986227
2023-10-19,0.2628530050687907,0.11984069514844316,14.563280394012777,0.0,27.0,331,2762.0,3870,-1.5980981410697483,6.36010829053641,1.180194629894672,3603.5,-0.08949011446409989,0.04357212953876349,3.8044077134986227
2023-10-20,0.2628530050687907,0.11984069514844316,14.563695907107308,0.0,27.0,331,2762.0,3871,-1.599399458733113,6.36010829053641,1.1881403426643549,3642.25,-0.08949011446409989,0.04357212953876349,3.8044077134986227
2023-10-23,0.2628530050687907,0.11984069514844316,14.564119354425408,0.0,27.0,331,2762.0,3874,-1.6007440605008585,6.36010829053641,1.1934987596836968,3669.0,-0.08949011446409989,0.04357212953876349,3.8044077134986227
2023-10-24,0.2628530050687907,0.11984069514844316,14.564550698798024,0.0,27.0,331,2762.0,3875,-1.60210763810899,6.36010829053641,1.1963253731714754,3684.0,-0.08949011446409989,0.04357212953876349,3.8044077134986227
2023-10-25,0.2628530050687907,0.11984069514844316,14.564989903270527,0.0,27.0,331,2762.0,3876,-1.6034776494588179,6.36010829053641,1.1974289637734794,3691.0,-0.08949011446409989,0.04357212953876349,3.8044077134986227
2023-10-26,0.2628530050687907,0.11984069514844316,14.565436931101228,0.0,27.0,331,2762.0,3877,-1.604898377437083,6.36010829053641,1.2117127310892708,3759.25,-0.08949011446409989,0.04357212953876349,3.8044077134986227
2023-10-27,0.2628530050687907,0.11984069514844316,14.565891745759808,0.0,27.0,331,2762.0,3878,-1.606312864361167,6.36010829053641,1.2096393384022246,3751.5,-0.08949011446409989,0.04357212953876349,3.8044077134986227
2023-10-30,0.2628530050687907,0.11984069514844316,14.566354310925844,0.0,27.0,331,2762.0,3881,-1.6077308912309707,6.36010829053641,1.2147190182251486,3777.0,-0.08949011446409989,0.04357212953876349,3.8044077134986227
2023-10-31,0.2628530050687907,0.11984069514844316,14.5668245904873,0.0,27.0,331,2762.0,3882,-1.6091456571171734,6.36010829053641,1.2147966179247662,3779.25,-0.08949011446409989,0.04357212953876349,3.8044077134986227
2023-11-01,0.2628530050687907,0.11984069514844316,14.567302548539056,0.0,27.0,331,2762.0,3883,-1.610556009012686,6.36010829053641,1.2125629579082853,3770.75,-0.08949011446409989,0.04357212953876349,3.8044077134986227
2023-11-02,0.2628530050687907,0.11984069514844316,14.567788149381435,0.0,27.0,331,2762.0,3884,-1.6119624161436124,6.36010829053641,1.2114589094683679,3767.5,-0.08949011446409989,0.04357212953876349,3.8044077134986227
2023-11-03,0.2628530050687907,0.11984069514844316,14.568281357518755,0.0,27.0,331,2762.0,3885,-1.6133668120252103,6.36010829053641,1.2157283175739242,3789.25,-0.08949011446409989,0.04357212953876349,3.8044077134986227
2023-11-06,0.2628530050687907,0.11984069514844316,14.568782137657868,0.0,27.0,331,2762.0,3888,-1.6147655718384417,6.36010829053641,1.2097360036916913,3763.25,-0.08949011446409989,0.04357212953876349,3.8044077134986227
2023-11-07,0.2628530050687907,0.11984069514844316,14.569290454706753,0.0,27.0,331,2762.0,3889,-1.6161632570090594,6.36010829053641,1.2144338012572313,3787.0,-0.08949011446409989,0.04357212953876349,3.8044077134986227
2023-11-08,0.2628530050687907,0.11984069514844316,14.569806273773088,0.0,27.0,331,2762.0,3890,-1.6175573590403431,6.36010829053641,1.211451420138026,3775.0,-0.08949011446409989,0.04357212953876349,3.8044077134986227
2023-11-09,0.2628530050687907,0.11984069514844316,14.570329560162824,0.0,27.0,331,2762.0,3891,-1.6189477638461578,6.36010829053641,1.2102956329374979,3771.5,-0.08949011446409989,0.04357212953876349,3.8044077134986227
2023-11-10,0.2628530050687907,0.11984069514844316,14.570860279378836,0.0,27.0,331,2762.0,3892,-1.6203332022943726,6.36010829053641,1.207906010221788,3762.25,-0.08949011446409989,0.04357212953876349,3.8044077134986227
2023-11-13,0.2628530050687907,0.11984069514844316,14.571398397119484,0.0,27.0,331,2762.0,3895,-1.6217173603952053,6.36010829053641,1.2128152201570548,3787.0,-0.08949011446409989,0.04357212953876349,3.8044077134986227
2023-11-14,0.2628530050687907,0.11984069514844316,14.571943879277299,0.0,27.0,331,2762.0,3896,-1.6230899763183322,6.36010829053641,1.2186880917094745,3816.25,-0.08949011446409989,0.04357212953876349,3.8044077134986227
2023-11-15,0.2657393850658858,0.12115666178623719,14.572648941373092,0.010980966325036604,27.0,331,2732.0,3897,-1.6243946551887063,6.36010829053641,1.2091163037876043,3793.75,-0.08949011446409989,0.04357212953876349,3.763085399449036
2023-11-16,0.2657393850658858,0.12115666178623719,14.573360693051644,0.010980966325036604,27.0,331,2732.0,3898,-1.6257077475693318,6.36010829053641,1.2040497024339034,3772.0,-0.08949011446409989,0.04357212953876349,3.763085399449036
2023-11-17,0.27018980275400073,0.12318570896911053,14.57429882075205,0.02791216970599181,27.0,331,2687.0,3899,-1.6269235686827699,6.36010829053641,1.1899101755522503,3738.25,-0.08949011446409989,0.04357212953876349,3.701101928374656
2023-11-20,0.27018980275400073,0.12318570896911053,14.57524273483318,0.02791216970599181,27.0,331,2687.0,3902,-1.6281221400110217,6.36010829053641,1.1930535155872555,3754.75,-0.08949011446409989,0.04357212953876349,3.701101928374656
2023-11-21,0.2725225225225225,0.12424924924924925,14.576300700908092,0.03678678678678678,27.0,331,2664.0,3903,-1.6292645580464502,6.36010829053641,1.1856415721335198,3737.5,-0.08949011446409989,0.04357212953876349,3.669421487603306
2023-11-22,0.2725225225225225,0.12424924924924925,14.57736400177949,0.03678678678678678,27.0,331,2664.0,3904,-1.6303930713334194,6.36010829053641,1.1871784966873566,3746.5,-0.08949011446409989,0.04357212953876349,3.669421487603306
2023-11-23,0.2725225225225225,0.12424924924924925,14.578432614194647,0.03678678678678678,27.0,331,2664.0,3905,-1.631518315917019,6.36010829053641,1.1867864276975608,3746.5,-0.08949011446409989,0.04357212953876349,3.669421487603306
2023-11-24,0.2725225225225225,0.12424924924924925,14.579506515021839,0.03678678678678678,27.0,331,2664.0,3906,-1.6326403059782528,6.36010829053641,1.186394625336611,3746.5,-0.08949011446409989,0.04357212953876349,3.669421487603306
2023-11-27,0.2861647615293654,0.13046905794245173,14.581135733135996,0.08868742609381158,27.0,331,2537.0,3909,-1.6334339097480506,6.36010829053641,1.1473161546529231,3651.25,-0.08949011446409989,0.04357212953876349,3.494490358126722
2023-11-28,0.2676004423147807,0.122005160339108,14.581987511536589,0.01806118687799484,27.0,331,2713.0,3910,-1.6346630811953313,6.36010829053641,1.200532552703263,3783.25,-0.08949011446409989,0.04357212953876349,3.736914600550964
2023-11-29,0.26515704894083275,0.12089116143170198,14.582723216082401,0.008765522279035792,27.0,331,2738.0,3911,-1.6359440505270868,6.36010829053641,1.2077455329469347,3802.0,-0.08949011446409989,0.04357212953876349,3.771349862258953
2023-11-30,0.23254324151185138,0.10602178090967329,14.58123508196878,0.0,27.0,331,3122.0,3912,-1.6378514519584169,6.36010829053641,1.324186414095621,4090.0,-0.08949011446409989,0.04357212953876349,4.300275482093664
2023-12-01,0.23254324151185138,0.10602178090967329,14.579763894479058,0.0,27.0,331,3122.0,3913,-1.639768224245776,6.36010829053641,1.3251870468863993,4096.75,-0.08949011446409989,0.04357212953876349,4.300275482093664
2023-12-04,0.23254324151185138,0.10602178090967329,14.578309558449604,0.0,27.0,331,3122.0,3916,-1.6416026612350996,6.36010829053641,1.3169340500068154,4060.25,-0.08949011446409989,0.04357212953876349,4.300275482093664
2023-12-05,0.23254324151185138,0.10602178090967329,14.576871979403013,0.0,27.0,331,3122.0,3917,-1.6433901716867176,6.36010829053641,1.3127488695133653,4042.75,-0.08949011446409989,0.04357212953876349,4.300275482093664
2023-12-06,0.23254324151185138,0.10602178090967329,14.575451063541902,0.0,27.0,331,3122.0,3918,-1.6451998608589717,6.36010829053641,1.3144466884635262,4052.75,-0.08949011446409989,0.04357212953876349,4.300275482093664
2023-12-07,0.23254324151185138,0.10602178090967329,14.574046717742798,0.0,27.0,331,3122.0,3919,-1.647025538868225,6.36010829053641,1.315716271113962,4060.75,-0.08949011446409989,0.04357212953876349,4.300275482093664
2023-12-08,0.23254324151185138,0.10602178090967329,14.57265884955005,0.0,27.0,331,3122.0,3920,-1.6488717699087498,6.36010829053641,1.317519841521206,4071.25,-0.08949011446409989,0.04357212953876349,4.300275482093664
2023-12-11,0.23254324151185138,0.10602178090967329,14.571287367169884,0.0,27.0,331,3122.0,3923,-1.6506739622917064,6.36010829053641,1.3133385703339246,4053.75,-0.08949011446409989,0.04357212953876349,4.300275482093664
2023-12-12,0.23254324151185138,0.10602178090967329,14.56993217946443,0.0,27.0,331,3122.0,3924,-1.6524403382182684,6.36010829053641,1.310120738311516,4040.75,-0.08949011446409989,0.04357212953876349,4.300275482093664
2023-12-13,0.23254324151185138,0.10602178090967329,14.568593195945887,0.0,27.0,331,3122.0,3925,-1.6540245061978676,6.36010829053641,1.2968103978172603,3980.5,-0.08949011446409989,0.04357212953876349,4.300275482093664
2023-12-14,0.2260977888508253,0.10308315166614762,14.566673782324294,0.0,27.0,331,3211.0,3926,-1.6556248414909092,6.36010829053641,1.3233511015372714,4047.25,-0.08949011446409989,0.04357212953876349,4.422865013774104
2023-12-15,0.2260977888508253,0.10308315166614762,14.564773693932155,0.0,27.0,331,3211.0,3927,-1.6572632905129323,6.36010829053641,1.3250937673747218,4057.5,-0.08949011446409989,0.04357212953876349,4.422865013774104
2023-12-18,0.2260977888508253,0.10308315166614762,14.562892818037707,0.0,27.0,331,3211.0,3930,-1.6590288534272823,6.36010829053641,1.3322798705018593,4093.25,-0.08949011446409989,0.04357212953876349,4.422865013774104
2023-12-19,0.2260977888508253,0.10308315166614762,14.56103104275811,0.0,27.0,331,3211.0,3931,-1.6607096646892627,6.36010829053641,1.3268696391161707,4070.0,-0.08949011446409989,0.04357212953876349,4.422865013774104
2023-12-20,0.2329162656400385,0.10619185113891562,14.55981004404691,0.0301572024382419,27.0,331,3117.0,3932,-1.6623524066232471,6.36010829053641,1.297974492694432,3999.5,-0.08949011446409989,0.04357212953876349,4.293388429752066
2023-12-21,0.2329162656400385,0.10619185113891562,14.558604521499603,0.0301572024382419,27.0,331,3117.0,3933,-1.6639690478155544,6.36010829053641,1.295885909918173,3991.75,-0.08949011446409989,0.04357212953876349,4.293388429752066
2023-12-22,0.2329162656400385,0.10619185113891562,14.557414390397494,0.0301572024382419,27.0,331,3117.0,3934,-1.6656053463503342,6.36010829053641,1.2969979893713506,3999.0,-0.08949011446409989,0.04357212953876349,4.293388429752066
2023-12-25,0.2329162656400385,0.10619185113891562,14.556239566615195,0.0301572024382419,27.0,331,3117.0,3937,-1.6672391611909732,6.36010829053641,1.2965635349461997,3999.0,-0.08949011446409989,0.04357212953876349,4.293388429752066
2023-12-26,0.2329162656400385,0.10619185113891562,14.55507996661547,0.0301572024382419,27.0,331,3117.0,3938,-1.668915153070009,6.36010829053641,1.2994342820456652,4014.5,-0.08949011446409989,0.04357212953876349,4.293388429752066
2023-12-27,0.2329162656400385,0.10619185113891562,14.553935507444072,0.0301572024382419,27.0,331,3117.0,3939,-1.670497816056229,6.36010829053641,1.2924979057570207,3984.0,-0.08949011446409989,0.04357212953876349,4.293388429752066
2023-12-28,0.2329162656400385,0.10619185113891562,14.552806106724649,0.0301572024382419,27.0,331,3117.0,3940,-1.6720969551280909,6.36010829053641,1.2933437967047192,3990.0,-0.08949011446409989,0.04357212953876349,4.293388429752066
2023-12-29,0.2329162656400385,0.10619185113891562,14.551691682653736,0.0301572024382419,27.0,331,3117.0,3941,-1.6737413652818856,6.36010829053641,1.2963202720928657,4006.0,-0.08949011446409989,0.04357212953876349,4.293388429752066
2024-01-01,0.2329162656400385,0.10619185113891562,14.550592153995753,0.0301572024382419,27.0,331,3117.0,3944,-1.6753832306945633,6.36010829053641,1.2958869841771132,4006.0,-0.08949011446409989,0.04357212953876349,4.293388429752066
2024-01-02,0.2329162656400385,0.10619185113891562,14.549507440078095,0.0301572024382419,27.0,331,3117.0,3945,-1.6767655689743926,6.36010829053641,1.2791600626128545,3929.5,-0.08949011446409989,0.04357212953876349,4.293388429752066
2024-01-03,0.2329162656400385,0.10619185113891562,14.548437460786236,0.0301572024382419,27.0,331,3117.0,3946,-1.6782189261867635,6.36010829053641,1.2828833064511742,3949.0,-0.08949011446409989,0.04357212953876349,4.293388429752066
2024-01-04,0.2329162656400385,0.10619185113891562,14.547382136558936,0.0301572024382419,27.0,331,3117.0,3947,-1.6797921048048976,6.36010829053641,1.290171182148859,3985.25,-0.08949011446409989,0.04357212953876349,4.293388429752066
2024-01-05,0.2329162656400385,0.10619185113891562,14.546341388383428,0.0301572024382419,27.0,331,3117.0,3948,-1.68121978253109,6.36010829053641,1.2807468283923604,3943.0,-0.08949011446409989,0.04357212953876349,4.293388429752066
2024-01-08,0.2329162656400385,0.10619185113891562,14.545315137790725,0.0301572024382419,27.0,331,3117.0,3951,-1.6825599625791723,6.36010829053641,1.2755296186938458,3920.5,-0.08949011446409989,0.04357212953876349,4.293388429752066
2024-01-09,0.2329162656400385,0.10619185113891562,14.544303306850932,0.0301572024382419,27.0,331,3117.0,3952,-1.6838786596851059,6.36010829053641,1.2740381441201076,3915.5,-0.08949011446409989,0.04357212953876349,4.293388429752066
2024-01-10,0.2329162656400385,0.10619185113891562,14.543305818168609,0.0301572024382419,27.0,331,3117.0,3953,-1.6851807076720902,6.36010829053641,1.2728133155925476,3911.75,-0.08949011446409989,0.04357212953876349,4.293388429752066
2024-01-11,0.2329162656400385,0.10619185113891562,14.542322594878208,0.0301572024382419,27.0,331,3117.0,3954,-1.686399666706173,6.36010829053641,1.2682394800932006,3892.25,-0.08949011446409989,0.04357212953876349,4.293388429752066
2024-01-12,0.2329162656400385,0.10619185113891562,14.541353560639537,0.0301572024382419,27.0,331,3117.0,3955,-1.6875489591269928,6.36010829053641,1.2645182209666055,3876.75,-0.08949011446409989,0.04357212953876349,4.293388429752066
2024-01-15,0.2329162656400385,0.10619185113891562,14.540398639633274,0.0301572024382419,27.0,331,3117.0,3958,-1.6886970892798365,6.36010829053641,1.2640937222519004,3876.75,-0.08949011446409989,0.04357212953876349,4.293388429752066
2024-01-16,0.2329162656400385,0.10619185113891562,14.539457756556523,0.0301572024382419,27.0,331,3117.0,3959,-1.6896658755388574,6.36010829053641,1.255699269638517,3839.25,-0.08949011446409989,0.04357212953876349,4.293388429752066
2024-01-17,0.2329162656400385,0.10619185113891562,14.538530836618417,0.0301572024382419,27.0,331,3117.0,3960,-1.6903060753051562,6.36010829053641,1.2423679930271097,3778.5,-0.08949011446409989,0.04357212953876349,4.293388429752066
2024-01-18,0.2329162656400385,0.10619185113891562,14.537617805535785,0.0301572024382419,27.0,331,3117.0,3961,-1.6909659622916648,6.36010829053641,1.242692373812103,3782.0,-0.08949011446409989,0.04357212953876349,4.293388429752066
2024-01-19,0.2329162656400385,0.10619185113891562,14.536718589528846,0.0301572024382419,27.0,331,3117.0,3962,-1.6915716488068961,6.36010829053641,1.2403085701243695,3772.75,-0.08949011446409989,0.04357212953876349,4.293388429752066
2024-01-22,0.2329162656400385,0.10619185113891562,14.535833115316931,0.0301572024382419,27.0,331,3117.0,3965,-1.692327570839985,6.36010829053641,1.2455177338022034,3799.25,-0.08949011446409989,0.04357212953876349,4.293388429752066
2024-01-23,0.2329162656400385,0.10619185113891562,14.534961310114282,0.0301572024382419,27.0,331,3117.0,3966,-1.692889425902951,6.36010829053641,1.2379328628396147,3765.5,-0.08949011446409989,0.04357212953876349,4.293388429752066
2024-01-24,0.2329162656400385,0.10619185113891562,14.534103101625877,0.0301572024382419,27.0,331,3117.0,3967,-1.6933982725458967,6.36010829053641,1.2356580501167929,3756.75,-0.08949011446409989,0.04357212953876349,4.293388429752066
2024-01-25,0.2329162656400385,0.10619185113891562,14.5332584180433,0.0301572024382419,27.0,331,3117.0,3968,-1.6936238368125118,6.36010829053641,1.2257973001500166,3712.25,-0.08949011446409989,0.04357212953876349,4.293388429752066
2024-01-26,0.2329162656400385,0.10619185113891562,14.532427188040646,0.0301572024382419,27.0,331,3117.0,3969,-1.6939101703670623,6.36010829053641,1.2273454691387176,3721.5,-0.08949011446409989,0.04357212953876349,4.293388429752066
2024-01-29,0.2329162656400385,0.10619185113891562,14.531609340770476,0.0301572024382419,27.0,331,3117.0,3972,-1.6941799477379107,6.36010829053641,1.2264005148045953,3719.0,-0.08949011446409989,0.04357212953876349,4.293388429752066
2024-01-30,0.2329162656400385,0.10619185113891562,14.530804805859812,0.0301572024382419,27.0,331,3117.0,3973,-1.6945685289579897,6.36010829053641,1.2299099406105742,3737.5,-0.08949011446409989,0.04357212953876349,4.293388429752066
2024-01-31,0.25164644714038126,0.1147313691507799,14.531276466535427,0.11299826689774697,27.0,331,2885.0,3974,-1.6951958549117951,6.36010829053641,1.16007481370144,3563.5,-0.08949011446409989,0.04357212953876349,3.9738292011019283
2024-02-01,0.25164644714038126,0.1147313691507799,14.531755589386496,0.11299826689774697,27.0,331,2885.0,3975,-1.6958559582379882,6.36010829053641,1.1612234889088613,3570.75,-0.08949011446409989,0.04357212953876349,3.9738292011019283
2024-02-02,0.25164644714038126,0.1147313691507799,14.532242140125005,0.11299826689774697,27.0,331,2885.0,3976,-1.696689593819212,6.36010829053641,1.1694722436961713,3611.5,-0.08949011446409989,0.04357212953876349,3.9738292011019283
2024-02-05,0.25164644714038126,0.1147313691507799,14.532736084656548,0.11299826689774697,27.0,331,2885.0,3979,-1.697597957626615,6.36010829053641,1.173214529909559,3631.0,-0.08949011446409989,0.04357212953876349,3.9738292011019283
2024-02-06,0.25164644714038126,0.1147313691507799,14.533237389078916,0.11299826689774697,27.0,331,2885.0,3980,-1.6984098657771254,6.36010829053641,1.1676332964700693,3606.5,-0.08949011446409989,0.04357212953876349,3.9738292011019283
2024-02-07,0.25164644714038126,0.1147313691507799,14.533746019680787,0.11299826689774697,27.0,331,2885.0,3981,-1.699287198456694,6.36010829053641,1.1707920828950218,3623.25,-0.08949011446409989,0.04357212953876349,3.9738292011019283
2024-02-08,0.25164644714038126,0.1147313691507799,14.5342619429404,0.11299826689774697,27.0,331,2885.0,3982,-1.7001976917631134,6.36010829053641,1.1723083774189393,3632.25,-0.08949011446409989,0.04357212953876349,3.9738292011019283
2024-02-09,0.25164644714038126,0.1147313691507799,14.534785125524214,0.11299826689774697,27.0,331,2885.0,3983,-1.701121138410358,6.36010829053641,1.172712547812182,3636.0,-0.08949011446409989,0.04357212953876349,3.9738292011019283
2024-02-12,0.25164644714038126,0.1147313691507799,14.535315534285628,0.11299826689774697,27.0,331,2885.0,3986,-1.702079631378371,6.36010829053641,1.1744396778759347,3646.0,-0.08949011446409989,0.04357212953876349,3.9738292011019283
2024-02-13,0.25164644714038126,0.1147313691507799,14.535853136263654,0.11299826689774697,27.0,331,2885.0,3987,-1.7026001579346008,6.36010829053641,1.152092102134237,3542.25,-0.08949011446409989,0.04357212953876349,3.9738292011019283
2024-02-14,0.25164644714038126,0.1147313691507799,14.536397898681662,0.11299826689774697,27.0,331,2885.0,3988,-1.7029989605357654,6.36010829053641,1.1466288183914082,3518.25,-0.08949011446409989,0.04357212953876349,3.9738292011019283
2024-02-15,0.25164644714038126,0.1147313691507799,14.536949788946067,0.11299826689774697,27.0,331,2885.0,3989,-1.7032946893021654,6.36010829053641,1.14217281091453,3499.0,-0.08949011446409989,0.04357212953876349,3.9738292011019283
2024-02-16,0.25164644714038126,0.1147313691507799,14.537508774645104,0.11299826689774697,27.0,331,2885.0,3990,-1.7038068085597975,6.36010829053641,1.1506206485865085,3540.75,-0.08949011446409989,0.04357212953876349,3.9738292011019283
2024-02-19,0.25164644714038126,0.1147313691507799,14.53807482354755,0.11299826689774697,27.0,331,2885.0,3993,-1.7043185345543386,6.36010829053641,1.150236507337229,3540.75,-0.08949011446409989,0.04357212953876349,3.9738292011019283
2024-02-20,0.25164644714038126,0.1147313691507799,14.538647903601476,0.11299826689774697,27.0,331,2885.0,3994,-1.7047187025185666,6.36010829053641,1.14520146442786,3518.75,-0.08949011446409989,0.04357212953876349,3.9738292011019283
2024-02-21,0.25164644714038126,0.1147313691507799,14.539227982933035,0.11299826689774697,27.0,331,2885.0,3995,-1.7044047269882476,6.36010829053641,1.1196127407872185,3399.5,-0.08949011446409989,0.04357212953876349,3.9738292011019283
2024-02-22,0.25164644714038126,0.1147313691507799,14.539815029845215,0.11299826689774697,27.0,331,2885.0,3996,-1.7042156431768587,6.36010829053641,1.1231980753316468,3418.25,-0.08949011446409989,0.04357212953876349,3.9738292011019283
2024-02-23,0.25164644714038126,0.1147313691507799,14.540409012816646,0.11299826689774697,27.0,331,2885.0,3997,-1.703952478188469,6.36010829053641,1.120443518628664,3407.0,-0.08949011446409989,0.04357212953876349,3.9738292011019283
2024-02-26,0.25164644714038126,0.1147313691507799,14.541009900500377,0.11299826689774697,27.0,331,2885.0,4000,-1.7039364468011082,6.36010829053641,1.1281993070925198,3445.5,-0.08949011446409989,0.04357212953876349,3.9738292011019283
2024-02-27,0.25164644714038126,0.1147313691507799,14.541617661722702,0.11299826689774697,27.0,331,2885.0,4001,-1.7039798316516226,6.36010829053641,1.1298801119959683,3455.25,-0.08949011446409989,0.04357212953876349,3.9738292011019283
2024-02-28,0.25164644714038126,0.1147313691507799,14.542232265481958,0.11299826689774697,27.0,331,2885.0,4002,-1.7040783622657185,6.36010829053641,1.1314547307341445,3464.5,-0.08949011446409989,0.04357212953876349,3.9738292011019283
2024-02-29,0.25164644714038126,0.1147313691507799,14.542853680947367,0.11299826689774697,27.0,331,2885.0,4003,-1.704100501388764,6.36010829053641,1.1283844928556772,3451.75,-0.08949011446409989,0.04357212953876349,3.9738292011019283
2024-03-01,0.25164644714038126,0.1147313691507799,14.543481877457856,0.11299826689774697,27.0,331,2885.0,4004,-1.7042267939556472,6.36010829053641,1.1317001991380862,3469.25,-0.08949011446409989,0.04357212953876349,3.9738292011019283
2024-03-04,0.25164644714038126,0.1147313691507799,14.544116824520918,0.11299826689774697,27.0,331,2885.0,4007,-1.704708004313141,6.36010829053641,1.1451960765664397,3535.0,-0.08949011446409989,0.04357212953876349,3.9738292011019283
2024-03-05,0.25164644714038126,0.1147313691507799,14.54475849181145,0.11299826689774697,27.0,331,2885.0,4008,-1.704680944495169,6.36010829053641,1.1255639941284923,3443.75,-0.08949011446409989,0.04357212953876349,3.9738292011019283
2024-03-06,0.25164644714038126,0.1147313691507799,14.545406849170643,0.11299826689774697,27.0,331,2885.0,4009,-1.7045246763296251,6.36010829053641,1.1208633028885073,3423.25,-0.08949011446409989,0.04357212953876349,3.9738292011019283
2024-03-07,0.25164644714038126,0.1147313691507799,14.54606186660482,0.11299826689774697,27.0,331,2885.0,4010,-1.7043925642288151,6.36010829053641,1.1212785674485843,3427.0,-0.08949011446409989,0.04357212953876349,3.9738292011019283
2024-03-08,0.25164644714038126,0.1147313691507799,14.546723514284349,0.11299826689774697,27.0,331,2885.0,4011,-1.7042812269616536,6.36010829053641,1.1215883354895209,3430.25,-0.08949011446409989,0.04357212953876349,3.9738292011019283
2024-03-11,0.25164644714038126,0.1147313691507799,14.547391762542512,0.11299826689774697,27.0,331,2885.0,4014,-1.7040994270101526,6.36010829053641,1.1188942756469944,3419.25,-0.08949011446409989,0.04357212953876349,3.9738292011019283
2024-03-12,0.25164644714038126,0.1147313691507799,14.548066581874417,0.11299826689774697,27.0,331,2885.0,4015,-1.7039015055886575,6.36010829053641,1.1179928075210932,3416.75,-0.08949011446409989,0.04357212953876349,3.9738292011019283
2024-03-13,0.25164644714038126,0.1147313691507799,14.548747942935922,0.11299826689774697,27.0,331,2885.0,4016,-1.7035435794927072,6.36010829053641,1.1125616853773652,3392.75,-0.08949011446409989,0.04357212953876349,3.9738292011019283
2024-03-14,0.25164644714038126,0.1147313691507799,14.54943581654251,0.11299826689774697,27.0,331,2885.0,4017,-1.7025497699688736,6.36010829053641,1.0940720675225653,3306.75,-0.08949011446409989,0.04357212953876349,3.9738292011019283
2024-03-15,0.25164644714038126,0.1147313691507799,14.550130173668272,0.11299826689774697,27.0,331,2885.0,4018,-1.7018029012056606,6.36010829053641,1.100390250293658,3338.5,-0.08949011446409989,0.04357212953876349,3.9738292011019283
2024-03-18,0.25164644714038126,0.1147313691507799,14.550830985444792,0.11299826689774697,27.0,331,2885.0,4021,-1.7014358818765667,6.36010829053641,1.1111278521618098,3391.25,-0.08949011446409989,0.04357212953876349,3.9738292011019283
2024-03-19,0.25164644714038126,0.1147313691507799,14.551538223160122,0.11299826689774697,27.0,331,2885.0,4022,-1.700808882768068,6.36010829053641,1.1030189239196144,3354.5,-0.08949011446409989,0.04357212953876349,3.9738292011019283
2024-03-20,0.25164644714038126,0.1147313691507799,14.552251858257723,0.11299826689774697,27.0,331,2885.0,4023,-1.7002079042571783,6.36010829053641,1.1033854060244725,3358.0,-0.08949011446409989,0.04357212953876349,3.9738292011019283
2024-03-21,0.25164644714038126,0.1147313691507799,14.55297186233543,0.11299826689774697,27.0,331,2885.0,4024,-1.699781572845303,6.36010829053641,1.1081710218123262,3382.5,-0.08949011446409989,0.04357212953876349,3.9738292011019283
2024-03-22,0.25164644714038126,0.1147313691507799,14.553698207144414,0.11299826689774697,27.0,331,2885.0,4025,-1.6993485999235147,6.36010829053641,1.1075896871516913,3381.5,-0.08949011446409989,0.04357212953876349,3.9738292011019283
2024-03-25,0.25164644714038126,0.1147313691507799,14.55443086458818,0.11299826689774697,27.0,331,2885.0,4028,-1.6990524254075936,6.36010829053641,1.111426025596651,3401.5,-0.08949011446409989,0.04357212953876349,3.9738292011019283
2024-03-26,0.25164644714038126,0.1147313691507799,14.555169806721523,0.11299826689774697,27.0,331,2885.0,4029,-1.6991222892401245,6.36010829053641,1.1232524338887635,3459.5,-0.08949011446409989,0.04357212953876349,3.9738292011019283
2024-03-27,0.25164644714038126,0.1147313691507799,14.555915005749553,0.11299826689774697,27.0,331,2885.0,4030,-1.6987417689582338,6.36010829053641,1.1080554615058553,3389.0,-0.08949011446409989,0.04357212953876349,3.9738292011019283
2024-03-28,0.25164644714038126,0.1147313691507799,14.556666434026667,0.11299826689774697,27.0,331,2885.0,4031,-1.6986059470195043,6.36010829053641,1.115463250064233,3426.0,-0.08949011446409989,0.04357212953876349,3.9738292011019283
2024-03-29,0.25164644714038126,0.1147313691507799,14.557424064055581,0.11299826689774697,27.0,331,2885.0,4032,-1.698470219871395,6.36010829053641,1.1150916434572495,3426.0,-0.08949011446409989,0.04357212953876349,3.9738292011019283
2024-04-01,0.25164644714038126,0.1147313691507799,14.558187868486344,0.11299826689774697,27.0,331,2885.0,4035,-1.6981731976035577,6.36010829053641,1.109519615778949,3401.25,-0.08949011446409989,0.04357212953876349,3.9738292011019283
2024-04-02,0.25164644714038126,0.1147313691507799,14.558957820115353,0.11299826689774697,27.0,331,2885.0,4036,-1.6977052334999891,6.36010829053641,1.1038975033301561,3376.25,-0.08949011446409989,0.04357212953876349,3.9738292011019283
2024-04-03,0.25164644714038126,0.1147313691507799,14.559733891884393,0.11299826689774697,27.0,331,2885.0,4037,-1.6969278841987336,6.36010829053641,1.094602149165623,3333.75,-0.08949011446409989,0.04357212953876349,3.9738292011019283
2024-04-04,0.25164644714038126,0.1147313691507799,14.560516056879685,0.11299826689774697,27.0,331,2885.0,4038,-1.6963631729678887,6.36010829053641,1.1002729945401093,3362.5,-0.08949011446409989,0.04357212953876349,3.9738292011019283
2024-04-05,0.25164644714038126,0.1147313691507799,14.561304288330934,0.11299826689774697,27.0,331,2885.0,4039,-1.6958060607654033,6.36010829053641,1.100115393417934,3363.5,-0.08949011446409989,0.04357212953876349,3.9738292011019283
2024-04-08,0.25164644714038126,0.1147313691507799,14.562098559610355,0.11299826689774697,27.0,331,2885.0,4042,-1.6953640802109304,6.36010829053641,1.1031590445545145,3379.75,-0.08949011446409989,0.04357212953876349,3.9738292011019283
2024-04-09,0.25164644714038126,0.1147313691507799,14.562898844231789,0.11299826689774697,27.0,331,2885.0,4043,-1.694715349898604,6.36010829053641,1.096705185258391,3350.75,-0.08949011446409989,0.04357212953876349,3.9738292011019283
2024-04-10,0.25164644714038126,0.1147313691507799,14.56370511584973,0.11299826689774697,27.0,331,2885.0,4044,-1.6940080737742595,6.36010829053641,1.0946603392525833,3342.75,-0.08949011446409989,0.04357212953876349,3.9738292011019283
2024-04-11,0.25164644714038126,0.1147313691507799,14.564517348258423,0.11299826689774697,27.0,331,2885.0,4045,-1.6934419294397685,6.36010829053641,1.0983328288558232,3362.0,-0.08949011446409989,0.04357212953876349,3.9738292011019283
2024-04-12,0.25164644714038126,0.1147313691507799,14.56533551539095,0.11299826689774697,27.0,331,2885.0,4046,-1.6925749167709316,6.36010829053641,1.0894724123581865,3321.5,-0.08949011446409989,0.04357212953876349,3.9738292011019283
2024-04-15,0.25164644714038126,0.1147313691507799,14.566159591318312,0.11299826689774697,27.0,331,2885.0,4049,-1.6915975386620234,6.36010829053641,1.0861201042811357,3307.25,-0.08949011446409989,0.04357212953876349,3.9738292011019283
2024-04-16,0.25164644714038126,0.1147313691507799,14.566989550248545,0.11299826689774697,27.0,331,2885.0,4050,-1.6911250149141783,6.36010829053641,1.0999600713353492,3375.0,-0.08949011446409989,0.04357212953876349,3.9738292011019283
2024-04-17,0.25164644714038126,0.1147313691507799,14.567825366525806,0.11299826689774697,27.0,331,2885.0,4051,-1.6906615674346583,6.36010829053641,1.099855952739114,3376.25,-0.08949011446409989,0.04357212953876349,3.9738292011019283
2024-04-18,0.25164644714038126,0.1147313691507799,14.568667014629508,0.11299826689774697,27.0,331,2885.0,4052,-1.6902331613886141,6.36010829053641,1.1005378054483044,3381.25,-0.08949011446409989,0.04357212953876349,3.9738292011019283
2024-04-19,0.25164644714038126,0.1147313691507799,14.569514469173422,0.11299826689774697,27.0,331,2885.0,4053,-1.6897721186014931,6.36010829053641,1.0991767255499107,3376.5,-0.08949011446409989,0.04357212953876349,3.9738292011019283
2024-04-22,0.25164644714038126,0.1147313691507799,14.570367704904834,0.11299826689774697,27.0,331,2885.0,4056,-1.689587552439512,6.36010829053641,1.1074518350245743,3417.75,-0.08949011446409989,0.04357212953876349,3.9738292011019283
2024-04-23,0.25164644714038126,0.1147313691507799,14.571226696703631,0.11299826689774697,27.0,331,2885.0,4057,-1.689571723555167,6.36010829053641,1.112739278578113,3444.75,-0.08949011446409989,0.04357212953876349,3.9738292011019283
2024-04-24,0.25164644714038126,0.1147313691507799,14.572091419581488,0.11299826689774697,27.0,331,2885.0,4058,-1.689629226604392,6.36010829053641,1.1149362426713307,3457.0,-0.08949011446409989,0.04357212953876349,3.9738292011019283
2024-04-25,0.25164644714038126,0.1147313691507799,14.572961848681,0.11299826689774697,27.0,331,2885.0,4059,-1.6898784485239027,6.36010829053641,1.1216331126879517,3490.75,-0.08949011446409989,0.04357212953876349,3.9738292011019283
2024-04-26,0.25164644714038126,0.1147313691507799,14.57383795927483,0.11299826689774697,27.0,331,2885.0,4060,-1.6903743836538903,6.36010829053641,1.1313096918557983,3538.75,-0.08949011446409989,0.04357212953876349,3.9738292011019283
2024-04-29,0.25164644714038126,0.1147313691507799,14.574719726764872,0.11299826689774697,27.0,331,2885.0,4063,-1.6905595402863647,6.36010829053641,1.1184880685643845,3479.25,-0.08949011446409989,0.04357212953876349,3.9738292011019283
2024-04-30,0.25164644714038126,0.1147313691507799,14.575607126681433,0.11299826689774697,27.0,331,2885.0,4064,-1.6913466372835775,6.36010829053641,1.1444794340582602,3605.25,-0.08949011446409989,0.04357212953876349,3.9738292011019283
2024-05-01,0.25164644714038126,0.1147313691507799,14.576500134682382,0.11299826689774697,27.0,331,2885.0,4065,-1.69272121715497,6.36010829053641,1.201102144450341,3877.75,-0.08949011446409989,0.04357212953876349,3.9738292011019283
2024-05-02,0.25164644714038126,0.1147313691507799,14.577398726552351,0.11299826689774697,27.0,331,2885.0,4066,-1.6940974273418907,6.36010829053641,1.2046899733726086,3896.75,-0.08949011446409989,0.04357212953876349,3.9738292011019283
2024-05-03,0.25164644714038126,0.1147313691507799,14.578302878201919,0.11299826689774697,27.0,331,2885.0,4067,-1.6954708447720226,6.36010829053641,1.2070742200489546,3910.0,-0.08949011446409989,0.04357212953876349,3.9738292011019283
2024-05-06,0.25164644714038126,0.1147313691507799,14.579212565666792,0.11299826689774697,27.0,331,2885.0,4070,-1.6968233212735873,6.36010829053641,1.1946686826170942,3852.5,-0.08949011446409989,0.04357212953876349,3.9738292011019283
2024-05-07,0.25164644714038126,0.1147313691507799,14.58012776510702,0.11299826689774697,27.0,331,2885.0,4071,-1.6981760890702153,6.36010829053641,1.1952255802822611,3857.0,-0.08949011446409989,0.04357212953876349,3.9738292011019283
2024-05-08,0.25217089267106635,0.1149704758596735,14.581074355968061,0.11531781868704412,27.0,331,2879.0,4072,-1.6995175823016677,6.36010829053641,1.1930929445441953,3852.5,-0.08949011446409989,0.04357212953876349,3.965564738292011
2024-05-09,0.25217089267106635,0.1149704758596735,14.582026317231254,0.11531781868704412,27.0,331,2879.0,4073,-1.7008512685336876,6.36010829053641,1.1909869369864117,3844.25,-0.08949011446409989,0.04357212953876349,3.965564738292011
2024-05-10,0.25217089267106635,0.1149704758596735,14.582983625891229,0.11531781868704412,27.0,331,2879.0,4074,-1.7021873403423369,6.36010829053641,1.1922758021528113,3852.25,-0.08949011446409989,0.04357212953876349,3.965564738292011
2024-05-13,0.25217089267106635,0.1149704758596735,14.58394625906091,0.11531781868704412,27.0,331,2879.0,4077,-1.7035160089925936,6.36010829053641,1.1902754337435377,3844.5,-0.08949011446409989,0.04357212953876349,3.965564738292011
2024-05-14,0.25217089267106635,0.1149704758596735,14.584914193970743,0.11531781868704412,27.0,331,2879.0,4078,-1.7048476567995732,6.36010829053641,1.191825052478738,3853.75,-0.08949011446409989,0.04357212953876349,3.965564738292011
2024-05-15,0.25217089267106635,0.1149704758596735,14.585887407967995,0.11531781868704412,27.0,331,2879.0,4079,-1.70617612001368,6.36010829053641,1.1912346874938669,3852.75,-0.08949011446409989,0.04357212953876349,3.965564738292011
2024-05-16,0.2665198237885463,0.12151248164464024,14.587479619968352,0.1787812041116006,27.0,331,2724.0,4080,-1.7072456553084228,6.36010829053641,1.145766493326499,3736.5,-0.08949011446409989,0.04357212953876349,3.7520661157024793
2024-05-17,0.2628530050687907,0.11984069514844316,14.588933349116866,0.16256335988414192,27.0,331,2762.0,4081,-1.7083816931891505,6.36010829053641,1.1564514379537831,3765.0,-0.08949011446409989,0.04357212953876349,3.8044077134986227
2024-05-20,0.2628530050687907,0.11984069514844316,14.59039068794055,0.16256335988414192,27.0,331,2762.0,4084,-1.7095106315642514,6.36010829053641,1.1586383512186484,3777.25,-0.08949011446409989,0.04357212953876349,3.8044077134986227
2024-05-21,0.2628530050687907,0.11984069514844316,14.591851621716259,0.16256335988414192,27.0,331,2762.0,4085,-1.7106449909183103,6.36010829053641,1.1520653153523384,3747.5,-0.08949011446409989,0.04357212953876349,3.8044077134986227
2024-05-22,0.24403361344537816,0.11126050420168067,14.592423055260415,0.07932773109243697,27.0,331,2975.0,4086,-1.7120628702570313,6.36010829053641,1.2135653862231317,3907.25,-0.08949011446409989,0.04357212953876349,4.097796143250688
2024-05-23,0.23091603053435114,0.10527989821882952,14.59217002359539,0.021310432569974554,27.0,331,3144.0,4087,-1.713616743130268,6.36010829053641,1.262244953324138,4034.0,-0.08949011446409989,0.04357212953876349,4.330578512396694
2024-05-24,0.23091603053435114,0.10527989821882952,14.591927191488482,0.021310432569974554,27.0,331,3144.0,4088,-1.7151329549692342,6.36010829053641,1.2591282114438018,4021.0,-0.08949011446409989,0.04357212953876349,4.330578512396694
2024-05-27,0.23091603053435114,0.10527989821882952,14.59169450945577,0.021310432569974554,27.0,331,3144.0,4091,-1.7166469980778032,6.36010829053641,1.2587217648440618,4021.0,-0.08949011446409989,0.04357212953876349,4.330578512396694
2024-05-28,0.213090695626651,0.09715292045788083,14.589970111408338,0.0,27.0,331,3407.0,4092,-1.7181948226476016,6.36010829053641,1.3345937214904777,4218.25,-0.08949011446409989,0.04357212953876349,4.692837465564739
2024-05-29,0.22140896614821592,0.10094541018603233,14.589025056088502,0.03903629155230253,27.0,331,3279.0,4093,-1.7197469273815638,6.36010829053641,1.2970495202920278,4122.25,-0.08949011446409989,0.04357212953876349,4.516528925619835
2024-05-30,0.22140896614821592,0.10094541018603233,14.588093457448029,0.03903629155230253,27.0,331,3279.0,4094,-1.7214075757771063,6.36010829053641,1.3031372611839083,4153.5,-0.08949011446409989,0.04357212953876349,4.516528925619835
2024-05-31,0.22140896614821592,0.10094541018603233,14.587175245467364,0.03903629155230253,27.0,331,3279.0,4095,-1.7222277775542831,6.36010829053641,1.264302727746628,3969.0,-0.08949011446409989,0.04357212953876349,4.516528925619835
2024-06-03,0.22140896614821592,0.10094541018603233,14.586270350591267,0.03903629155230253,27.0,331,3279.0,4098,-1.7226550976855348,6.36010829053641,1.2506718080565478,3905.5,-0.08949011446409989,0.04357212953876349,4.516528925619835
2024-06-04,0.22140896614821592,0.10094541018603233,14.58537870372495,0.03903629155230253,27.0,331,3279.0,4099,-1.7228555883867116,6.36010829053641,1.2433421896589958,3872.25,-0.08949011446409989,0.04357212953876349,4.516528925619835
2024-06-05,0.22140896614821592,0.10094541018603233,14.584500236230276,0.03903629155230253,27.0,331,3279.0,4100,-1.722709054952116,6.36010829053641,1.2331026981039832,3825.0,-0.08949011446409989,0.04357212953876349,4.516528925619835
2024-06-06,0.22100456621004566,0.10076103500761036,14.583601070270687,0.03713850837138508,27.0,331,3285.0,4101,-1.7225506496074408,6.36010829053641,1.2344327207691286,3829.5,-0.08949011446409989,0.04357212953876349,4.524793388429752
2024-06-07,0.22100456621004566,0.10076103500761036,14.582715113997253,0.03713850837138508,27.0,331,3285.0,4102,-1.7223923528851346,6.36010829053641,1.2340266435844727,3829.5,-0.08949011446409989,0.04357212953876349,4.524793388429752
2024-06-10,0.22100456621004566,0.10076103500761036,14.58184229903206,0.03713850837138508,27.0,331,3285.0,4105,-1.7222245443957003,6.36010829053641,1.2333609078248862,3828.25,-0.08949011446409989,0.04357212953876349,4.524793388429752
2024-06-11,0.22100456621004566,0.10076103500761036,14.580982557447914,0.03713850837138508,27.0,331,3285.0,4106,-1.7216969233289852,6.36010829053641,1.2235999164996778,3783.25,-0.08949011446409989,0.04357212953876349,4.524793388429752
2024-06-12,0.22100456621004566,0.10076103500761036,14.580135821764621,0.03713850837138508,27.0,331,3285.0,4107,-1.720932350473867,6.36010829053641,1.2173766534513826,3755.25,-0.08949011446409989,0.04357212953876349,4.524793388429752
2024-06-13,0.22338461538461538,0.10184615384615385,14.57949493627745,0.04830769230769231,27.0,331,3250.0,4108,-1.720255169768626,6.36010829053641,1.2068681929475007,3729.0,-0.08949011446409989,0.04357212953876349,4.476584022038567
2024-06-14,0.22338461538461538,0.10184615384615385,14.578865994024046,0.04830769230769231,27.0,331,3250.0,4109,-1.7194487998773202,6.36010829053641,1.2033018544801743,3713.75,-0.08949011446409989,0.04357212953876349,4.476584022038567
2024-06-17,0.22338461538461538,0.10184615384615385,14.578248934802597,0.04830769230769231,27.0,331,3250.0,4112,-1.719147110904601,6.36010829053641,1.2156801804802952,3775.25,-0.08949011446409989,0.04357212953876349,4.476584022038567
2024-06-18,0.22338461538461538,0.10184615384615385,14.577643698795852,0.04830769230769231,27.0,331,3250.0,4113,-1.7188065219212045,6.36010829053641,1.2142424576590485,3770.25,-0.08949011446409989,0.04357212953876349,4.476584022038567
2024-06-19,0.22338461538461538,0.10184615384615385,14.577050226568078,0.04830769230769231,27.0,331,3250.0,4114,-1.7184661699999515,6.36010829053641,1.2138436377720179,3770.25,-0.08949011446409989,0.04357212953876349,4.476584022038567
2024-06-20,0.22338461538461538,0.10184615384615385,14.576468459062013,0.04830769230769231,27.0,331,3250.0,4115,-1.718038920271497,6.36010829053641,1.2111615042529364,3759.25,-0.08949011446409989,0.04357212953876349,4.476584022038567
2024-06-21,0.22338461538461538,0.10184615384615385,14.575898337595865,0.04830769230769231,27.0,331,3250.0,4116,-1.7177922791643607,6.36010829053641,1.2155374538329502,3782.25,-0.08949011446409989,0.04357212953876349,4.476584022038567
2024-06-24,0.22338461538461538,0.10184615384615385,14.575339803860327,0.04830769230769231,27.0,331,3250.0,4119,-1.7181433496213592,6.36010829053641,1.2325180366803792,3866.0,-0.08949011446409989,0.04357212953876349,4.476584022038567
2024-06-25,0.22338461538461538,0.10184615384615385,14.574792799915643,0.04830769230769231,27.0,331,3250.0,4120,-1.7185577181713103,6.36010829053641,1.2341389759510928,3875.75,-0.08949011446409989,0.04357212953876349,4.476584022038567
2024-06-26,0.22338461538461538,0.10184615384615385,14.57425726818868,0.04830769230769231,27.0,331,3250.0,4121,-1.7186857512278404,6.36010829053641,1.2249213416393858,3833.25,-0.08949011446409989,0.04357212953876349,4.476584022038567
2024-06-27,0.22338461538461538,0.10184615384615385,14.573733151470032,0.04830769230769231,27.0,331,3250.0,4122,-1.7188450985176078,6.36010829053641,1.22545462259494,3837.75,-0.08949011446409989,0.04357212953876349,4.476584022038567
2024-06-28,0.22338461538461538,0.10184615384615385,14.573220392911157,0.04830769230769231,27.0,331,3250.0,4123,-1.7193664573771243,6.36010829053641,1.2364584428623933,3892.75,-0.08949011446409989,0.04357212953876349,4.476584022038567
2024-07-01,0.22338461538461538,0.10184615384615385,14.572718936021555,0.04830769230769231,27.0,331,3250.0,4126,-1.719619685027015,6.36010829053641,1.2275054782078747,3851.5,-0.08949011446409989,0.04357212953876349,4.476584022038567
2024-07-02,0.22338461538461538,0.10184615384615385,14.572228724665921,0.04830769230769231,27.0,331,3250.0,4127,-1.7196782881387418,6.36010829053641,1.2213024374125603,3823.5,-0.08949011446409989,0.04357212953876349,4.476584022038567
2024-07-03,0.22338461538461538,0.10184615384615385,14.571749703061407,0.04830769230769231,27.0,331,3250.0,4128,-1.719736851476235,6.36010829053641,1.2209039723089172,3823.5,-0.08949011446409989,0.04357212953876349,4.476584022038567
2024-07-04,0.22338461538461538,0.10184615384615385,14.571281815774821,0.04830769230769231,27.0,331,3250.0,4129,-1.7197953750799686,6.36010829053641,1.220505770858132,3823.5,-0.08949011446409989,0.04357212953876349,4.476584022038567
2024-07-05,0.22338461538461538,0.10184615384615385,14.570825007719932,0.04830769230769231,27.0,331,3250.0,4130,-1.7199156701855125,6.36010829053641,1.2219201774523794,3832.25,-0.08949011446409989,0.04357212953876349,4.476584022038567
2024-07-08,0.22338461538461538,0.10184615384615385,14.570379224154733,0.04830769230769231,27.0,331,3250.0,4133,-1.7197282057389096,6.36010829053641,1.2127729037696258,3790.0,-0.08949011446409989,0.04357212953876349,4.476584022038567
2024-07-09,0.22338461538461538,0.10184615384615385,14.569944410678781,0.04830769230769231,27.0,331,3250.0,4134,-1.7194026958719453,6.36010829053641,1.2086502199048026,3772.0,-0.08949011446409989,0.04357212953876349,4.476584022038567
2024-07-10,0.22338461538461538,0.10184615384615385,14.569520513230536,0.04830769230769231,27.0,331,3250.0,4135,-1.7189007841875352,6.36010829053641,1.20364960583077,3749.75,-0.08949011446409989,0.04357212953876349,4.476584022038567
2024-07-11,0.22338461538461538,0.10184615384615385,14.569107478084716,0.04830769230769231,27.0,331,3250.0,4136,-1.7184873297210583,6.36010829053641,1.2055323681099495,3760.75,-0.08949011446409989,0.04357212953876349,4.476584022038567
2024-07-12,0.22338461538461538,0.10184615384615385,14.568705251849723,0.04830769230769231,27.0,331,3250.0,4137,-1.718999078292336,6.36010829053641,1.2321920199619945,3891.5,-0.08949011446409989,0.04357212953876349,4.476584022038567
2024-07-15,0.22338461538461538,0.10184615384615385,14.568313781465022,0.04830769230769231,27.0,331,3250.0,4140,-1.7197082457908683,6.36010829053641,1.2386193906900858,3924.5,-0.08949011446409989,0.04357212953876349,4.476584022038567
2024-07-16,0.22338461538461538,0.10184615384615385,14.56793301419862,0.04830769230769231,27.0,331,3250.0,4141,-1.7202790757410702,6.36010829053641,1.2334102809900482,3901.25,-0.08949011446409989,0.04357212953876349,4.476584022038567
2024-07-17,0.22338461538461538,0.10184615384615385,14.567562897644502,0.04830769230769231,27.0,331,3250.0,4142,-1.721207499226619,6.36010829053641,1.246090106280177,3964.5,-0.08949011446409989,0.04357212953876349,4.476584022038567
2024-07-18,0.22338461538461538,0.10184615384615385,14.567203379720144,0.04830769230769231,27.0,331,3250.0,4143,-1.7217758022226461,6.36010829053641,1.232560527242148,3901.0,-0.08949011446409989,0.04357212953876349,4.476584022038567
2024-07-19,0.22338461538461538,0.10184615384615385,14.566854408664009,0.04830769230769231,27.0,331,3250.0,4144,-1.7226484781219713,6.36010829053641,1.2431685111632427,3954.25,-0.08949011446409989,0.04357212953876349,4.476584022038567
2024-07-22,0.22338461538461538,0.10184615384615385,14.566515933033084,0.04830769230769231,27.0,331,3250.0,4147,-1.723508321960568,6.36010829053641,1.2423028959923443,3952.0,-0.08949011446409989,0.04357212953876349,4.476584022038567
2024-07-23,0.22338461538461538,0.10184615384615385,14.566187901700463,0.04830769230769231,27.0,331,3250.0,4148,-1.724693689685042,6.36010829053641,1.2554873222917358,4017.75,-0.08949011446409989,0.04357212953876349,4.476584022038567
2024-07-24,0.22338461538461538,0.10184615384615385,14.565870263852897,0.04830769230769231,27.0,331,3250.0,4149,-1.7259213606049164,6.36010829053641,1.2570985406089072,4027.5,-0.08949011446409989,0.04357212953876349,4.476584022038567
2024-07-25,0.22338461538461538,0.10184615384615385,14.565562968988406,0.04830769230769231,27.0,331,3250.0,4150,-1.7277993502154778,6.36010829053641,1.3029574347004464,4251.5,-0.08949011446409989,0.04357212953876349,4.476584022038567
2024-07-26,0.22338461538461538,0.10184615384615385,14.56526596691392,0.04830769230769231,27.0,331,3250.0,4151,-1.7296881704949976,6.36010829053641,1.3048164837112577,4262.5,-0.08949011446409989,0.04357212953876349,4.476584022038567
2024-07-29,0.22338461538461538,0.10184615384615385,14.564979207742903,0.04830769230769231,27.0,331,3250.0,4154,-1.731603349219125,6.36010829053641,1.3102359682073967,4290.75,-0.08949011446409989,0.04357212953876349,4.476584022038567
2024-07-30,0.22338461538461538,0.10184615384615385,14.564702641893051,0.04830769230769231,27.0,331,3250.0,4155,-1.7335010605599983,6.36010829053641,1.3070877804945216,4277.5,-0.08949011446409989,0.04357212953876349,4.476584022038567
2024-07-31,0.22338461538461538,0.10184615384615385,14.56443622008395,0.04830769230769231,27.0,331,3250.0,4156,-1.7353037303802494,6.36010829053641,1.2938811452000845,4215.5,-0.08949011446409989,0.04357212953876349,4.476584022038567
2024-08-01,0.22338461538461538,0.10184615384615385,14.564179893334813,0.04830769230769231,27.0,331,3250.0,4157,-1.7370183707261797,6.36010829053641,1.285270523820142,4175.75,-0.08949011446409989,0.04357212953876349,4.476584022038567
2024-08-02,0.22338461538461538,0.10184615384615385,14.563933612962197,0.04830769230769231,27.0,331,3250.0,4158,-1.7387301729109388,6.36010829053641,1.2848628081631792,4175.75,-0.08949011446409989,0.04357212953876349,4.476584022038567
2024-08-05,0.22338461538461538,0.10184615384615385,14.563697330577764,0.04830769230769231,27.0,331,3250.0,4161,-1.7403645772925085,6.36010829053641,1.278474742055292,4146.75,-0.08949011446409989,0.04357212953876349,4.476584022038567
2024-08-06,0.22338461538461538,0.10184615384615385,14.563470998086052,0.04830769230769231,27.0,331,3250.0,4162,-1.7422754087041952,6.36010829053641,1.3138935297401702,4320.5,-0.08949011446409989,0.04357212953876349,4.476584022038567
2024-08-07,0.22338461538461538,0.10184615384615385,14.563254567682273,0.04830769230769231,27.0,331,3250.0,4163,-1.7441421532298986,6.36010829053641,1.3377022631513937,4438.0,-0.08949011446409989,0.04357212953876349,4.476584022038567
2024-08-08,0.22338461538461538,0.10184615384615385,14.563047991850112,0.04830769230769231,27.0,331,3250.0,4164,-1.7460487925501658,6.36010829053641,1.3218269170817543,4363.0,-0.08949011446409989,0.04357212953876349,4.476584022038567
2024-08-09,0.22338461538461538,0.10184615384615385,14.562851223359582,0.04830769230769231,27.0,331,3250.0,4165,-1.7479487637862465,6.36010829053641,1.3227004302847811,4369.25,-0.08949011446409989,0.04357212953876349,4.476584022038567
2024-08-12,0.22338461538461538,0.10184615384615385,14.562664215264862,0.04830769230769231,27.0,331,3250.0,4168,-1.7498436344147261,6.36010829053641,1.3158995957055182,4338.25,-0.08949011446409989,0.04357212953876349,4.476584022038567
2024-08-13,0.22338461538461538,0.10184615384615385,14.562486920902177,0.04830769230769231,27.0,331,3250.0,4169,-1.7517171256063906,6.36010829053641,1.3077113386945391,4300.5,-0.08949011446409989,0.04357212953876349,4.476584022038567
2024-08-14,0.22338461538461538,0.10184615384615385,14.562319293887679,0.04830769230769231,27.0,331,3250.0,4170,-1.7535411158617964,6.36010829053641,1.2978276200841363,4254.5,-0.08949011446409989,0.04357212953876349,4.476584022038567
2024-08-15,0.22338461538461538,0.10184615384615385,14.562161288115371,0.04830769230769231,27.0,331,3250.0,4171,-1.7553553889016318,6.36010829053641,1.29649243532824,4250.0,-0.08949011446409989,0.04357212953876349,4.476584022038567
2024-08-16,0.22338461538461538,0.10184615384615385,14.562012857755033,0.04830769230769231,27.0,331,3250.0,4172,-1.7571632122349516,6.36010829053641,1.295672510226356,4248.0,-0.08949011446409989,0.04357212953876349,4.476584022038567
2024-08-19,0.22338461538461538,0.10184615384615385,14.561873957250164,0.04830769230769231,27.0,331,3250.0,4175,-1.7588153133381224,6.36010829053641,1.278645978912509,4167.25,-0.08949011446409989,0.04357212953876349,4.476584022038567
2024-08-20,0.22673329169269207,0.10337289194253592,14.56197484232983,0.06402248594628357,27.0,331,3202.0,4176,-1.760427502797792,6.36010829053641,1.2646197278404787,4131.25,-0.08949011446409989,0.04357212953876349,4.410468319559229
2024-08-21,0.22673329169269207,0.10337289194253592,14.56208418171282,0.06402248594628357,27.0,331,3202.0,4177,-1.7619392037014778,6.36010829053641,1.2556319019961362,4089.5,-0.08949011446409989,0.04357212953876349,4.410468319559229
2024-08-22,0.22497675859931826,0.10257204834211342,14.562083488212453,0.05577936163619461,27.0,331,3227.0,4178,-1.763461562650357,6.36010829053641,1.2623245977591233,4108.25,-0.08949011446409989,0.04357212953876349,4.4449035812672175
2024-08-23,0.22497675859931826,0.10257204834211342,14.56209167143144,0.05577936163619461,27.0,331,3227.0,4179,-1.7650265945773935,6.36010829053641,1.2653696550039053,4125.0,-0.08949011446409989,0.04357212953876349,4.4449035812672175
2024-08-26,0.22195047386120453,0.10119229593396514,14.561895839753653,0.041577499235707735,27.0,331,3271.0,4182,-1.7666130344465234,6.36010829053641,1.2774388716235265,4158.0,-0.08949011446409989,0.04357212953876349,4.505509641873278
2024-08-27,0.22195047386120453,0.10119229593396514,14.561709723259268,0.041577499235707735,27.0,331,3271.0,4183,-1.768189278953559,6.36010829053641,1.2764696332434913,4155.25,-0.08949011446409989,0.04357212953876349,4.505509641873278
2024-08-28,0.22195047386120453,0.10119229593396514,14.56153327560386,0.041577499235707735,27.0,331,3271.0,4184,-1.769836599777365,6.36010829053641,1.2816147390410957,4182.25,-0.08949011446409989,0.04357212953876349,4.505509641873278
2024-08-29,0.22195047386120453,0.10119229593396514,14.561366450720397,0.041577499235707735,27.0,331,3271.0,4185,-1.771504795017373,6.36010829053641,1.2831621809016152,4191.75,-0.08949011446409989,0.04357212953876349,4.505509641873278
2024-08-30,0.22195047386120453,0.10119229593396514,14.56120920281717,0.041577499235707735,27.0,331,3271.0,4186,-1.7730504959036295,6.36010829053641,1.2736162300926335,4147.25,-0.08949011446409989,0.04357212953876349,4.505509641873278
2024-09-02,0.22195047386120453,0.10119229593396514,14.561061486375763,0.041577499235707735,27.0,331,3271.0,4189,-1.7745940708674268,6.36010829053641,1.2732137483347117,4147.25,-0.08949011446409989,0.04357212953876349,4.505509641873278
2024-09-03,0.22195047386120453,0.10119229593396514,14.560923256149023,0.041577499235707735,27.0,331,3271.0,4190,-1.7762031600779162,6.36010829053641,1.2777396574210462,4171.25,-0.08949011446409989,0.04357212953876349,4.505509641873278
2024-09-04,0.22195047386120453,0.10119229593396514,14.560794467159027,0.041577499235707735,27.0,331,3271.0,4191,-1.7778300066141286,6.36010829053641,1.2789277316008876,4179.0,-0.08949011446409989,0.04357212953876349,4.505509641873278
2024-09-05,0.22195047386120453,0.10119229593396514,14.560675074695123,0.041577499235707735,27.0,331,3271.0,4192,-1.779434926911576,6.36010829053641,1.2769852806127344,4171.5,-0.08949011446409989,0.04357212953876349,4.505509641873278
2024-09-06,0.22195047386120453,0.10119229593396514,14.560565034311928,0.041577499235707735,27.0,331,3271.0,4193,-1.7811613067924597,6.36010829053641,1.2877668891307845,4226.0,-0.08949011446409989,0.04357212953876349,4.505509641873278
2024-09-09,0.22195047386120453,0.10119229593396514,14.560464301827373,0.041577499235707735,27.0,331,3271.0,4196,-1.7827935760913087,6.36010829053641,1.278796526659336,4184.25,-0.08949011446409989,0.04357212953876349,4.505509641873278
2024-09-10,0.22195047386120453,0.10119229593396514,14.560372833320786,0.041577499235707735,27.0,331,3271.0,4197,-1.7844239301196414,6.36010829053641,1.2784453225227073,4184.5,-0.08949011446409989,0.04357212953876349,4.505509641873278
2024-09-11,0.22195047386120453,0.10119229593396514,14.56029058513094,0.041577499235707735,27.0,331,3271.0,4198,-1.7859073411266193,6.36010829053641,1.2674298768170194,4132.75,-0.08949011446409989,0.04357212953876349,4.505509641873278
2024-09-12,0.22195047386120453,0.10119229593396514,14.560217513854154,0.041577499235707735,27.0,331,3271.0,4199,-1.787366569350093,6.36010829053641,1.265594764541043,4125.75,-0.08949011446409989,0.04357212953876349,4.505509641873278
2024-09-13,0.22195047386120453,0.10119229593396514,14.560153576342431,0.041577499235707735,27.0,331,3271.0,4200,-1.7888406649196342,6.36010829053641,1.266271773014298,4131.0,-0.08949011446409989,0.04357212953876349,4.505509641873278
2024-09-16,0.22195047386120453,0.10119229593396514,14.560098729701547,0.041577499235707735,27.0,331,3271.0,4203,-1.7902574544667849,6.36010829053641,1.2623882363591998,4114.0,-0.08949011446409989,0.04357212953876349,4.505509641873278
2024-09-17,0.21371798645863999,0.09743891669119811,14.559428005172686,0.0029437739181630853,27.0,331,3397.0,4204,-1.7916733052588765,6.36010829053641,1.2974931148086886,4208.5,-0.08949011446409989,0.04357212953876349,4.679063360881543
2024-09-18,0.21371798645863999,0.09743891669119811,14.55876910052545,0.0029437739181630853,27.0,331,3397.0,4205,-1.7936162367459472,6.36010829053641,1.331808970952068,4378.0,-0.08949011446409989,0.04357212953876349,4.679063360881543
2024-09-19,0.21371798645863999,0.09743891669119811,14.558121956667883,0.0029437739181630853,27.0,331,3397.0,4206,-1.7956009781005344,6.36010829053641,1.3365635486670107,4403.25,-0.08949011446409989,0.04357212953876349,4.679063360881543
2024-09-20,0.21575037147102527,0.09836552748885587,14.557649173935296,0.012481426448737,27.0,331,3365.0,4207,-1.7975412231607808,6.36010829053641,1.3271382349642988,4379.25,-0.08949011446409989,0.04357212953876349,4.634986225895317
2024-09-23,0.21536636013052507,0.09819044793829725,14.557157114805989,0.010679323642835954,27.0,331,3371.0,4210,-1.7994851177015427,6.36010829053641,1.3284116511377901,4383.75,-0.08949011446409989,0.04357212953876349,4.643250688705234
2024-09-24,0.21536636013052507,0.09819044793829725,14.556676030018462,0.010679323642835954,27.0,331,3371.0,4211,-1.8013932622070818,6.36010829053641,1.3238511699949913,4363.5,-0.08949011446409989,0.04357212953876349,4.643250688705234
2024-09-25,0.21246707638279191,0.09686859818554287,14.555971632357558,0.0,27.0,331,3417.0,4212,-1.8033474757156713,6.36010829053641,1.33637095263534,4398.0,-0.08949011446409989,0.04357212953876349,4.706611570247934
2024-09-26,0.21246707638279191,0.09686859818554287,14.55527919287629,0.0,27.0,331,3417.0,4213,-1.8053039168383036,6.36010829053641,1.3365664686363645,4401.0,-0.08949011446409989,0.04357212953876349,4.706611570247934
2024-09-27,0.21600714073192503,0.09848259446593276,14.554881510763469,0.016661707825052066,27.0,331,3361.0,4214,-1.8071938890421244,6.36010829053641,1.3204139377655633,4359.0,-0.08949011446409989,0.04357212953876349,4.629476584022038
2024-09-30,0.18857142857142858,0.08597402597402598,14.551675681893661,0.0,27.0,331,3850.0,4217,-1.809341938172362,6.36010829053641,1.457347062286071,4725.75,-0.08949011446409989,0.04357212953876349,5.303030303030303
2024-10-01,0.19956019791094007,0.09098405717427158,14.549811666368019,0.058273776800439804,27.0,331,3638.0,4218,-1.8114525357023905,6.36010829053641,1.3973628760714478,4566.75,-0.08949011446409989,0.04357212953876349,5.011019283746556
2024-10-02,0.19956019791094007,0.09098405717427158,14.547965544031147,0.058273776800439804,27.0,331,3638.0,4219,-1.8136837652454831,6.36010829053641,1.4047439218086333,4605.0,-0.08949011446409989,0.04357212953876349,5.011019283746556
2024-10-03,0.18620159015132084,0.08489356245191075,14.544504608784804,0.0,27.0,331,3899.0,4220,-1.8160075054915064,6.36010829053641,1.4775322250833596,4800.75,-0.08949011446409989,0.04357212953876349,5.370523415977962
2024-10-04,0.18620159015132084,0.08489356245191075,14.541071178015045,0.0,27.0,331,3899.0,4221,-1.8181615563147628,6.36010829053641,1.4703214438858956,4767.75,-0.08949011446409989,0.04357212953876349,5.370523415977962
2024-10-07,0.18620159015132084,0.08489356245191075,14.537665075175859,0.0,27.0,331,3899.0,4224,-1.8202743308880607,6.36010829053641,1.4683752632372422,4760.5,-0.08949011446409989,0.04357212953876349,5.370523415977962
2024-10-08,0.18620159015132084,0.08489356245191075,14.534286125205528,0.0,27.0,331,3899.0,4225,-1.8223330190498503,6.36010829053641,1.46597033393781,4751.0,-0.08949011446409989,0.04357212953876349,5.370523415977962
2024-10-09,0.18620159015132084,0.08489356245191075,14.530934154510913,0.0,27.0,331,3899.0,4226,-1.8242584311017225,6.36010829053641,1.4607580807662581,4727.75,-0.08949011446409989,0.04357212953876349,5.370523415977962
2024-10-10,0.18351870576339738,0.08367037411526795,14.52722855394609,0.0,27.0,331,3956.0,4227,-1.8261491137012933,6.36010829053641,1.476260097072542,4770.5,-0.08949011446409989,0.04357212953876349,5.449035812672176
2024-10-11,0.18351870576339738,0.08367037411526795,14.523552086434291,0.0,27.0,331,3956.0,4228,-1.8282124129844488,6.36010829053641,1.4817643549731978,4799.75,-0.08949011446409989,0.04357212953876349,5.449035812672176
2024-10-14,0.18351870576339738,0.08367037411526795,14.519904561263537,0.0,27.0,331,3956.0,4231,-1.830344237870578,6.36010829053641,1.483847410612979,4812.25,-0.08949011446409989,0.04357212953876349,5.449035812672176
2024-10-15,0.18351870576339738,0.08367037411526795,14.516285789359696,0.0,27.0,331,3956.0,4232,-1.832215885140846,6.36010829053641,1.4744501340066294,4768.5,-0.08949011446409989,0.04357212953876349,5.449035812672176
2024-10-16,0.18351870576339738,0.08367037411526795,14.51269558326881,0.0,27.0,331,3956.0,4233,-1.8340916689678872,6.36010829053641,1.4741875915615967,4769.5,-0.08949011446409989,0.04357212953876349,5.449035812672176
2024-10-17,0.18351870576339738,0.08367037411526795,14.509133757139606,0.0,27.0,331,3956.0,4234,-1.836076968891746,6.36010829053641,1.4774952372281849,4788.0,-0.08949011446409989,0.04357212953876349,5.449035812672176
2024-10-18,0.18351870576339738,0.08367037411526795,14.505600126706272,0.0,27.0,331,3956.0,4235,-1.8380761370308878,6.36010829053641,1.4775893240969995,4790.75,-0.08949011446409989,0.04357212953876349,5.449035812672176
2024-10-21,0.18351870576339738,0.08367037411526795,14.502094509271423,0.0,27.0,331,3956.0,4238,-1.8398231647395424,6.36010829053641,1.4688131719365298,4750.0,-0.08949011446409989,0.04357212953876349,5.449035812672176
2024-10-22,0.1850624522049452,0.08437420341575325,14.498832461540578,0.008411929645679326,27.0,331,3923.0,4239,-1.8415927966415921,6.36010829053641,1.4591322310154495,4725.25,-0.08949011446409989,0.04357212953876349,5.403581267217631
2024-10-23,0.1850624522049452,0.08437420341575325,14.495596667598864,0.008411929645679326,27.0,331,3923.0,4240,-1.843129918581319,6.36010829053641,1.4513332156594152,4689.25,-0.08949011446409989,0.04357212953876349,5.403581267217631
2024-10-24,0.1850624522049452,0.08437420341575325,14.492386961217875,0.008411929645679326,27.0,331,3923.0,4241,-1.8447395249417158,6.36010829053641,1.453166588311572,4700.5,-0.08949011446409989,0.04357212953876349,5.403581267217631
2024-10-25,0.1850624522049452,0.08437420341575325,14.489203177545878,0.008411929645679326,27.0,331,3923.0,4242,-1.8465101126640453,6.36010829053641,1.4579536819612176,4726.25,-0.08949011446409989,0.04357212953876349,5.403581267217631
2024-10-28,0.1850624522049452,0.08437420341575325,14.48604515309349,0.008411929645679326,27.0,331,3923.0,4245,-1.8484263598246935,6.36010829053641,1.4625352255375001,4751.0,-0.08949011446409989,0.04357212953876349,5.403581267217631
2024-10-29,0.1850624522049452,0.08437420341575325,14.482912725719526,0.008411929645679326,27.0,331,3923.0,4246,-1.8506048274766325,6.36010829053641,1.4719520777221102,4799.5,-0.08949011446409989,0.04357212953876349,5.403581267217631
2024-10-30,0.19140522014236752,0.08726601634590034,14.480605863399623,0.04297389928816241,27.0,331,3793.0,4247,-1.8527781715111362,6.36010829053641,1.4352594843454087,4702.0,-0.08949011446409989,0.04357212953876349,5.2245179063360885
2024-10-31,0.19140522014236752,0.08726601634590034,14.478319420966189,0.04297389928816241,27.0,331,3793.0,4248,-1.8552213304880696,6.36010829053641,1.4499768243993796,4776.5,-0.08949011446409989,0.04357212953876349,5.2245179063360885
2024-11-01,0.19140522014236752,0.08726601634590034,14.476053278967742,0.04297389928816241,27.0,331,3793.0,4249,-1.8576906045883028,6.36010829053641,1.4515598421761309,4786.5,-0.08949011446409989,0.04357212953876349,5.2245179063360885
2024-11-04,0.19140522014236752,0.08726601634590034,14.473807318859528,0.04297389928816241,27.0,331,3793.0,4252,-1.8602289493212778,6.36010829053641,1.456449197517686,4812.75,-0.08949011446409989,0.04357212953876349,5.2245179063360885
2024-11-05,0.19140522014236752,0.08726601634590034,14.47158142299485,0.04297389928816241,27.0,331,3793.0,4253,-1.8627315240488131,6.36010829053641,1.4537069617332707,4801.5,-0.08949011446409989,0.04357212953876349,5.2245179063360885
2024-11-06,0.19140522014236752,0.08726601634590034,14.469375474616555,0.04297389928816241,27.0,331,3793.0,4254,-1.8652351717574807,6.36010829053641,1.4537120799554262,4803.75,-0.08949011446409989,0.04357212953876349,5.2245179063360885
2024-11-07,0.19140522014236752,0.08726601634590034,14.467189357848582,0.04297389928816241,27.0,331,3793.0,4255,-1.8677666642429858,6.36010829053641,1.455801903706796,4816.25,-0.08949011446409989,0.04357212953876349,5.2245179063360885
2024-11-08,0.1896551724137931,0.08646812957157785,14.464817020710633,0.03343782654127482,27.0,331,3828.0,4256,-1.8703265835618945,6.36010829053641,1.4650794904236115,4842.5,-0.08949011446409989,0.04357212953876349,5.2727272727272725
2024-11-11,0.18393716746896377,0.08386116037496832,14.461738701270871,0.002280212819863187,27.0,331,3947.0,4259,-1.8729716468335642,6.36010829053641,1.497694772340182,4931.75,-0.08949011446409989,0.04357212953876349,5.4366391184573
2024-11-12,0.18370445344129555,0.08375506072874495,14.458654066019289,0.0010121457489878543,27.0,331,3952.0,4260,-1.8756146820563326,6.36010829053641,1.498616744013316,4935.5,-0.08949011446409989,0.04357212953876349,5.443526170798898
2024-11-13,0.18876755070202808,0.08606344253770151,14.456241621222118,0.02860114404576183,27.0,331,3846.0,4261,-1.878175156547418,6.36010829053641,1.468711956401285,4856.0,-0.08949011446409989,0.04357212953876349,5.297520661157025
2024-11-14,0.19206349206349208,0.08756613756613757,14.454234286903551,0.04656084656084656,27.0,331,3780.0,4262,-1.8806667134505082,6.36010829053641,1.4499327439084198,4806.5,-0.08949011446409989,0.04357212953876349,5.206611570247934
2024-11-15,0.19206349206349208,0.08756613756613757,14.452245651969557,0.04656084656084656,27.0,331,3780.0,4263,-1.8831186917993432,6.36010829053641,1.4466898243454787,4792.75,-0.08949011446409989,0.04357212953876349,5.206611570247934
2024-11-18,0.19206349206349208,0.08756613756613757,14.450275609856817,0.04656084656084656,27.0,331,3780.0,4266,-1.885614338878141,6.36010829053641,1.4503025075336116,4812.75,-0.08949011446409989,0.04357212953876349,5.206611570247934
2024-11-19,0.19206349206349208,0.08756613756613757,14.448324054787596,0.04656084656084656,27.0,331,3780.0,4267,-1.888059232187592,6.36010829053641,1.4460458051880571,4794.0,-0.08949011446409989,0.04357212953876349,5.206611570247934
2024-11-20,0.19206349206349208,0.08756613756613757,14.44639088176248,0.04656084656084656,27.0,331,3780.0,4268,-1.8901850958424746,6.36010829053641,1.4257535800093932,4696.25,-0.08949011446409989,0.04357212953876349,5.206611570247934
2024-11-21,0.19206349206349208,0.08756613756613757,14.444475986553208,0.04656084656084656,27.0,331,3780.0,4269,-1.8924610098897892,6.36010829053641,1.4339860321347409,4739.0,-0.08949011446409989,0.04357212953876349,5.206611570247934
2024-11-22,0.19206349206349208,0.08756613756613757,14.442579265695542,0.04656084656084656,27.0,331,3780.0,4270,-1.894659285576507,6.36010829053641,1.429177501149293,4717.5,-0.08949011446409989,0.04357212953876349,5.206611570247934
2024-11-25,0.19206349206349208,0.08756613756613757,14.440700616482282,0.04656084656084656,27.0,331,3780.0,4273,-1.8967769864510156,6.36010829053641,1.424523183331751,4696.75,-0.08949011446409989,0.04357212953876349,5.206611570247934
2024-11-26,0.19206349206349208,0.08756613756613757,14.438839936956295,0.04656084656084656,27.0,331,3780.0,4274,-1.8987308526818762,6.36010829053641,1.416169029365589,4657.75,-0.08949011446409989,0.04357212953876349,5.206611570247934
2024-11-27,0.19206349206349208,0.08756613756613757,14.436997125903664,0.04656084656084656,27.0,331,3780.0,4275,-1.9006021564758162,6.36010829053641,1.4121278356446665,4640.0,-0.08949011446409989,0.04357212953876349,5.206611570247934
2024-11-28,0.19206349206349208,0.08756613756613757,14.4351720828469,0.04656084656084656,27.0,331,3780.0,4276,-1.9024711378612436,6.36010829053641,1.4116873273574624,4640.0,-0.08949011446409989,0.04357212953876349,5.206611570247934
2024-11-29,0.19206349206349208,0.08756613756613757,14.433364708038203,0.04656084656084656,27.0,331,3780.0,4277,-1.9043378011588576,6.36010829053641,1.4112470985551946,4640.0,-0.08949011446409989,0.04357212953876349,5.206611570247934
2024-12-02,0.19206349206349208,0.08756613756613757,14.431574902452859,0.04656084656084656,27.0,331,3780.0,4280,-1.9062926382920975,6.36010829053641,1.414911324080413,4660.25,-0.08949011446409989,0.04357212953876349,5.206611570247934
2024-12-03,0.19206349206349208,0.08756613756613757,14.429802567782632,0.04656084656084656,27.0,331,3780.0,4281,-1.9081441497051248,6.36010829053641,1.409911551278458,4637.75,-0.08949011446409989,0.04357212953876349,5.206611570247934
2024-12-04,0.19206349206349208,0.08756613756613757,14.428047606429299,0.04656084656084656,27.0,331,3780.0,4282,-1.9099151380105546,6.36010829053641,1.406129464004243,4621.25,-0.08949011446409989,0.04357212953876349,5.206611570247934
2024-12-05,0.19165786694825765,0.08738120380147835,14.426265954847947,0.044350580781414996,27.0,331,3788.0,4283,-1.9116819845764208,6.36010829053641,1.407900394645739,4627.25,-0.08949011446409989,0.04357212953876349,5.21763085399449
2024-12-06,0.19165786694825765,0.08738120380147835,14.424501723740352,0.044350580781414996,27.0,331,3788.0,4284,-1.9133882297245637,6.36010829053641,1.4050820504209731,4615.5,-0.08949011446409989,0.04357212953876349,5.21763085399449
2024-12-09,0.18496815286624205,0.0843312101910828,14.421976127438757,0.007898089171974522,27.0,331,3925.0,4287,-1.9150189368136343,6.36010829053641,1.4424513684851994,4718.25,-0.08949011446409989,0.04357212953876349,5.40633608815427
2024-12-10,0.1778975741239892,0.08110757167360941,14.418519626272436,0.0,27.0,331,4081.0,4288,-1.9165027390664415,6.36010829053641,1.4850360876386701,4835.25,-0.08949011446409989,0.04357212953876349,5.621212121212121
2024-12-11,0.1778975741239892,0.08110757167360941,14.415090625253484,0.0,27.0,331,4081.0,4289,-1.9181474702126446,6.36010829053641,1.4892758704144942,4858.5,-0.08949011446409989,0.04357212953876349,5.621212121212121
2024-12-12,0.18037267080745342,0.08223602484472049,14.412036997834718,0.01391304347826087,27.0,331,4025.0,4290,-1.9198409367474258,6.36010829053641,1.4733715339372282,4816.5,-0.08949011446409989,0.04357212953876349,5.5440771349862255
2024-12-13,0.18037267080745342,0.08223602484472049,14.409008286185573,0.01391304347826087,27.0,331,4025.0,4291,-1.9216070115842743,6.36010829053641,1.4752879169565005,4828.25,-0.08949011446409989,0.04357212953876349,5.5440771349862255
2024-12-16,0.18037267080745342,0.08223602484472049,14.406004334869566,0.01391304347826087,27.0,331,4025.0,4294,-1.9235519612068308,6.36010829053641,1.4808949738209123,4858.25,-0.08949011446409989,0.04357212953876349,5.5440771349862255
2024-12-17,0.17389221556886228,0.0792814371257485,14.402080545651888,0.0,27.0,331,4175.0,4295,-1.925386254197735,6.36010829053641,1.5217415033425044,4970.75,-0.08949011446409989,0.04357212953876349,5.75068870523416
2024-12-18,0.2957790192427064,0.10273122284295469,14.403034158141015,0.2957790192427064,1.0,331,3222.0,4296,-1.9268752411238026,6.36010829053641,1.2589111969386677,4256.0,-0.08949011446409989,0.04357212953876349,3.3809024134312695
2024-12-19,0.2957790192427064,0.10273122284295469,14.403992769654511,0.2957790192427064,1.0,331,3222.0,4297,-1.9282702289252753,6.36010829053641,1.2823798057454623,4374.0,-0.08949011446409989,0.04357212953876349,3.3809024134312695
2024-12-20,0.2957790192427064,0.10273122284295469,14.404956359225098,0.2957790192427064,1.0,331,3222.0,4298,-1.9294618699292383,6.36010829053641,1.3000791099463072,4463.5,-0.08949011446409989,0.04357212953876349,3.3809024134312695
2024-12-23,0.2957790192427064,0.10273122284295469,14.405924905990828,0.2957790192427064,1.0,331,3222.0,4301,-1.9307442618599555,6.36010829053641,1.2922611417710648,4426.75,-0.08949011446409989,0.04357212953876349,3.3809024134312695
2024-12-24,0.2957790192427064,0.10273122284295469,14.406898389194438,0.2957790192427064,1.0,331,3222.0,4302,-1.9320221815148864,6.36010829053641,1.2918706590802265,4426.75,-0.08949011446409989,0.04357212953876349,3.3809024134312695
2024-12-25,0.2957790192427064,0.10273122284295469,14.407876788182682,0.2957790192427064,1.0,331,3222.0,4303,-1.9332956522484992,6.36010829053641,1.2914804183141828,4426.75,-0.08949011446409989,0.04357212953876349,3.3809024134312695
2024-12-26,0.3586072242108689,0.10771233322486169,14.409368883217855,0.3586072242108689,7.0,331,3073.0,4304,-1.9341114862121271,6.36010829053641,1.2501573479385844,4315.0,-0.08949011446409989,0.04357212953876349,2.788566243194192
2024-12-27,0.3586072242108689,0.10771233322486169,14.410864167920636,0.3586072242108689,7.0,331,3073.0,4305,-1.9351253000969102,6.36010829053641,1.235850873372248,4246.0,-0.08949011446409989,0.04357212953876349,2.788566243194192
2024-12-30,0.3586072242108689,0.10771233322486169,14.41236262958018,0.3586072242108689,7.0,331,3073.0,4308,-1.9359801398317698,6.36010829053641,1.2466309973760548,4301.25,-0.08949011446409989,0.04357212953876349,2.788566243194192
2024-12-31,0.3586072242108689,0.10771233322486169,14.413864255543496,0.3586072242108689,7.0,331,3073.0,4309,-1.9364842476324076,6.36010829053641,1.2645713304077175,4392.0,-0.08949011446409989,0.04357212953876349,2.788566243194192
2025-01-01,0.3586072242108689,0.10771233322486169,14.415369033215152,0.3586072242108689,7.0,331,3073.0,4310,-1.9369860548611384,6.36010829053641,1.2641933654024857,4392.0,-0.08949011446409989,0.04357212953876349,2.788566243194192
2025-01-02,0.3586072242108689,0.10771233322486169,14.416876950056926,0.3586072242108689,7.0,331,3073.0,4311,-1.9375228536893465,6.36010829053641,1.2621008857996956,4383.5,-0.08949011446409989,0.04357212953876349,2.788566243194192
2025-01-03,0.3586072242108689,0.10771233322486169,14.41838799358751,0.3586072242108689,7.0,331,3073.0,4312,-1.9379863782500497,6.36010829053641,1.2649508385858281,4399.5,-0.08949011446409989,0.04357212953876349,2.788566243194192
2025-01-06,0.3586072242108689,0.10771233322486169,14.419902151382182,0.3586072242108689,7.0,331,3073.0,4315,-1.9385692799220327,6.36010829053641,1.2589269649019428,4371.5,-0.08949011446409989,0.04357212953876349,2.788566243194192
2025-01-07,0.3586072242108689,0.10771233322486169,14.421419411072502,0.3586072242108689,7.0,331,3073.0,4316,-1.9392498512427851,6.36010829053641,1.2534600351302148,4346.25,-0.08949011446409989,0.04357212953876349,2.788566243194192
2025-01-08,0.3586072242108689,0.10771233322486169,14.422939760346006,0.3586072242108689,7.0,331,3073.0,4317,-1.939990106458066,6.36010829053641,1.2496583598501516,4329.25,-0.08949011446409989,0.04357212953876349,2.788566243194192
2025-01-09,0.3586072242108689,0.10771233322486169,14.424463186945877,0.3586072242108689,7.0,331,3073.0,4318,-1.9407274909846493,6.36010829053641,1.2492843340342845,4329.25,-0.08949011446409989,0.04357212953876349,2.788566243194192
2025-01-10,0.3586072242108689,0.10771233322486169,14.425989678670664,0.3586072242108689,7.0,331,3073.0,4319,-1.9415228657336228,6.36010829053641,1.245334072264374,4311.5,-0.08949011446409989,0.04357212953876349,2.788566243194192
2025-01-13,0.3586072242108689,0.10771233322486169,14.427519223373967,0.3586072242108689,7.0,331,3073.0,4322,-1.9424807321598627,6.36010829053641,1.2335289138486445,4254.75,-0.08949011446409989,0.04357212953876349,2.788566243194192
2025-01-14,0.3586072242108689,0.10771233322486169,14.429051808964122,0.3586072242108689,7.0,331,3073.0,4323,-1.9435962858913969,6.36010829053641,1.2166933430385758,4173.0,-0.08949011446409989,0.04357212953876349,2.788566243194192
2025-01-15,0.3586072242108689,0.10771233322486169,14.430587423403928,0.3586072242108689,7.0,331,3073.0,4324,-1.9446357809526196,6.36010829053641,1.2249854530392295,4216.0,-0.08949011446409989,0.04357212953876349,2.788566243194192
2025-01-16,0.3586072242108689,0.10771233322486169,14.432126054710318,0.3586072242108689,7.0,331,3073.0,4325,-1.9454670591315166,6.36010829053641,1.2408241318266904,4296.5,-0.08949011446409989,0.04357212953876349,2.788566243194192
2025-01-17,0.3586072242108689,0.10771233322486169,14.433667690954094,0.3586072242108689,7.0,331,3073.0,4326,-1.946280524900801,6.36010829053641,1.2414089284979353,4301.25,-0.08949011446409989,0.04357212953876349,2.788566243194192
2025-01-20,0.3586072242108689,0.10771233322486169,14.435212320259602,0.3586072242108689,7.0,331,3073.0,4329,-1.9470910831485035,6.36010829053641,1.2410376416577087,4301.25,-0.08949011446409989,0.04357212953876349,2.788566243194192
2025-01-21,0.3586072242108689,0.10771233322486169,14.436759930804465,0.3586072242108689,7.0,331,3073.0,4330,-1.947808480276981,6.36010829053641,1.2460991783224402,4328.25,-0.08949011446409989,0.04357212953876349,2.788566243194192
2025-01-22,0.3586072242108689,0.10771233322486169,14.438310510819274,0.3586072242108689,7.0,331,3073.0,4331,-1.9484612725633774,6.36010829053641,1.2491470893171344,4345.25,-0.08949011446409989,0.04357212953876349,2.788566243194192
2025-01-23,0.32671212570412095,0.09813222650459531,14.438804008255826,0.2377705306848503,7.0,331,3373.0,4332,-1.9499984740121552,6.36010829053641,1.3306207654626816,4570.25,-0.08949011446409989,0.04357212953876349,3.060798548094374
2025-01-24,0.31253545093590474,0.09387407827566648,14.438664237255063,0.18406125921724334,7.0,331,3526.0,4333,-1.9518927795801089,6.36010829053641,1.371947404875215,4685.0,-0.08949011446409989,0.04357212953876349,3.1996370235934664
2025-01-27,0.31253545093590474,0.09387407827566648,14.438533659433112,0.18406125921724334,7.0,331,3526.0,4336,-1.9537910712519786,6.36010829053641,1.3563036183374728,4609.25,-0.08949011446409989,0.04357212953876349,3.1996370235934664
2025-01-28,0.31253545093590474,0.09387407827566648,14.438412231669302,0.18406125921724334,7.0,331,3526.0,4337,-1.955688074929835,6.36010829053641,1.3650883208813598,4655.0,-0.08949011446409989,0.04357212953876349,3.1996370235934664
2025-01-29,0.31253545093590474,0.09387407827566648,14.438299911096406,0.18406125921724334,7.0,331,3526.0,4338,-1.9575336196235442,6.36010829053641,1.3779893569806254,4721.25,-0.08949011446409989,0.04357212953876349,3.1996370235934664
2025-01-30,0.31253545093590474,0.09387407827566648,14.438196655098771,0.18406125921724334,7.0,331,3526.0,4339,-1.9592651919845363,6.36010829053641,1.3910359913667387,4788.25,-0.08949011446409989,0.04357212953876349,3.1996370235934664
2025-01-31,0.31253545093590474,0.09387407827566648,14.4381024213105,0.18406125921724334,7.0,331,3526.0,4340,-1.9610091941085817,6.36010829053641,1.3887098557743072,4778.75,-0.08949011446409989,0.04357212953876349,3.1996370235934664
2025-02-03,0.31253545093590474,0.09387407827566648,14.43801716761362,0.18406125921724334,7.0,331,3526.0,4343,-1.9626177221464067,6.36010829053641,1.3994395739993206,4834.25,-0.08949011446409989,0.04357212953876349,3.1996370235934664
2025-02-04,0.31253545093590474,0.09387407827566648,14.437940852136274,0.18406125921724334,7.0,331,3526.0,4344,-1.964318260561951,6.36010829053641,1.3908377629111355,4793.5,-0.08949011446409989,0.04357212953876349,3.1996370235934664
2025-02-05,0.31253545093590474,0.09387407827566648,14.437873433250951,0.18406125921724334,7.0,331,3526.0,4345,-1.9660632024868077,6.36010829053641,1.3852509381008657,4767.75,-0.08949011446409989,0.04357212953876349,3.1996370235934664
2025-02-06,0.28690445196563397,0.08617547513668315,14.43631257769529,0.08695652173913043,7.0,331,3841.0,4346,-1.9685298845846264,6.36010829053641,1.4704774224244315,5004.0,-0.08949011446409989,0.04357212953876349,3.485480943738657
2025-02-07,0.28690445196563397,0.08617547513668315,14.434767716063872,0.08695652173913043,7.0,331,3841.0,4347,-1.9709855490885995,6.36010829053641,1.4681258196735611,4994.5,-0.08949011446409989,0.04357212953876349,3.485480943738657
2025-02-10,0.28690445196563397,0.08617547513668315,14.433238761657801,0.08695652173913043,7.0,331,3841.0,4350,-1.9734406439967673,6.36010829053641,1.4718948397989111,5015.5,-0.08949011446409989,0.04357212953876349,3.485480943738657
2025-02-11,0.28690445196563397,0.08617547513668315,14.431725628383035,0.08695652173913043,7.0,331,3841.0,4351,-1.9758891199165813,6.36010829053641,1.4744086829342595,5030.25,-0.08949011446409989,0.04357212953876349,3.485480943738657
2025-02-12,0.28690445196563397,0.08617547513668315,14.43022823074515,0.08695652173913043,7.0,331,3841.0,4352,-1.9783289444844598,6.36010829053641,1.4756681042073805,5038.75,-0.08949011446409989,0.04357212953876349,3.485480943738657
2025-02-13,0.28690445196563397,0.08617547513668315,14.428746483844064,0.08695652173913043,7.0,331,3841.0,4353,-1.9807604785175281,6.36010829053641,1.4694075657803538,5009.75,-0.08949011446409989,0.04357212953876349,3.485480943738657
2025-02-14,0.28690445196563397,0.08617547513668315,14.427280303368896,0.08695652173913043,7.0,331,3841.0,4354,-1.9831840095428925,6.36010829053641,1.468261903141632,5006.25,-0.08949011446409989,0.04357212953876349,3.485480943738657
2025-02-17,0.28690445196563397,0.08617547513668315,14.425829605592831,0.08695652173913043,7.0,331,3841.0,4357,-1.9856004327639172,6.36010829053641,1.4678183391636406,5006.25,-0.08949011446409989,0.04357212953876349,3.485480943738657
2025-02-18,0.2665054413542926,0.08004836759371221,14.422770332820855,0.009673518742442563,7.0,331,4135.0,4358,-1.988463447245637,6.36010829053641,1.547088249740728,5226.75,-0.08949011446409989,0.04357212953876349,3.752268602540835
2025-02-19,0.2622560685387911,0.07877201332698715,14.419332867620545,0.0,7.0,331,4202.0,4359,-1.991392207785068,6.36010829053641,1.5647775501361667,5277.0,-0.08949011446409989,0.04357212953876349,3.8130671506352085
2025-02-20,0.25217391304347825,0.07574370709382151,14.41486048880375,0.0,7.0,331,4370.0,4360,-1.9944460825830974,6.36010829053641,1.6098203353294644,5403.0,-0.08949011446409989,0.04357212953876349,3.9655172413793105
2025-02-21,0.25217391304347825,0.07574370709382151,14.410422214439862,0.0,7.0,331,4370.0,4361,-1.9976049322636495,6.36010829053641,1.6155373620629856,5434.0,-0.08949011446409989,0.04357212953876349,3.9655172413793105
2025-02-24,0.25217391304347825,0.07574370709382151,14.406017809028798,0.0,7.0,331,4370.0,4364,-2.00103800826297,6.36010829053641,1.6364704697288976,5541.0,-0.08949011446409989,0.04357212953876349,3.9655172413793105
2025-02-25,0.25217391304347825,0.07574370709382151,14.401647039214135,0.0,7.0,331,4370.0,4365,-2.004563427902914,6.36010829053641,1.6509388477637357,5615.75,-0.08949011446409989,0.04357212953876349,3.9655172413793105
2025-02-26,0.25217391304347825,0.07574370709382151,14.397309673758517,0.0,7.0,331,4370.0,4366,-2.0080063519463733,6.36010829053641,1.63908048529237,5559.0,-0.08949011446409989,0.04357212953876349,3.9655172413793105
2025-02-27,0.25217391304347825,0.07574370709382151,14.39300548351943,0.0,7.0,331,4370.0,4367,-2.011529939939119,6.36010829053641,1.6580954983246357,5656.5,-0.08949011446409989,0.04357212953876349,3.9655172413793105
2025-02-28,0.25217391304347825,0.07574370709382151,14.388734241425277,0.0,7.0,331,4370.0,4368,-2.014829110818038,6.36010829053641,1.6259825622014266,5498.5,-0.08949011446409989,0.04357212953876349,3.9655172413793105
2025-03-03,0.25217391304347825,0.07574370709382151,14.384495722451813,0.0,7.0,331,4370.0,4371,-2.0178850699856348,6.36010829053641,1.609535712395522,5418.75,-0.08949011446409989,0.04357212953876349,3.9655172413793105
2025-03-04,0.25217391304347825,0.07574370709382151,14.380289703598883,0.0,7.0,331,4370.0,4372,-2.021370706869835,6.36010829053641,1.6652455491514568,5699.75,-0.08949011446409989,0.04357212953876349,3.9655172413793105
2025-03-05,0.25217391304347825,0.07574370709382151,14.376115963867493,0.0,7.0,331,4370.0,4373,-2.0248242965854604,6.36010829053641,1.670543292109824,5728.75,-0.08949011446409989,0.04357212953876349,3.9655172413793105
2025-03-06,0.25217391304347825,0.07574370709382151,14.37197428423719,0.0,7.0,331,4370.0,4374,-2.0282374367090927,6.36010829053641,1.675089324270292,5754.0,-0.08949011446409989,0.04357212953876349,3.9655172413793105
2025-03-07,0.25217391304347825,0.07574370709382151,14.36786444764375,0.0,7.0,331,4370.0,4375,-2.031635923969452,6.36010829053641,1.6742368846126745,5752.25,-0.08949011446409989,0.04357212953876349,3.9655172413793105
2025-03-10,0.25217391304347825,0.07574370709382151,14.36378623895718,0.0,7.0,331,4370.0,4378,-2.035035477454723,6.36010829053641,1.6703373310306024,5735.25,-0.08949011446409989,0.04357212953876349,3.9655172413793105
2025-03-11,0.25217391304347825,0.07574370709382151,14.359739444959994,0.0,7.0,331,4370.0,4379,-2.038056844565448,6.36010829053641,1.7042516307222189,5907.5,-0.08949011446409989,0.04357212953876349,3.9655172413793105
2025-03-12,0.25217391304347825,0.07574370709382151,14.355723854325822,0.0,7.0,331,4370.0,4380,-2.0409978279281376,6.36010829053641,1.7072895235848016,5925.25,-0.08949011446409989,0.04357212953876349,3.9655172413793105
2025-03-13,0.25217391304347825,0.07574370709382151,14.351739257598277,0.0,7.0,331,4370.0,4381,-2.04387635442069,6.36010829053641,1.7091279875905363,5937.0,-0.08949011446409989,0.04357212953876349,3.9655172413793105
2025-03-14,0.25217391304347825,0.07574370709382151,14.347785447170114,0.0,7.0,331,4370.0,4382,-2.0468313636664113,6.36010829053641,1.7031283641478647,5909.5,-0.08949011446409989,0.04357212953876349,3.9655172413793105
2025-03-17,0.25217391304347825,0.07574370709382151,14.343862217262696,0.0,7.0,331,4370.0,4385,-2.049421730810549,6.36010829053641,1.7201897376548523,5997.5,-0.08949011446409989,0.04357212953876349,3.9655172413793105
2025-03-18,0.25217391304347825,0.07574370709382151,14.339969363905682,0.0,7.0,331,4370.0,4386,-2.0519602323675166,6.36010829053641,1.7210767421429085,6004.5,-0.08949011446409989,0.04357212953876349,3.9655172413793105
2025-03-19,0.25217391304347825,0.07574370709382151,14.336106684917052,0.0,7.0,331,4370.0,4387,-2.0545143544249305,6.36010829053641,1.7190199748173671,5996.75,-0.08949011446409989,0.04357212953876349,3.9655172413793105
2025-03-20,0.25217391304347825,0.07574370709382151,14.332273979883338,0.0,7.0,331,4370.0,4388,-2.05725657779829,6.36010829053641,1.7085842462937437,5947.0,-0.08949011446409989,0.04357212953876349,3.9655172413793105
2025-03-21,0.25217391304347825,0.07574370709382151,14.32847105014018,0.0,7.0,331,4370.0,4389,-2.0602966795013735,6.36010829053641,1.6881787200218208,5847.25,-0.08949011446409989,0.04357212953876349,3.9655172413793105
2025-03-24,0.25217391304347825,0.07574370709382151,14.324697698753086,0.0,7.0,331,4370.0,4392,-2.0632981443830416,6.36010829053641,1.6893211281284573,5855.5,-0.08949011446409989,0.04357212953876349,3.9655172413793105
2025-03-25,0.25217391304347825,0.07574370709382151,14.320953730498466,0.0,7.0,331,4370.0,4393,-2.066393550278457,6.36010829053641,1.6792468356561927,5807.5,-0.08949011446409989,0.04357212953876349,3.9655172413793105
2025-03-26,0.25217391304347825,0.07574370709382151,14.317238951844946,0.0,7.0,331,4370.0,4394,-2.0695379657903716,6.36010829053641,1.6713696483454283,5770.5,-0.08949011446409989,0.04357212953876349,3.9655172413793105
2025-03-27,0.25217391304347825,0.07574370709382151,14.313553170934888,0.0,7.0,331,4370.0,4395,-2.0724038559879445,6.36010829053641,1.6937428666102132,5885.25,-0.08949011446409989,0.04357212953876349,3.9655172413793105
2025-03-28,0.25217391304347825,0.07574370709382151,14.309896197566186,0.0,7.0,331,4370.0,4396,-2.075234415000647,6.36010829053641,1.6943854717731226,5891.0,-0.08949011446409989,0.04357212953876349,3.9655172413793105
2025-03-31,0.25217391304347825,0.07574370709382151,14.30626784317425,0.0,7.0,331,4370.0,4399,-2.0782539608569484,6.36010829053641,1.6782417139503876,5812.5,-0.08949011446409989,0.04357212953876349,3.9655172413793105
2025-04-01,0.25217391304347825,0.07574370709382151,14.302667920814319,0.0,7.0,331,4370.0,4400,-2.0814219048971614,6.36010829053641,1.651098517162657,5678.75,-0.08949011446409989,0.04357212953876349,3.9655172413793105
2025-04-02,0.25217391304347825,0.07574370709382151,14.299096245143904,0.0,7.0,331,4370.0,4401,-2.0845729132558533,6.36010829053641,1.6379574742823144,5615.25,-0.08949011446409989,0.04357212953876349,3.9655172413793105
2025-04-03,0.25217391304347825,0.07574370709382151,14.295552632405533,0.0,7.0,331,4370.0,4402,-2.0877197837700967,6.36010829053641,1.6483681657622202,5670.0,-0.08949011446409989,0.04357212953876349,3.9655172413793105
2025-04-04,0.25217391304347825,0.07574370709382151,14.292036900409675,0.0,7.0,331,4370.0,4403,-2.0905694423429266,6.36010829053641,1.6853525594091718,5858.25,-0.08949011446409989,0.04357212953876349,3.9655172413793105
2025-04-07,0.25217391304347825,0.07574370709382151,14.288548868517923,0.0,7.0,331,4370.0,4406,-2.093639086737904,6.36010829053641,1.6611658857945795,5739.25,-0.08949011446409989,0.04357212953876349,3.9655172413793105
2025-04-08,0.25217391304347825,0.07574370709382151,14.285088357626375,0.0,7.0,331,4370.0,4407,-2.096641792207721,6.36010829053641,1.667983968341267,5776.0,-0.08949011446409989,0.04357212953876349,3.9655172413793105
2025-04-09,0.25217391304347825,0.07574370709382151,14.281655190149216,0.0,7.0,331,4370.0,4408,-2.099735831123931,6.36010829053641,1.6467453238081,5671.75,-0.08949011446409989,0.04357212953876349,3.9655172413793105
2025-04-10,0.25217391304347825,0.07574370709382151,14.278249190002557,0.0,7.0,331,4370.0,4409,-2.102788749506659,6.36010829053641,1.6271066400169245,5575.5,-0.08949011446409989,0.04357212953876349,3.9655172413793105
2025-04-11,0.25217391304347825,0.07574370709382151,14.274870182588437,0.0,7.0,331,4370.0,4410,-2.105851723817684,6.36010829053641,1.6315908285861949,5600.5,-0.08949011446409989,0.04357212953876349,3.9655172413793105
2025-04-14,0.25217391304347825,0.07574370709382151,14.271517994779051,0.0,7.0,331,4370.0,4413,-2.10890311858091,6.36010829053641,1.6492469312505236,5691.75,-0.08949011446409989,0.04357212953876349,3.9655172413793105
2025-04-15,0.25217391304347825,0.07574370709382151,14.268192454901182,0.0,7.0,331,4370.0,4414,-2.1119374823390302,6.36010829053641,1.6501963165504279,5699.0,-0.08949011446409989,0.04357212953876349,3.9655172413793105
2025-04-16,0.25217391304347825,0.07574370709382151,14.264893392720825,0.0,7.0,331,4370.0,4415,-2.1147653706506673,6.36010829053641,1.6027455079710613,5462.75,-0.08949011446409989,0.04357212953876349,3.9655172413793105
2025-04-17,0.25217391304347825,0.07574370709382151,14.261620639428017,0.0,7.0,331,4370.0,4416,-2.1175882847711023,6.36010829053641,1.6023625500442178,5463.25,-0.08949011446409989,0.04357212953876349,3.9655172413793105
2025-04-18,0.25217391304347825,0.07574370709382151,14.258374027621846,0.0,7.0,331,4370.0,4417,-2.120405043262603,6.36010829053641,1.6018805037575827,5463.25,-0.08949011446409989,0.04357212953876349,3.9655172413793105
2025-04-21,0.25217391304347825,0.07574370709382151,14.255153391295664,0.0,7.0,331,4370.0,4420,-2.1227489089980005,6.36010829053641,1.5732898929031083,5321.75,-0.08949011446409989,0.04357212953876349,3.9655172413793105
2025-04-22,0.25217391304347825,0.07574370709382151,14.25195856582249,0.0,7.0,331,4370.0,4421,-2.1245284846865307,6.36010829053641,1.5504704245707535,5209.25,-0.08949011446409989,0.04357212953876349,3.9655172413793105
2025-04-23,0.25217391304347825,0.07574370709382151,14.248789387940565,0.0,7.0,331,4370.0,4422,-2.1261754317686337,6.36010829053641,1.5455810912301955,5187.0,-0.08949011446409989,0.04357212953876349,3.9655172413793105
2025-04-24,0.25217391304347825,0.07574370709382151,14.245645695739153,0.0,7.0,331,4370.0,4423,-2.127262249328008,6.36010829053641,1.528285623097936,5102.25,-0.08949011446409989,0.04357212953876349,3.9655172413793105
2025-04-25,0.25217391304347825,0.07574370709382151,14.242527328644456,0.0,7.0,331,4370.0,4424,-2.127985564185113,6.36010829053641,1.5181924397671653,5053.75,-0.08949011446409989,0.04357212953876349,3.9655172413793105
2025-04-28,0.25217391304347825,0.07574370709382151,14.239434127405733,0.0,7.0,331,4370.0,4427,-2.128563823605889,6.36010829053641,1.514106540771985,5035.5,-0.08949011446409989,0.04357212953876349,3.9655172413793105
2025-04-29,0.25217391304347825,0.07574370709382151,14.23636593408161,0.0,7.0,331,4370.0,4428,-2.129133653496824,6.36010829053641,1.5134449851707994,5034.5,-0.08949011446409989,0.04357212953876349,3.9655172413793105
2025-04-30,0.25217391304347825,0.07574370709382151,14.233322592026534,0.0,7.0,331,4370.0,4429,-2.1280843353747256,6.36010829053641,1.478167647289696,4859.0,-0.08949011446409989,0.04357212953876349,3.9655172413793105
2025-05-01,0.25217391304347825,0.07574370709382151,14.230303945877413,0.0,7.0,331,4370.0,4430,-2.128450593539571,6.36010829053641,1.5076108712094864,5009.75,-0.08949011446409989,0.04357212953876349,3.9655172413793105
2025-05-02,0.25217391304347825,0.07574370709382151,14.227309841540398,0.0,7.0,331,4370.0,4431,-2.1291409521776297,6.36010829053641,1.5150813866196071,5049.75,-0.08949011446409989,0.04357212953876349,3.9655172413793105
2025-05-05,0.25217391304347825,0.07574370709382151,14.224340126177886,0.0,7.0,331,4370.0,4434,-2.130126352884359,6.36010829053641,1.5223507870242967,5088.75,-0.08949011446409989,0.04357212953876349,3.9655172413793105
2025-05-06,0.25217391304347825,0.07574370709382151,14.221394648195606,0.0,7.0,331,4370.0,4435,-2.1316044455196543,6.36010829053641,1.5362080918200838,5161.0,-0.08949011446409989,0.04357212953876349,3.9655172413793105
2025-05-07,0.25217391304347825,0.07574370709382151,14.218473257229931,0.0,7.0,331,4370.0,4436,-2.13179464894762,6.36010829053641,1.501704873697796,4989.25,-0.08949011446409989,0.04357212953876349,3.9655172413793105
2025-05-08,0.25217391304347825,0.07574370709382151,14.215575804135314,0.0,7.0,331,4370.0,4437,-2.133251775399385,6.36010829053641,1.5346812517540172,5158.0,-0.08949011446409989,0.04357212953876349,3.9655172413793105
2025-05-09,0.25217391304347825,0.07574370709382151,14.21270214097188,0.0,7.0,331,4370.0,4438,-2.1348506976862582,6.36010829053641,1.5387718457834747,5181.0,-0.08949011446409989,0.04357212953876349,3.9655172413793105
2025-05-12,0.25217391304347825,0.07574370709382151,14.209852120993196,0.0,7.0,331,4370.0,4441,-2.1359611967282977,6.36010829053641,1.523599681507107,5106.75,-0.08949011446409989,0.04357212953876349,3.9655172413793105
2025-05-13,0.25217391304347825,0.07574370709382151,14.207025598634141,0.0,7.0,331,4370.0,4442,-2.137419461658465,6.36010829053641,1.5334336277939171,5158.75,-0.08949011446409989,0.04357212953876349,3.9655172413793105
2025-05-14,0.25217391304347825,0.07574370709382151,14.204222429499,0.0,7.0,331,4370.0,4443,-2.1386544993897605,6.36010829053641,1.5262869456184598,5125.0,-0.08949011446409989,0.04357212953876349,3.9655172413793105
2025-05-15,0.23337568826768318,0.07009741634900465,14.199401703419856,0.0,7.0,331,4722.0,4444,-2.1393144751472897,6.36010829053641,1.6192710145198597,5389.0,-0.08949011446409989,0.04357212953876349,4.284936479128857
2025-05-16,0.23337568826768318,0.07009741634900465,14.19461792755899,0.0,7.0,331,4722.0,4445,-2.139896330537117,6.36010829053641,1.617094441240234,5380.5,-0.08949011446409989,0.04357212953876349,4.284936479128857
2025-05-19,0.23337568826768318,0.07009741634900465,14.189870837467303,0.0,7.0,331,4722.0,4448,-2.1398266670147064,6.36010829053641,1.6032449171235827,5313.0,-0.08949011446409989,0.04357212953876349,4.284936479128857
2025-05-20,0.22066479775730877,0.06627953544253104,14.183397521025151,0.0,7.0,331,4994.0,4449,-2.138975555168453,6.36010829053641,1.6748904903207573,5517.0,-0.08949011446409989,0.04357212953876349,4.531760435571688
2025-05-21,0.22066479775730877,0.06627953544253104,14.17697432483964,0.0,7.0,331,4994.0,4450,-2.137455747630896,6.36010829053641,1.6635469933971356,5462.25,-0.08949011446409989,0.04357212953876349,4.531760435571688
2025-05-22,0.22066479775730877,0.06627953544253104,14.170600848509883,0.0,7.0,331,4994.0,4451,-2.137519382864645,6.36010829053641,1.689829217362321,5597.75,-0.08949011446409989,0.04357212953876349,4.531760435571688
2025-05-23,0.22066479775730877,0.06627953544253104,14.164276695886961,0.0,7.0,331,4994.0,4452,-2.1380131375368157,6.36010829053641,1.697417890228769,5638.75,-0.08949011446409989,0.04357212953876349,4.531760435571688
2025-05-26,0.22066479775730877,0.06627953544253104,14.158001475016913,0.0,7.0,331,4994.0,4455,-2.1385065750655645,6.36010829053641,1.696899309704258,5638.75,-0.08949011446409989,0.04357212953876349,4.531760435571688
2025-05-27,0.22066479775730877,0.06627953544253104,14.151774798084633,0.0,7.0,331,4994.0,4456,-2.138676741444527,6.36010829053641,1.6902545669372495,5607.75,-0.08949011446409989,0.04357212953876349,4.531760435571688
2025-05-28,0.2359743040685225,0.07087794432548179,14.147623180275962,0.06937901498929336,7.0,331,4670.0,4457,-2.1395647887040683,6.36010829053641,1.603983784760594,5364.75,-0.08949011446409989,0.04357212953876349,4.237749546279492
2025-05-29,0.2277800744109136,0.0684167011161637,14.142487173915491,0.03224472922695329,7.0,331,4838.0,4458,-2.140111600473597,6.36010829053641,1.6479462979307762,5490.75,-0.08949011446409989,0.04357212953876349,4.390199637023594
2025-05-30,0.23068871676784594,0.06929034959179402,14.137765970367107,0.04542599958132719,7.0,331,4777.0,4459,-2.1407895474082212,6.36010829053641,1.6313098400207604,5445.0,-0.08949011446409989,0.04357212953876349,4.334845735027224
2025-06-02,0.23068871676784594,0.06929034959179402,14.13308112080309,0.04542599958132719,7.0,331,4777.0,4462,-2.1413929870973933,6.36010829053641,1.6292335420703479,5437.0,-0.08949011446409989,0.04357212953876349,4.334845735027224
2025-06-03,0.23068871676784594,0.06929034959179402,14.128432365822256,0.04542599958132719,7.0,331,4777.0,4463,-2.1421090493934076,6.36010829053641,1.6311561990237329,5449.25,-0.08949011446409989,0.04357212953876349,4.334845735027224
2025-06-04,0.23068871676784594,0.06929034959179402,14.123819448466675,0.04542599958132719,7.0,331,4777.0,4464,-2.1431124118700655,6.36010829053641,1.637026094065702,5481.5,-0.08949011446409989,0.04357212953876349,4.334845735027224
2025-06-05,0.22773300268650548,0.06840256251291589,14.118866139115116,0.032031411448646414,7.0,331,4839.0,4465,-2.1439962486361663,6.36010829053641,1.6529057958775604,5528.0,-0.08949011446409989,0.04357212953876349,4.391107078039927
2025-06-06,0.22773300268650548,0.06840256251291589,14.113950960979988,0.032031411448646414,7.0,331,4839.0,4466,-2.14498326859805,6.36010829053641,1.6546727279293059,5539.5,-0.08949011446409989,0.04357212953876349,4.391107078039927
2025-06-09,0.22773300268650548,0.06840256251291589,14.109073637172388,0.032031411448646414,7.0,331,4839.0,4469,-2.1462722580259834,6.36010829053641,1.6610257766135599,5574.25,-0.08949011446409989,0.04357212953876349,4.391107078039927
2025-06-10,0.22773300268650548,0.06840256251291589,14.104233893460375,0.032031411448646414,7.0,331,4839.0,4470,-2.1476087742211702,6.36010829053641,1.6616565082271313,5580.0,-0.08949011446409989,0.04357212953876349,4.391107078039927
2025-06-11,0.2204,0.0662,14.098428741117477,0.0,7.0,331,5000.0,4471,-2.148647454516237,6.36010829053641,1.7036229251578123,5700.75,-0.08949011446409989,0.04357212953876349,4.537205081669692
2025-06-12,0.2204,0.0662,14.092668439644326,0.0,7.0,331,5000.0,4472,-2.1496404582275916,6.36010829053641,1.7021692016804648,5696.0,-0.08949011446409989,0.04357212953876349,4.537205081669692
2025-06-13,0.2204,0.0662,14.086952643670626,0.0,7.0,331,5000.0,4473,-2.1504108727618445,6.36010829053641,1.6971186879321603,5673.0,-0.08949011446409989,0.04357212953876349,4.537205081669692
2025-06-16,0.2204,0.0662,14.081281011352969,0.0,7.0,331,5000.0,4476,-2.1510622096592296,6.36010829053641,1.6942381931030384,5661.0,-0.08949011446409989,0.04357212953876349,4.537205081669692
2025-06-17,0.2265625,0.06805098684210527,14.076490386137964,0.027960526315789474,7.0,331,4864.0,4477,-2.152002674044259,6.36010829053641,1.6578964069292077,5559.0,-0.08949011446409989,0.04357212953876349,4.413793103448276
2025-06-18,0.22101885278780586,0.06638588046530285,14.070990482562909,0.002807862013638187,7.0,331,4986.0,4478,-2.152684907347566,6.36010829053641,1.6895222317553433,5650.5,-0.08949011446409989,0.04357212953876349,4.524500907441016
2025-06-19,0.22101885278780586,0.06638588046530285,14.06553306292447,0.002807862013638187,7.0,331,4986.0,4479,-2.1533666955453397,6.36010829053641,1.6890093805396889,5650.5,-0.08949011446409989,0.04357212953876349,4.524500907441016
2025-06-20,0.22101885278780586,0.06638588046530285,14.06011780600522,0.002807862013638187,7.0,331,4986.0,4480,-2.1537051072160263,6.36010829053641,1.6818012943719955,5616.5,-0.08949011446409989,0.04357212953876349,4.524500907441016
2025-06-23,0.22101885278780586,0.06638588046530285,14.054744393804707,0.002807862013638187,7.0,331,4986.0,4483,-2.1538923534588825,6.36010829053641,1.6784354974045927,5602.0,-0.08949011446409989,0.04357212953876349,4.524500907441016
2025-06-24,0.22101885278780586,0.06638588046530285,14.049412511498783,0.002807862013638187,7.0,331,4986.0,4484,-2.154204570881944,6.36010829053641,1.6802876732197423,5614.0,-0.08949011446409989,0.04357212953876349,4.524500907441016
2025-06-25,0.22101885278780586,0.06638588046530285,14.044121847399586,0.002807862013638187,7.0,331,4986.0,4485,-2.154269879073966,6.36010829053641,1.675152418461375,5590.5,-0.08949011446409989,0.04357212953876349,4.524500907441016
2025-06-26,0.22101885278780586,0.06638588046530285,14.038872092916153,0.002807862013638187,7.0,331,4986.0,4486,-2.154324485946824,6.36010829053641,1.6744466874306614,5589.5,-0.08949011446409989,0.04357212953876349,4.524500907441016
2025-06-27,0.20894956389836936,0.0627607129313614,14.031819111078612,0.0,7.0,331,5274.0,4487,-2.153515863546686,6.36010829053641,1.749604782690924,5805.5,-0.08949011446409989,0.04357212953876349,4.785843920145191
2025-06-30,0.20894956389836936,0.0627607129313614,14.02482179510736,0.0,7.0,331,5274.0,4490,-2.152569076072701,6.36010829053641,1.746907611619645,5794.5,-0.08949011446409989,0.04357212953876349,4.785843920145191
2025-07-01,0.21406371406371405,0.0642968142968143,14.018701483575214,0.024475524475524476,7.0,331,5148.0,4491,-2.152033887591492,6.36010829053641,1.7132927268848528,5700.0,-0.08949011446409989,0.04357212953876349,4.671506352087114
2025-07-02,0.21406371406371405,0.0642968142968143,14.012628856653688,0.024475524475524476,7.0,331,5148.0,4492,-2.1512228237873954,6.36010829053641,1.708249091016259,5677.0,-0.08949011446409989,0.04357212953876349,4.671506352087114
2025-07-03,0.21406371406371405,0.0642968142968143,14.006603537600704,0.024475524475524476,7.0,331,5148.0,4493,-2.1504122897412836,6.36010829053641,1.7077288819402214,5677.0,-0.08949011446409989,0.04357212953876349,4.671506352087114
2025-07-04,0.21406371406371405,0.0642968142968143,14.000625153625952,0.024475524475524476,7.0,331,5148.0,4494,-2.1496022849342884,6.36010829053641,1.7072089921829248,5677.0,-0.08949011446409989,0.04357212953876349,4.671506352087114
2025-07-07,0.20863309352517986,0.0626656569481257,13.993832534952908,0.0,7.0,331,5282.0,4497,-2.148335022265159,6.36010829053641,1.7418251511635845,5777.5,-0.08949011446409989,0.04357212953876349,4.793103448275862
2025-07-08,0.20863309352517986,0.0626656569481257,13.987093433216966,0.0,7.0,331,5282.0,4498,-2.1470099205215485,6.36010829053641,1.7404101216998478,5773.0,-0.08949011446409989,0.04357212953876349,4.793103448275862
2025-07-09,0.20863309352517986,0.0626656569481257,13.980407406838534,0.0,7.0,331,5282.0,4499,-2.1454549247261627,6.36010829053641,1.736442239724873,5755.5,-0.08949011446409989,0.04357212953876349,4.793103448275862
2025-07-10,0.20863309352517986,0.0626656569481257,13.973774019086152,0.0,7.0,331,5282.0,4500,-2.144115415297257,6.36010829053641,1.7391040775088298,5771.75,-0.08949011446409989,0.04357212953876349,4.793103448275862
2025-07-11,0.20863309352517986,0.0626656569481257,13.96719283800926,0.0,7.0,331,5282.0,4501,-2.1430549004987656,6.36010829053641,1.7427958137840154,5793.25,-0.08949011446409989,0.04357212953876349,4.793103448275862
